0 0.4000000059604645 0.9722222089767456 0.39791667461395264 0.9722222089767456 0.3968749940395355 0.970370352268219 0.3958333432674408 0.9722222089767456 0.3947916626930237 0.9722222089767456 0.39375001192092896 0.9740740656852722 0.3916666805744171 0.9740740656852722 0.3916666805744171 0.9759259223937988 0.39270833134651184 0.9777777791023254 0.39270833134651184 0.979629635810852 0.39375001192092896 0.9814814925193787 0.39375001192092896 0.9870370626449585 0.39270833134651184 0.9888888597488403 0.3916666805744171 0.9870370626449585 0.390625 0.9870370626449585 0.390625 0.9888888597488403 0.38854166865348816 0.9925925731658936 0.38854166865348816 0.9944444298744202 0.3864583373069763 0.9981481432914734 0.39791667461395264 0.9981481432914734 0.39791667461395264 0.9962962865829468 0.39895832538604736 0.9944444298744202 0.39895832538604736 0.9907407164573669 0.39791667461395264 0.9888888597488403 0.39791667461395264 0.9870370626449585 0.3968749940395355 0.9851852059364319 0.3968749940395355 0.9833333492279053 0.39791667461395264 0.9814814925193787 0.39791667461395264 0.9777777791023254 0.39895832538604736 0.9759259223937988 0.39895832538604736 0.9740740656852722
0 0.21562500298023224 0.9314814805984497 0.2135416716337204 0.9314814805984497 0.21250000596046448 0.9333333373069763 0.20937499403953552 0.9333333373069763 0.20520833134651184 0.9370370507240295 0.20208333432674408 0.9370370507240295 0.19895833730697632 0.9407407641410828 0.19583334028720856 0.9407407641410828 0.19479165971279144 0.9425926208496094 0.19166666269302368 0.9425926208496094 0.19062499701976776 0.9444444179534912 0.18541666865348816 0.9462962746620178 0.18020834028720856 0.9518518447875977 0.17812499403953552 0.9518518447875977 0.17499999701976776 0.9555555582046509 0.16979166865348816 0.9574074149131775 0.16458334028720856 0.9629629850387573 0.16249999403953552 0.9629629850387573 0.15000000596046448 0.9740740656852722 0.14479166269302368 0.9740740656852722 0.140625 0.9777777791023254 0.13750000298023224 0.9777777791023254 0.13124999403953552 0.9833333492279053 0.12604166567325592 0.9851852059364319 0.11666666716337204 0.9944444298744202 0.11354167014360428 0.9944444298744202 0.11041666567325592 0.9981481432914734 0.10729166865348816 0.9981481432914734 0.18020834028720856 0.9981481432914734 0.20208333432674408 0.9592592716217041 0.20208333432674408 0.9574074149131775 0.2135416716337204 0.9370370507240295 0.2135416716337204 0.9351851940155029
0 0.6239583492279053 0.6129629611968994 0.6947916746139526 0.6277777552604675 0.7270833253860474 0.6555555462837219 0.7354166507720947 0.6759259104728699 0.734375 0.6833333373069763 0.737500011920929 0.6888889074325562 0.734375 0.699999988079071 0.7489583492279053 0.7129629850387573 0.7833333611488342 0.7277777791023254 0.8333333134651184 0.7666666507720947 0.8458333611488342 0.7648147940635681 0.8968750238418579 0.7833333611488342 0.9135416746139526 0.7740740776062012 0.9197916388511658 0.779629647731781 0.9229166507720947 0.7722222208976746 0.9208333492279053 0.7685185074806213 0.953125 0.7574074268341064 0.9697916507720947 0.7592592835426331 0.96875 0.7518518567085266 0.9989583492279053 0.7555555701255798 0.9979166388511658 0.6037036776542664 0.6312500238418579 0.5722222328186035 0.6572916507720947 0.5944444537162781 0.675000011920929 0.6018518805503845 0.6499999761581421 0.6129629611968994
0 0.9781249761581421 0.37962964177131653 0.9833333492279053 0.37962964177131653 0.984375 0.38148146867752075 0.9927083253860474 0.38148146867752075 0.9937499761581421 0.38333332538604736 0.9989583492279053 0.38333332538604736 0.9989583492279053 0.37962964177131653
0 0.5395833253860474 0.40740740299224854 0.4854166805744171 0.40740740299224854 0.48750001192092896 0.4000000059604645 0.53125 0.39629629254341125 0.46666666865348816 0.39259257912635803 0.4697916805744171 0.4000000059604645 0.46145832538604736 0.39629629254341125 0.45625001192092896 0.40925925970077515 0.4427083432674408 0.39259257912635803 0.33125001192092896 0.37037035822868347 0.11874999850988388 0.38333332538604736 0.27395832538604736 0.38333332538604736 0.2958333194255829 0.39444443583488464 0.18125000596046448 0.39444443583488464 0.10520832985639572 0.41296297311782837 0.13229165971279144 0.41111111640930176 0.12395833432674408 0.4166666567325592 0.17916665971279144 0.5037037134170532 0.3531250059604645 0.5222222208976746 0.3552083373069763 0.5111111402511597 0.3854166567325592 0.5018518567085266 0.40312498807907104 0.4722222089767456 0.53125 0.4611110985279083 0.4427083432674408 0.4481481611728668 0.4427083432674408 0.4574074149131775 0.43437498807907104 0.4611110985279083 0.4166666567325592 0.4574074149131775 0.43541666865348816 0.44999998807907104 0.4281249940395355 0.43703705072402954 0.44479167461395264 0.4333333373069763 0.45625001192092896 0.4148148000240326
0 0.20208333432674408 0.35370370745658875 0.20104166865348816 0.35370370745658875 0.20000000298023224 0.35185185074806213 0.1927083283662796 0.35185185074806213 0.19166666269302368 0.35370370745658875 0.19062499701976776 0.35185185074806213 0.18645833432674408 0.35185185074806213 0.18541666865348816 0.35370370745658875 0.1614583283662796 0.35370370745658875 0.16041666269302368 0.35555556416511536 0.15729166567325592 0.35555556416511536 0.15625 0.35740742087364197 0.14270833134651184 0.35740742087364197 0.14166666567325592 0.3592592477798462 0.12916666269302368 0.3592592477798462 0.12812499701976776 0.3611111044883728 0.11666666716337204 0.3611111044883728 0.12812499701976776 0.3611111044883728 0.12916666269302368 0.3629629611968994 0.13854166865348816 0.3629629611968994 0.13958333432674408 0.3611111044883728 0.15312500298023224 0.3611111044883728 0.15416666865348816 0.3592592477798462 0.16354165971279144 0.3592592477798462 0.16458334028720856 0.35740742087364197 0.17604166269302368 0.35740742087364197 0.1770833283662796 0.35555556416511536 0.18437500298023224 0.35555556416511536 0.18541666865348816 0.35370370745658875
0 0.13124999403953552 0.3333333432674408 0.109375 0.3333333432674408 0.10833333432674408 0.3351851999759674 0.07916666567325592 0.3351851999759674 0.078125 0.33703702688217163 0.05833333358168602 0.33703702688217163 0.06875000149011612 0.33703702688217163 0.06979166716337204 0.33888888359069824 0.0833333358168602 0.33888888359069824 0.08437500149011612 0.33703702688217163 0.10104166716337204 0.33703702688217163 0.10208333283662796 0.3351851999759674 0.11666666716337204 0.3351851999759674 0.11770833283662796 0.3333333432674408
1 0.19374999403953552 0.7333333492279053 0.19166666269302368 0.729629635810852 0.19062499701976776 0.7314814925193787 0.18854166567325592 0.7314814925193787 0.18541666865348816 0.7370370626449585 0.18541666865348816 0.7407407164573669 0.19166666269302368 0.7407407164573669 0.19374999403953552 0.7370370626449585
1 0.8104166388511658 0.7148148417472839 0.8104166388511658 0.720370352268219 0.8114583492279053 0.7222222089767456 0.8125 0.7277777791023254 0.8166666626930237 0.7351852059364319 0.8177083134651184 0.7351852059364319 0.8229166865348816 0.7407407164573669 0.824999988079071 0.7407407164573669 0.8260416388511658 0.7425925731658936 0.828125 0.7425925731658936 0.8291666507720947 0.7444444298744202 0.8322916626930237 0.7444444298744202 0.8333333134651184 0.7462962865829468 0.8354166746139526 0.7462962865829468 0.8364583253860474 0.7481481432914734 0.8416666388511658 0.7481481432914734 0.8427083492279053 0.7462962865829468 0.8458333611488342 0.7462962865829468 0.8447916507720947 0.7444444298744202 0.8458333611488342 0.7425925731658936 0.846875011920929 0.7425925731658936 0.8479166626930237 0.7444444298744202 0.8500000238418579 0.7444444298744202 0.8510416746139526 0.7425925731658936 0.8520833253860474 0.7425925731658936 0.8531249761581421 0.7444444298744202 0.8552083373069763 0.7407407164573669 0.856249988079071 0.7425925731658936 0.8614583611488342 0.7425925731658936 0.862500011920929 0.7444444298744202 0.8677083253860474 0.7444444298744202 0.8708333373069763 0.7407407164573669 0.8739583492279053 0.7407407164573669 0.875 0.7388888597488403 0.8927083611488342 0.7388888597488403 0.893750011920929 0.7370370626449585 0.8989583253860474 0.7370370626449585 0.8999999761581421 0.7351852059364319 0.903124988079071 0.7333333492279053 0.8999999761581421 0.7277777791023254 0.8989583253860474 0.7277777791023254 0.8958333134651184 0.7240740656852722 0.893750011920929 0.7240740656852722 0.8927083611488342 0.7222222089767456 0.8895833492279053 0.7222222089767456 0.8885416388511658 0.720370352268219 0.8739583492279053 0.720370352268219 0.8729166388511658 0.7222222089767456 0.8666666746139526 0.7222222089767456 0.8656250238418579 0.7240740656852722 0.8520833253860474 0.7240740656852722 0.8510416746139526 0.7222222089767456 0.8458333611488342 0.7222222089767456 0.8447916507720947 0.720370352268219 0.8416666388511658 0.720370352268219 0.840624988079071 0.7185184955596924 0.8385416865348816 0.7185184955596924 0.8374999761581421 0.7166666388511658 0.8322916626930237 0.7148148417472839 0.8291666507720947 0.7111111283302307 0.8229166865348816 0.7111111283302307 0.8218749761581421 0.7092592716217041 0.8177083134651184 0.7092592716217041 0.8166666626930237 0.7111111283302307 0.8135416507720947 0.7111111283302307
1 0.05000000074505806 0.6481481194496155 0.046875 0.6481481194496155 0.04583333432674408 0.6462963223457336 0.04062499850988388 0.6462963223457336 0.03958333283662796 0.6481481194496155 0.03854166716337204 0.6481481194496155 0.0364583320915699 0.6518518328666687 0.03541666641831398 0.6518518328666687 0.03541666641831398 0.6537036895751953 0.03437500074505806 0.6555555462837219 0.03437500074505806 0.6574074029922485 0.03333333507180214 0.6592592597007751 0.03437500074505806 0.6611111164093018 0.03541666641831398 0.6611111164093018 0.0364583320915699 0.6592592597007751 0.03750000149011612 0.6592592597007751 0.03854166716337204 0.6574074029922485 0.04062499850988388 0.6574074029922485 0.0416666679084301 0.6555555462837219 0.04270833358168602 0.6555555462837219 0.04374999925494194 0.6537036895751953 0.04479166492819786 0.6537036895751953 0.04583333432674408 0.6518518328666687 0.046875 0.6518518328666687 0.04791666567325592 0.6499999761581421 0.04895833507180214 0.6499999761581421
1 0.78125 0.5981481671333313 0.7822916507720947 0.6000000238418579 0.7854166626930237 0.6000000238418579 0.7864583134651184 0.5981481671333313 0.7885416746139526 0.5981481671333313 0.7895833253860474 0.5962963104248047 0.7916666865348816 0.5962963104248047 0.7916666865348816 0.5944444537162781 0.7906249761581421 0.5925925970077515 0.784375011920929 0.5925925970077515 0.7833333611488342 0.5944444537162781 0.7822916507720947 0.5944444537162781 0.78125 0.5962963104248047
1 0.0 0.5018518567085266 0.0031250000465661287 0.5018518567085266 0.004166666883975267 0.5 0.012500000186264515 0.5 0.01354166679084301 0.4981481432914734 0.02187499962747097 0.4981481432914734 0.02291666716337204 0.4962962865829468 0.02500000037252903 0.4962962865829468 0.02604166604578495 0.4981481432914734 0.02812499925494194 0.4981481432914734 0.02916666679084301 0.4962962865829468 0.03020833246409893 0.4981481432914734 0.03229166567325592 0.4962962865829468 0.0416666679084301 0.4962962865829468 0.04270833358168602 0.4981481432914734 0.04479166492819786 0.4962962865829468 0.0625 0.4981481432914734 0.06354166567325592 0.4962962865829468 0.06875000149011612 0.4962962865829468 0.06875000149011612 0.49444442987442017 0.07083333283662796 0.49259260296821594 0.07187499850988388 0.4888888895511627 0.07395832985639572 0.4870370328426361 0.07708333432674408 0.4870370328426361 0.078125 0.4851851761341095 0.08541666716337204 0.4851851761341095 0.08645833283662796 0.4833333194255829 0.10729166865348816 0.4833333194255829 0.10833333432674408 0.48148149251937866 0.11249999701976776 0.48148149251937866 0.11354167014360428 0.4833333194255829 0.1145833358168602 0.48148149251937866 0.11874999850988388 0.48148149251937866 0.1197916641831398 0.47962963581085205 0.12812499701976776 0.47777777910232544 0.12395833432674408 0.4740740656852722 0.11770833283662796 0.4740740656852722 0.11666666716337204 0.4722222089767456 0.1041666641831398 0.4722222089767456 0.09687499701976776 0.46666666865348816 0.07916666567325592 0.46851852536201477 0.078125 0.46666666865348816 0.06979166716337204 0.46666666865348816 0.06875000149011612 0.46481481194496155 0.03541666641831398 0.46296295523643494 0.03437500074505806 0.4611110985279083 0.02604166604578495 0.4611110985279083 0.02500000037252903 0.46296295523643494 0.02395833283662796 0.4611110985279083 0.01979166641831398 0.4611110985279083 0.01875000074505806 0.46296295523643494 0.01666666753590107 0.46296295523643494 0.015625 0.4611110985279083 0.0020833334419876337 0.46296295523643494 0.0 0.4611110985279083
1 0.014583333395421505 0.43703705072402954 0.012500000186264515 0.43703705072402954 0.01145833358168602 0.43888887763023376 0.0 0.43888887763023376 0.0 0.4462963044643402 0.0010416667209938169 0.4444444477558136 0.0031250000465661287 0.4444444477558136 0.004166666883975267 0.442592591047287 0.0062500000931322575 0.442592591047287 0.0072916666977107525 0.4407407343387604 0.010416666977107525 0.4407407343387604 0.012500000186264515 0.43703705072402954
1 0.0 0.4333333373069763 0.0010416667209938169 0.4333333373069763 0.0020833334419876337 0.4314814805984497 0.0052083334885537624 0.4314814805984497 0.0062500000931322575 0.4296296238899231 0.00937500037252903 0.4296296238899231 0.010416666977107525 0.4277777671813965 0.01354166679084301 0.4277777671813965 0.014583333395421505 0.42592594027519226 0.015625 0.42592594027519226 0.014583333395421505 0.42407408356666565 0.012500000186264515 0.42407408356666565 0.01145833358168602 0.42592594027519226 0.0031250000465661287 0.42592594027519226 0.0020833334419876337 0.42407408356666565 0.0 0.42407408356666565
1 0.9989583492279053 0.43703705072402954 0.9125000238418579 0.43703705072402954 0.9395833611488342 0.4277777671813965 0.8979166746139526 0.41111111640930176 0.6666666865348816 0.42222222685813904 0.612500011920929 0.3870370388031006 0.48750001192092896 0.4018518626689911 0.5395833253860474 0.40925925970077515 0.45625001192092896 0.4166666567325592 0.4177083373069763 0.4574074149131775 0.53125 0.46296295523643494 0.40312498807907104 0.4740740656852722 0.3531250059604645 0.5148147940635681 0.35729166865348816 0.5462962985038757 0.23020833730697632 0.5629629492759705 0.18125000596046448 0.6111111044883728 0.07500000298023224 0.6018518805503845 0.0833333358168602 0.6296296119689941 0.0 0.7240740656852722 0.0 0.9425926208496094 0.2645833194255829 0.6222222447395325 0.25208333134651184 0.614814817905426 0.2770833373069763 0.6092592477798462 0.2760416567325592 0.5703703761100769 0.3177083432674408 0.5666666626930237 0.31041666865348816 0.6111111044883728 0.03125 0.9981481432914734 0.10625000298023224 0.9981481432914734 0.2135416716337204 0.9296296238899231 0.18125000596046448 0.9981481432914734 0.3854166567325592 0.9981481432914734 0.3968749940395355 0.9685184955596924 0.39895832538604736 0.9981481432914734 0.9989583492279053 0.9981481432914734 0.9989583492279053 0.7574074268341064 0.8968750238418579 0.7851851582527161 0.8333333134651184 0.7685185074806213 0.734375 0.7018518447875977 0.7083333134651184 0.6388888955116272 0.6229166388511658 0.6129629611968994 0.675000011920929 0.6037036776542664 0.6312500238418579 0.5703703761100769 0.9989583492279053 0.6037036776542664 0.9937499761581421 0.5388888716697693 0.8427083492279053 0.4462963044643402
1 0.29479166865348816 0.39444443583488464 0.28854167461395264 0.3888888955116272 0.28125 0.3888888955116272 0.27395832538604736 0.385185182094574 0.25312501192092896 0.385185182094574 0.25208333134651184 0.3870370388031006 0.2291666716337204 0.385185182094574 0.21875 0.3907407522201538 0.18333333730697632 0.3907407522201538 0.1822916716337204 0.3888888955116272 0.14270833134651184 0.3907407522201538 0.125 0.3870370388031006 0.11874999850988388 0.3907407522201538 0.08020833134651184 0.39444443583488464 0.07187499850988388 0.4000000059604645 0.0677083358168602 0.4000000059604645 0.09270833432674408 0.4000000059604645 0.09791667014360428 0.4018518626689911 0.10000000149011612 0.4055555462837219 0.09062500298023224 0.41296297311782837 0.1041666641831398 0.41296297311782837 0.1458333283662796 0.4037036895751953 0.15833333134651184 0.39814814925193787 0.17395833134651184 0.39629629254341125 0.18125000596046448 0.39259257912635803
1 0.7302083373069763 0.38333332538604736 0.7322916388511658 0.38333332538604736 0.7333333492279053 0.385185182094574 0.7364583611488342 0.385185182094574 0.737500011920929 0.3870370388031006 0.7395833134651184 0.3870370388031006 0.7406250238418579 0.3888888955116272 0.7437499761581421 0.3888888955116272 0.7447916865348816 0.3907407522201538 0.746874988079071 0.3907407522201538 0.7479166388511658 0.39259257912635803 0.75 0.39259257912635803 0.7510416507720947 0.39444443583488464 0.753125011920929 0.39444443583488464 0.7541666626930237 0.39629629254341125 0.7572916746139526 0.39629629254341125 0.7583333253860474 0.39814814925193787 0.7604166865348816 0.39814814925193787 0.7614583373069763 0.4000000059604645 0.7635416388511658 0.4000000059604645 0.762499988079071 0.39814814925193787 0.7635416388511658 0.39629629254341125 0.7645833492279053 0.39629629254341125 0.7614583373069763 0.39629629254341125 0.7604166865348816 0.39444443583488464 0.7604166865348816 0.39259257912635803 0.7583333253860474 0.39259257912635803 0.7572916746139526 0.3907407522201538 0.7520833611488342 0.3907407522201538 0.7510416507720947 0.3888888955116272 0.7447916865348816 0.3888888955116272 0.7437499761581421 0.3870370388031006 0.7395833134651184 0.3870370388031006 0.7385416626930237 0.385185182094574 0.7385416626930237 0.38333332538604736
1 0.6708333492279053 0.37962964177131653 0.6729166507720947 0.37962964177131653 0.6739583611488342 0.38148146867752075 0.6760416626930237 0.38148146867752075 0.6770833134651184 0.38333332538604736 0.6791666746139526 0.38333332538604736 0.6802083253860474 0.385185182094574 0.6822916865348816 0.385185182094574 0.6833333373069763 0.3870370388031006 0.6864583492279053 0.3870370388031006 0.6875 0.3888888955116272 0.6895833611488342 0.3888888955116272 0.690625011920929 0.3907407522201538 0.6979166865348816 0.3907407522201538 0.6989583373069763 0.39259257912635803 0.7010416388511658 0.39259257912635803 0.7020833492279053 0.39444443583488464 0.7041666507720947 0.39444443583488464 0.7052083611488342 0.39629629254341125 0.71875 0.39629629254341125 0.7177083492279053 0.39629629254341125 0.7166666388511658 0.39444443583488464 0.7145833373069763 0.39444443583488464 0.7135416865348816 0.39259257912635803 0.7145833373069763 0.3907407522201538 0.7166666388511658 0.3907407522201538 0.715624988079071 0.3907407522201538 0.7145833373069763 0.3888888955116272 0.7135416865348816 0.3888888955116272 0.7124999761581421 0.3870370388031006 0.7114583253860474 0.3870370388031006 0.7104166746139526 0.385185182094574 0.7093750238418579 0.385185182094574 0.7083333134651184 0.38333332538604736 0.7072916626930237 0.38333332538604736 0.706250011920929 0.38148146867752075 0.7052083611488342 0.38148146867752075 0.7041666507720947 0.38333332538604736 0.703125 0.38333332538604736 0.7020833492279053 0.38148146867752075 0.6937500238418579 0.38148146867752075 0.6927083134651184 0.37962964177131653 0.6916666626930237 0.38148146867752075 0.6875 0.38148146867752075 0.6864583492279053 0.37962964177131653 0.6729166507720947 0.37962964177131653 0.671875 0.3777777850627899
1 0.6989583373069763 0.36666667461395264 0.7020833492279053 0.36666667461395264 0.703125 0.36851853132247925 0.7052083611488342 0.36851853132247925 0.7093750238418579 0.3722222149372101 0.7124999761581421 0.3722222149372101 0.7135416865348816 0.3740740716457367 0.715624988079071 0.3740740716457367 0.7166666388511658 0.3759259283542633 0.71875 0.3759259283542633 0.7229166626930237 0.37962964177131653 0.7260416746139526 0.37962964177131653 0.7270833253860474 0.38148146867752075 0.7291666865348816 0.37962964177131653 0.7416666746139526 0.37962964177131653 0.7427083253860474 0.38148146867752075 0.7447916865348816 0.38148146867752075 0.746874988079071 0.37962964177131653 0.7458333373069763 0.3777777850627899 0.746874988079071 0.3759259283542633 0.7489583492279053 0.3759259283542633 0.75 0.3777777850627899 0.753125011920929 0.3777777850627899 0.7541666626930237 0.37962964177131653 0.753125011920929 0.38148146867752075 0.7510416507720947 0.38148146867752075 0.753125011920929 0.38148146867752075 0.7541666626930237 0.37962964177131653 0.7572916746139526 0.37962964177131653 0.7583333253860474 0.38148146867752075 0.7604166865348816 0.38148146867752075 0.7614583373069763 0.38333332538604736 0.7645833492279053 0.38333332538604736 0.765625 0.385185182094574 0.7666666507720947 0.38333332538604736 0.768750011920929 0.38333332538604736 0.7697916626930237 0.3870370388031006 0.7718750238418579 0.3870370388031006 0.7729166746139526 0.385185182094574 0.7833333611488342 0.385185182094574 0.784375011920929 0.3870370388031006 0.7895833253860474 0.3888888955116272 0.7927083373069763 0.39259257912635803 0.7947916388511658 0.3907407522201538 0.7927083373069763 0.3888888955116272 0.7885416746139526 0.3888888955116272 0.7875000238418579 0.3870370388031006 0.784375011920929 0.3870370388031006 0.7833333611488342 0.385185182094574 0.7791666388511658 0.385185182094574 0.7770833373069763 0.38333332538604736 0.7760416865348816 0.37962964177131653 0.78125 0.3740740716457367 0.7791666388511658 0.3759259283542633 0.778124988079071 0.3740740716457367 0.7593749761581421 0.3740740716457367 0.7583333253860474 0.3722222149372101 0.7437499761581421 0.3722222149372101 0.7427083253860474 0.37037035822868347 0.737500011920929 0.37037035822868347 0.7364583611488342 0.36851853132247925 0.731249988079071 0.36851853132247925 0.734375 0.36851853132247925 0.7354166507720947 0.37037035822868347 0.734375 0.3722222149372101 0.7260416746139526 0.3722222149372101 0.7250000238418579 0.37037035822868347 0.71875 0.37037035822868347 0.7177083492279053 0.3722222149372101 0.7166666388511658 0.37037035822868347 0.7114583253860474 0.37037035822868347 0.7104166746139526 0.36851853132247925 0.703125 0.36851853132247925 0.7020833492279053 0.36666667461395264
1 0.3322916626930237 0.36851853132247925 0.3427083194255829 0.36851853132247925 0.34375 0.37037035822868347 0.3531250059604645 0.37037035822868347 0.3541666567325592 0.3722222149372101 0.3552083373069763 0.37037035822868347 0.3604166805744171 0.37037035822868347 0.3656249940395355 0.3759259283542633 0.3708333373069763 0.3777777850627899 0.3864583373069763 0.3777777850627899 0.3854166567325592 0.3759259283542633 0.38749998807907104 0.36851853132247925 0.3968749940395355 0.36851853132247925 0.4000000059604645 0.3740740716457367 0.39791667461395264 0.3777777850627899 0.39375001192092896 0.3777777850627899 0.3895833194255829 0.3740740716457367 0.38854166865348816 0.3759259283542633 0.39375001192092896 0.37962964177131653 0.39270833134651184 0.38333332538604736 0.390625 0.38333332538604736 0.3958333432674408 0.38148146867752075 0.3968749940395355 0.38333332538604736 0.3958333432674408 0.385185182094574 0.40937501192092896 0.3870370388031006 0.4104166626930237 0.3888888955116272 0.4427083432674408 0.3907407522201538 0.44479167461395264 0.39444443583488464 0.44583332538604736 0.39259257912635803 0.453125 0.4000000059604645 0.45520833134651184 0.4000000059604645 0.45625001192092896 0.4037036895751953 0.45520833134651184 0.4055555462837219 0.453125 0.4037036895751953 0.45625001192092896 0.40740740299224854 0.4583333432674408 0.4037036895751953 0.46041667461395264 0.4055555462837219 0.47187501192092896 0.4037036895751953 0.46875 0.4037036895751953 0.46666666865348816 0.4000000059604645 0.4697916805744171 0.39814814925193787 0.46562498807907104 0.39259257912635803 0.4677083194255829 0.3907407522201538 0.45625001192092896 0.3870370388031006 0.45520833134651184 0.38333332538604736 0.4572916626930237 0.38148146867752075 0.45520833134651184 0.37962964177131653 0.45104166865348816 0.37962964177131653 0.44583332538604736 0.3759259283542633 0.4322916567325592 0.37962964177131653 0.4312500059604645 0.3777777850627899 0.4364583194255829 0.3740740716457367 0.4322916567325592 0.3740740716457367 0.4260416626930237 0.36851853132247925 0.4166666567325592 0.36851853132247925 0.41354167461395264 0.364814817905426 0.41458332538604736 0.3629629611968994 0.41874998807907104 0.3629629611968994 0.41979166865348816 0.3611111044883728 0.41874998807907104 0.3592592477798462 0.4208333194255829 0.35740742087364197 0.41979166865348816 0.35370370745658875 0.4156250059604645 0.35370370745658875 0.41458332538604736 0.3499999940395355 0.4124999940395355 0.35185185074806213 0.40416666865348816 0.35185185074806213 0.40312498807907104 0.35370370745658875 0.38229167461395264 0.35185185074806213 0.3812499940395355 0.3499999940395355 0.37187498807907104 0.35185185074806213 0.3697916567325592 0.3499999940395355 0.36145833134651184 0.3592592477798462 0.359375 0.3592592477798462 0.35729166865348816 0.35555556416511536 0.3479166626930237 0.364814817905426 0.3395833373069763 0.36851853132247925 0.3375000059604645 0.36666667461395264
1 0.0 0.36851853132247925 0.16770833730697632 0.3629629611968994 0.16458334028720856 0.36851853132247925 0.11770833283662796 0.38148146867752075 0.21770833432674408 0.37962964177131653 0.2604166567325592 0.3722222149372101 0.26354166865348816 0.364814817905426 0.27291667461395264 0.364814817905426 0.2645833194255829 0.364814817905426 0.25833332538604736 0.35555556416511536 0.2916666567325592 0.34259259700775146 0.2760416567325592 0.3351851999759674 0.23333333432674408 0.3333333432674408 0.18020834028720856 0.34259259700775146 0.18125000596046448 0.3462963104248047 0.16562500596046448 0.35185185074806213 0.20000000298023224 0.3499999940395355 0.20208333432674408 0.35555556416511536 0.13854166865348816 0.364814817905426 0.08645833283662796 0.3611111044883728 0.05312500149011612 0.36851853132247925 0.03229166567325592 0.3611111044883728 0.10000000149011612 0.35185185074806213 0.08541666716337204 0.3499999940395355 0.0989583358168602 0.3444444537162781 0.06458333134651184 0.3444444537162781 0.06875000149011612 0.33888888359069824 0.05833333358168602 0.33888888359069824 0.06458333134651184 0.3333333432674408 0.05937499925494194 0.3314814865589142 0.05312500149011612 0.33703702688217163 0.0 0.3351851999759674 0.0 0.34259259700775146 0.010416666977107525 0.3444444537162781 0.0 0.3462963104248047
1 0.21666666865348816 0.3314814865589142 0.21250000596046448 0.3314814865589142 0.21145834028720856 0.3296296298503876 0.20520833134651184 0.3296296298503876 0.20416666567325592 0.32777777314186096 0.20208333432674408 0.32777777314186096 0.20104166865348816 0.3296296298503876 0.1979166716337204 0.3296296298503876 0.19687500596046448 0.3314814865589142 0.1927083283662796 0.3314814865589142 0.19166666269302368 0.3333333432674408 0.18854166567325592 0.3333333432674408 0.1875 0.3351851999759674 0.18333333730697632 0.3351851999759674 0.18854166567325592 0.3351851999759674 0.18958333134651184 0.3333333432674408 0.20520833134651184 0.3333333432674408 0.20624999701976776 0.3314814865589142
2 0.04374999925494194 0.7259259223937988 0.0416666679084301 0.7259259223937988 0.03958333283662796 0.729629635810852 0.03854166716337204 0.7277777791023254 0.03854166716337204 0.729629635810852 0.03750000149011612 0.7314814925193787 0.0364583320915699 0.7314814925193787 0.03541666641831398 0.729629635810852 0.03437500074505806 0.7314814925193787 0.03333333507180214 0.7314814925193787 0.03229166567325592 0.7333333492279053 0.03125 0.7314814925193787 0.03125 0.7333333492279053 0.03020833246409893 0.7351852059364319 0.02916666679084301 0.7351852059364319 0.02812499925494194 0.7370370626449585 0.02708333358168602 0.7370370626449585 0.02604166604578495 0.7388888597488403 0.02395833283662796 0.7388888597488403 0.02187499962747097 0.7425925731658936 0.02187499962747097 0.7481481432914734 0.02395833283662796 0.7444444298744202 0.02500000037252903 0.7444444298744202 0.02604166604578495 0.7425925731658936 0.02708333358168602 0.7425925731658936 0.02916666679084301 0.7388888597488403 0.03020833246409893 0.7388888597488403 0.03020833246409893 0.7370370626449585 0.03125 0.7351852059364319 0.03229166567325592 0.7370370626449585 0.03333333507180214 0.7351852059364319 0.03437500074505806 0.7351852059364319 0.0364583320915699 0.7314814925193787 0.03750000149011612 0.7314814925193787 0.03854166716337204 0.729629635810852 0.03958333283662796 0.729629635810852 0.04062499850988388 0.7277777791023254 0.0416666679084301 0.7277777791023254 0.04270833358168602 0.7259259223937988
2 0.0520833320915699 0.7074074149131775 0.05000000074505806 0.7074074149131775 0.04895833507180214 0.7092592716217041 0.046875 0.7092592716217041 0.04583333432674408 0.7111111283302307 0.04374999925494194 0.7111111283302307 0.04270833358168602 0.7129629850387573 0.03958333283662796 0.7129629850387573 0.03750000149011612 0.7166666388511658 0.03750000149011612 0.7185184955596924 0.0364583320915699 0.720370352268219 0.0364583320915699 0.7222222089767456 0.03750000149011612 0.7240740656852722 0.03958333283662796 0.7240740656852722 0.04062499850988388 0.7222222089767456 0.04374999925494194 0.7222222089767456 0.04479166492819786 0.720370352268219 0.046875 0.720370352268219 0.046875 0.7185184955596924 0.04791666567325592 0.7166666388511658 0.04895833507180214 0.7166666388511658 0.04791666567325592 0.7148148417472839 0.04895833507180214 0.7129629850387573 0.05104166641831398 0.7129629850387573 0.05104166641831398 0.7111111283302307 0.0520833320915699 0.7092592716217041
2 0.3177083432674408 0.5685185194015503 0.2760416567325592 0.5722222328186035 0.26770833134651184 0.5907407402992249 0.2718749940395355 0.5944444537162781 0.2708333432674408 0.6018518805503845 0.2770833373069763 0.6111111044883728 0.25208333134651184 0.6166666746139526 0.265625 0.6222222447395325 0.15000000596046448 0.7740740776062012 0.0 0.9444444179534912 0.0 0.9981481432914734 0.03020833246409893 0.9981481432914734 0.0520833320915699 0.9648148417472839 0.06354166567325592 0.9555555582046509 0.0677083358168602 0.9444444179534912 0.09375 0.914814829826355 0.09270833432674408 0.9111111164093018 0.18020834028720856 0.7962962985038757 0.18958333134651184 0.7777777910232544 0.20624999701976776 0.7592592835426331 0.23645833134651184 0.7111111283302307 0.26249998807907104 0.6796296238899231 0.3166666626930237 0.5981481671333313
2 0.7520833611488342 0.4722222089767456 0.753125011920929 0.4722222089767456 0.7572916746139526 0.47962963581085205 0.7614583373069763 0.47962963581085205 0.762499988079071 0.48148149251937866 0.765625 0.48148149251937866 0.7666666507720947 0.4833333194255829 0.7697916626930237 0.4833333194255829 0.7718750238418579 0.4870370328426361 0.7718750238418579 0.4888888895511627 0.7729166746139526 0.4888888895511627 0.7739583253860474 0.49074074625968933 0.7749999761581421 0.4888888895511627 0.7760416865348816 0.4888888895511627 0.7770833373069763 0.4870370328426361 0.778124988079071 0.4870370328426361 0.7791666388511658 0.4888888895511627 0.7822916507720947 0.4888888895511627 0.7833333611488342 0.49074074625968933 0.7854166626930237 0.49074074625968933 0.7864583134651184 0.49259260296821594 0.7906249761581421 0.49259260296821594 0.7916666865348816 0.49074074625968933 0.8010416626930237 0.49074074625968933 0.8020833134651184 0.4888888895511627 0.8031250238418579 0.4888888895511627 0.8010416626930237 0.4888888895511627 0.800000011920929 0.4870370328426361 0.7989583611488342 0.4870370328426361 0.7979166507720947 0.4851851761341095 0.7958333492279053 0.4851851761341095 0.7947916388511658 0.4833333194255829 0.793749988079071 0.4833333194255829 0.7927083373069763 0.48148149251937866 0.7916666865348816 0.48148149251937866 0.7906249761581421 0.47962963581085205 0.7895833253860474 0.47962963581085205 0.7885416746139526 0.47777777910232544 0.7875000238418579 0.47777777910232544 0.7864583134651184 0.47592592239379883 0.7854166626930237 0.47592592239379883 0.784375011920929 0.4740740656852722 0.7822916507720947 0.4740740656852722 0.78125 0.4722222089767456 0.7802083492279053 0.4722222089767456 0.7791666388511658 0.4703703820705414 0.778124988079071 0.4703703820705414 0.7770833373069763 0.46851852536201477 0.7749999761581421 0.46851852536201477 0.7739583253860474 0.46666666865348816 0.7729166746139526 0.46666666865348816 0.7718750238418579 0.46481481194496155 0.7708333134651184 0.46481481194496155 0.7697916626930237 0.46296295523643494 0.768750011920929 0.46296295523643494 0.7677083611488342 0.4611110985279083 0.7666666507720947 0.4611110985279083 0.765625 0.4592592716217041 0.768750011920929 0.46481481194496155 0.7666666507720947 0.46851852536201477 0.7645833492279053 0.46851852536201477 0.7635416388511658 0.4703703820705414 0.7583333253860474 0.4703703820705414 0.7572916746139526 0.4722222089767456
2 0.84375 0.4462963044643402 0.8791666626930237 0.4703703820705414 0.921875 0.4888888895511627 0.9572916626930237 0.5092592835426331 0.9895833134651184 0.5351851582527161 0.9916666746139526 0.5351851582527161 0.9989583492279053 0.5425925850868225 0.9989583492279053 0.4481481611728668 0.9864583611488342 0.4481481611728668 0.9854166507720947 0.44999998807907104 0.9479166865348816 0.44999998807907104 0.9468749761581421 0.4481481611728668 0.9458333253860474 0.44999998807907104 0.9416666626930237 0.4481481611728668 0.9125000238418579 0.4481481611728668 0.9104166626930237 0.44999998807907104 0.909375011920929 0.4481481611728668 0.8979166746139526 0.4481481611728668 0.8958333134651184 0.44999998807907104 0.8947916626930237 0.4481481611728668
2 0.5947916507720947 0.45185184478759766 0.5947916507720947 0.45370370149612427 0.609375 0.4574074149131775 0.621874988079071 0.46296295523643494 0.6260416507720947 0.46296295523643494 0.6302083134651184 0.4592592716217041 0.6385416388511658 0.4592592716217041 0.6395833492279053 0.4611110985279083 0.643750011920929 0.4592592716217041 0.6499999761581421 0.45185184478759766 0.6572916507720947 0.45185184478759766 0.6635416746139526 0.4555555582046509 0.668749988079071 0.4555555582046509 0.6770833134651184 0.4740740656852722 0.7020833492279053 0.47777777910232544 0.7093750238418579 0.4870370328426361 0.7208333611488342 0.49444442987442017 0.7291666865348816 0.49444442987442017 0.7302083373069763 0.4962962865829468 0.7333333492279053 0.49444442987442017 0.7208333611488342 0.4833333194255829 0.71875 0.47962963581085205 0.7229166626930237 0.47777777910232544 0.7458333373069763 0.4851851761341095 0.7489583492279053 0.49074074625968933 0.746874988079071 0.49444442987442017 0.7427083253860474 0.49444442987442017 0.7447916865348816 0.4962962865829468 0.7510416507720947 0.49444442987442017 0.7583333253860474 0.4981481432914734 0.753125011920929 0.4870370328426361 0.7458333373069763 0.47962963581085205 0.7239583134651184 0.4740740656852722 0.7135416865348816 0.46666666865348816 0.7041666507720947 0.46666666865348816 0.7010416388511658 0.4740740656852722 0.6854166388511658 0.4740740656852722 0.6791666746139526 0.46851852536201477 0.6791666746139526 0.46481481194496155 0.6833333373069763 0.4592592716217041 0.6781250238418579 0.4592592716217041 0.6656249761581421 0.44999998807907104 0.659375011920929 0.44999998807907104 0.6489583253860474 0.4444444477558136 0.6239583492279053 0.4407407343387604 0.6229166388511658 0.442592591047287 0.612500011920929 0.442592591047287 0.5989583134651184 0.45185184478759766
2 0.4124999940395355 0.3777777850627899 0.41874998807907104 0.3777777850627899 0.41979166865348816 0.37962964177131653 0.4208333194255829 0.37962964177131653 0.421875 0.38148146867752075 0.42395833134651184 0.38148146867752075 0.42500001192092896 0.37962964177131653 0.4281249940395355 0.37962964177131653 0.42916667461395264 0.3777777850627899 0.43020832538604736 0.3777777850627899 0.42916667461395264 0.3759259283542633 0.4166666567325592 0.3759259283542633 0.4156250059604645 0.3777777850627899
2 0.39895832538604736 0.3722222149372101 0.39791667461395264 0.3722222149372101 0.3968749940395355 0.37037035822868347 0.38749998807907104 0.37037035822868347 0.38749998807907104 0.3740740716457367 0.3864583373069763 0.3759259283542633 0.38749998807907104 0.3777777850627899 0.3864583373069763 0.37962964177131653 0.3760416805744171 0.37962964177131653 0.3791666626930237 0.37962964177131653 0.3802083432674408 0.38148146867752075 0.3791666626930237 0.38333332538604736 0.3760416805744171 0.38333332538604736 0.38854166865348816 0.38333332538604736 0.3895833194255829 0.38148146867752075 0.39270833134651184 0.38148146867752075 0.39270833134651184 0.37962964177131653 0.3895833194255829 0.37962964177131653 0.38749998807907104 0.3759259283542633 0.3895833194255829 0.3722222149372101 0.390625 0.3722222149372101 0.3916666805744171 0.3740740716457367 0.39270833134651184 0.3740740716457367 0.39375001192092896 0.3759259283542633 0.39791667461395264 0.3759259283542633 0.39895832538604736 0.3740740716457367
2 0.0 0.7222222089767456 0.0072916666977107525 0.7185184955596924 0.015625 0.6944444179534912 0.07916666567325592 0.635185182094574 0.07604166865348816 0.6314814686775208 0.0833333358168602 0.6314814686775208 0.07604166865348816 0.6203703880310059 0.08229167014360428 0.605555534362793 0.07500000298023224 0.6000000238418579 0.18125000596046448 0.6092592477798462 0.23020833730697632 0.5611110925674438 0.2697916626930237 0.5518518686294556 0.28333333134651184 0.5666666626930237 0.32083332538604736 0.5592592358589172 0.3583333194255829 0.5388888716697693 0.3541666567325592 0.5240740776062012 0.17916665971279144 0.5055555701255798 0.12291666865348816 0.4166666567325592 0.13229165971279144 0.41296297311782837 0.08437500149011612 0.4166666567325592 0.09791667014360428 0.4037036895751953 0.06666667014360428 0.4000000059604645 0.11874999850988388 0.3888888955116272 0.11770833283662796 0.37962964177131653 0.16770833730697632 0.364814817905426 0.0 0.37037035822868347 0.0 0.42222222685813904 0.01666666753590107 0.42592594027519226 0.0 0.43518519401550293 0.012500000186264515 0.43888887763023376 0.0 0.4481481611728668 0.0020833334419876337 0.4611110985279083 0.09687499701976776 0.46481481194496155 0.12916666269302368 0.47777777910232544 0.078125 0.4870370328426361 0.0625 0.5 0.0 0.5037037134170532
2 0.3656249940395355 0.35370370745658875 0.3427083194255829 0.35370370745658875 0.34166666865348816 0.35555556416511536 0.3218750059604645 0.35740742087364197 0.32083332538604736 0.3592592477798462 0.31562501192092896 0.3592592477798462 0.31458333134651184 0.3611111044883728 0.30520832538604736 0.3611111044883728 0.30416667461395264 0.3592592477798462 0.29895833134651184 0.3592592477798462 0.2979166805744171 0.35740742087364197 0.25833332538604736 0.35740742087364197 0.2645833194255829 0.3629629611968994 0.26875001192092896 0.3592592477798462 0.27395832538604736 0.364814817905426 0.27291667461395264 0.36666667461395264 0.26770833134651184 0.36666667461395264 0.2604166567325592 0.3740740716457367 0.21875 0.37962964177131653 0.23541666567325592 0.37962964177131653 0.23645833134651184 0.3777777850627899 0.2510416805744171 0.3777777850627899 0.25208333134651184 0.3759259283542633 0.27916666865348816 0.3759259283542633 0.2802083194255829 0.3740740716457367 0.3125 0.3740740716457367 0.3135416805744171 0.3722222149372101 0.3291666805744171 0.37037035822868347 0.3343749940395355 0.364814817905426 0.3395833373069763 0.36666667461395264 0.34062498807907104 0.364814817905426 0.3479166626930237 0.3629629611968994 0.3531250059604645 0.3592592477798462 0.35729166865348816 0.35370370745658875 0.3583333194255829 0.35370370745658875 0.359375 0.35740742087364197
2 0.41458332538604736 0.364814817905426 0.47708332538604736 0.39259257912635803 0.5770833492279053 0.39629629254341125 0.612500011920929 0.385185182094574 0.6666666865348816 0.4203703701496124 0.7208333611488342 0.4148148000240326 0.7104166746139526 0.4055555462837219 0.8979166746139526 0.40925925970077515 0.9395833611488342 0.42592594027519226 0.9072916507720947 0.4296296238899231 0.9125000238418579 0.43518519401550293 0.9989583492279053 0.43518519401550293 0.9989583492279053 0.385185182094574 0.8968750238418579 0.3592592477798462 0.659375011920929 0.3611111044883728 0.49791666865348816 0.3499999940395355 0.4208333194255829 0.35370370745658875 0.4208333194255829 0.3611111044883728
2 0.24687500298023224 0.3296296298503876 0.23125000298023224 0.3296296298503876 0.22083333134651184 0.3333333432674408 0.21770833432674408 0.3314814865589142 0.18854166567325592 0.33703702688217163 0.1822916716337204 0.3351851999759674 0.18854166567325592 0.3314814865589142 0.16875000298023224 0.3333333432674408 0.15208333730697632 0.3314814865589142 0.13124999403953552 0.33703702688217163 0.10833333432674408 0.33703702688217163 0.09375 0.34074074029922485 0.09270833432674408 0.34259259700775146 0.0989583358168602 0.34259259700775146 0.10000000149011612 0.3444444537162781 0.0989583358168602 0.3462963104248047 0.08958332985639572 0.3462963104248047 0.0885416641831398 0.3499999940395355 0.08645833283662796 0.3499999940395355 0.10000000149011612 0.3499999940395355 0.10104166716337204 0.35185185074806213 0.10000000149011612 0.35370370745658875 0.07500000298023224 0.35370370745658875 0.06458333134651184 0.3592592477798462 0.03229166567325592 0.3629629611968994 0.05833333358168602 0.36666667461395264 0.06875000149011612 0.3611111044883728 0.08437500149011612 0.3629629611968994 0.08645833283662796 0.3592592477798462 0.11562500149011612 0.3611111044883728 0.12916666269302368 0.35740742087364197 0.15625 0.35555556416511536 0.18645833432674408 0.34074074029922485 0.19062499701976776 0.34259259700775146 0.21041665971279144 0.33703702688217163 0.22187499701976776 0.33703702688217163 0.23333333432674408 0.3314814865589142
4 0.27395832538604736 0.4166666567325592 0.2760416567325592 0.4185185134410858 0.27395832538604736 0.4203703701496124 0.2750000059604645 0.42407408356666565 0.2906250059604645 0.4333333373069763 0.3031249940395355 0.43518519401550293 0.30416667461395264 0.43703705072402954 0.3125 0.43703705072402954 0.3135416805744171 0.43888887763023376 0.32083332538604736 0.43888887763023376 0.3218750059604645 0.4407407343387604 0.34583333134651184 0.4407407343387604 0.34687501192092896 0.442592591047287 0.37708333134651184 0.442592591047287 0.37812501192092896 0.4407407343387604 0.4020833373069763 0.4407407343387604 0.40312498807907104 0.43888887763023376 0.4104166626930237 0.43888887763023376 0.4177083373069763 0.43518519401550293 0.42395833134651184 0.43518519401550293 0.43437498807907104 0.42592594027519226 0.4364583194255829 0.42592594027519226 0.43958333134651184 0.4203703701496124 0.43541666865348816 0.4203703701496124 0.43437498807907104 0.4185185134410858 0.4375 0.4148148000240326 0.4312500059604645 0.4148148000240326 0.43020832538604736 0.41296297311782837 0.4322916567325592 0.41111111640930176 0.40937501192092896 0.40925925970077515 0.40625 0.4055555462837219 0.4072916805744171 0.4037036895751953 0.37708333134651184 0.4037036895751953 0.3760416805744171 0.4018518626689911 0.36666667461395264 0.4018518626689911 0.3656249940395355 0.4037036895751953 0.36145833134651184 0.4037036895751953 0.3604166805744171 0.4018518626689911 0.3489583432674408 0.4018518626689911 0.3479166626930237 0.4037036895751953 0.34375 0.4037036895751953 0.3427083194255829 0.4018518626689911 0.3114583194255829 0.4037036895751953 0.3062500059604645 0.40740740299224854 0.30520832538604736 0.4055555462837219 0.30000001192092896 0.4055555462837219 0.29895833134651184 0.40740740299224854 0.28958332538604736 0.40925925970077515
