0 0.9989583492279053 0.9537037014961243 0.9989583492279053 0.9018518328666687 0.9979166388511658 0.9018518328666687 0.996874988079071 0.8999999761581421 0.9958333373069763 0.8999999761581421 0.9937499761581421 0.9037036895751953 0.9906250238418579 0.9037036895751953 0.9864583611488342 0.9111111164093018 0.9833333492279053 0.9111111164093018 0.981249988079071 0.9166666865348816 0.9802083373069763 0.9166666865348816 0.9708333611488342 0.9259259104728699 0.9677083492279053 0.9259259104728699 0.9666666388511658 0.9277777671813965 0.9593750238418579 0.9277777671813965 0.9583333134651184 0.9296296238899231 0.9468749761581421 0.9296296238899231 0.9458333253860474 0.9314814805984497 0.9375 0.9314814805984497 0.9364583492279053 0.9296296238899231 0.934374988079071 0.9296296238899231 0.9333333373069763 0.9314814805984497 0.9322916865348816 0.9296296238899231 0.9302083253860474 0.9296296238899231 0.9291666746139526 0.9277777671813965 0.9270833134651184 0.9277777671813965 0.9260416626930237 0.9296296238899231 0.9239583611488342 0.9296296238899231 0.9229166507720947 0.9277777671813965 0.9197916388511658 0.9277777671813965 0.921875 0.9277777671813965 0.9229166507720947 0.9296296238899231 0.925000011920929 0.9296296238899231 0.9281250238418579 0.9333333373069763 0.9302083253860474 0.9333333373069763 0.9312499761581421 0.9351851940155029 0.934374988079071 0.9370370507240295 0.9364583492279053 0.9407407641410828 0.9385416507720947 0.9407407641410828 0.9395833611488342 0.9425926208496094 0.9447916746139526 0.9425926208496094 0.9458333253860474 0.9444444179534912 0.9583333134651184 0.9444444179534912 0.9593750238418579 0.9462962746620178 0.9666666388511658 0.9462962746620178 0.9677083492279053 0.9481481313705444 0.9697916507720947 0.9481481313705444 0.9708333611488342 0.949999988079071 0.9729166626930237 0.949999988079071 0.9739583134651184 0.9518518447875977 0.9760416746139526 0.9518518447875977 0.9770833253860474 0.9537037014961243 0.9802083373069763 0.9518518447875977 0.981249988079071 0.9537037014961243 0.9885416626930237 0.9537037014961243 0.9895833134651184 0.9555555582046509 0.987500011920929 0.9518518447875977 0.9885416626930237 0.949999988079071 0.9895833134651184 0.949999988079071 0.9906250238418579 0.9518518447875977 0.9927083253860474 0.9518518447875977 0.9937499761581421 0.9537037014961243
0 0.6187499761581421 0.894444465637207 0.6177083253860474 0.8962963223457336 0.6177083253860474 0.8981481194496155 0.6166666746139526 0.8999999761581421 0.6166666746139526 0.9074074029922485 0.6177083253860474 0.9092592597007751 0.6197916865348816 0.9092592597007751 0.6208333373069763 0.9111111164093018 0.6239583492279053 0.9111111164093018 0.625 0.9129629731178284 0.625 0.9092592597007751 0.6260416507720947 0.9074074029922485 0.6260416507720947 0.8999999761581421 0.6270833611488342 0.8981481194496155 0.6270833611488342 0.8962963223457336 0.6260416507720947 0.894444465637207 0.6239583492279053 0.894444465637207 0.6229166388511658 0.8925926089286804 0.621874988079071 0.8925926089286804 0.6208333373069763 0.894444465637207
0 0.8583333492279053 0.8907407522201538 0.859375 0.8907407522201538 0.8604166507720947 0.8888888955116272 0.8614583611488342 0.8888888955116272 0.862500011920929 0.8907407522201538 0.862500011920929 0.8925926089286804 0.8656250238418579 0.8981481194496155 0.8656250238418579 0.8999999761581421 0.8687499761581421 0.8999999761581421 0.8697916865348816 0.9018518328666687 0.871874988079071 0.9018518328666687 0.8729166388511658 0.9037036895751953 0.875 0.9037036895751953 0.8760416507720947 0.9055555462837219 0.8802083134651184 0.9055555462837219 0.8791666626930237 0.9055555462837219 0.871874988079071 0.8925926089286804 0.8708333373069763 0.8925926089286804 0.8687499761581421 0.8888888955116272 0.8677083253860474 0.8888888955116272 0.8656250238418579 0.885185182094574 0.8645833134651184 0.885185182094574 0.8635416626930237 0.8833333253860474 0.862500011920929 0.8833333253860474
0 0.8770833611488342 0.7907407283782959 0.8770833611488342 0.7925925850868225 0.8791666626930237 0.7944444417953491 0.8833333253860474 0.8018518686294556 0.8833333253860474 0.8037037253379822 0.8843749761581421 0.8018518686294556 0.887499988079071 0.8018518686294556 0.8916666507720947 0.8074073791503906 0.8927083611488342 0.8037037253379822 0.9020833373069763 0.8148148059844971 0.9052083492279053 0.8148148059844971 0.9072916507720947 0.8185185194015503 0.909375011920929 0.8185185194015503 0.9270833134651184 0.8333333134651184 0.9291666746139526 0.8370370268821716 0.940625011920929 0.8462963104248047 0.9427083134651184 0.8500000238418579 0.9458333253860474 0.8518518805503845 0.9479166865348816 0.855555534362793 0.9520833492279053 0.8574073910713196 0.9541666507720947 0.8611111044883728 0.956250011920929 0.8611111044883728 0.9614583253860474 0.8666666746139526 0.9666666388511658 0.8685185313224792 0.9697916507720947 0.8722222447395325 0.971875011920929 0.8722222447395325 0.9833333492279053 0.8814814686775208 0.987500011920929 0.8796296119689941 0.9885416626930237 0.8814814686775208 0.9958333373069763 0.8833333253860474 0.9989583492279053 0.8870370388031006 0.9989583492279053 0.8092592358589172 0.9906250238418579 0.8092592358589172 0.9895833134651184 0.8074073791503906 0.9729166626930237 0.8074073791503906 0.971875011920929 0.8055555820465088 0.9677083492279053 0.8055555820465088 0.9666666388511658 0.8037037253379822 0.9635416865348816 0.8055555820465088 0.9624999761581421 0.8037037253379822 0.9510416388511658 0.8037037253379822 0.949999988079071 0.8018518686294556 0.940625011920929 0.8018518686294556 0.9395833611488342 0.800000011920929 0.9333333373069763 0.800000011920929 0.9312499761581421 0.8018518686294556 0.9302083253860474 0.800000011920929 0.909375011920929 0.7981481552124023 0.9083333611488342 0.7962962985038757 0.903124988079071 0.7981481552124023 0.9020833373069763 0.7962962985038757 0.8833333253860474 0.7944444417953491 0.8822916746139526 0.7925925850868225
0 0.6197916865348816 0.5240740776062012 0.4895833432674408 0.4962962865829468 0.4937500059604645 0.5074074268341064 0.48124998807907104 0.5166666507720947 0.4583333432674408 0.5111111402511597 0.4833333194255829 0.5018518567085266 0.46875 0.4833333194255829 0.4895833432674408 0.4740740656852722 0.5 0.44999998807907104 0.6010416746139526 0.43703705072402954 0.5322916507720947 0.43518519401550293 0.5302083492279053 0.42592594027519226 0.5874999761581421 0.4185185134410858 0.5041666626930237 0.41296297311782837 0.5083333253860474 0.42222222685813904 0.4937500059604645 0.43518519401550293 0.47708332538604736 0.4148148000240326 0.3916666805744171 0.4037036895751953 0.39791667461395264 0.39629629254341125 0.3531250059604645 0.38148146867752075 0.10729166865348816 0.39814814925193787 0.13750000298023224 0.40740740299224854 0.27812498807907104 0.4000000059604645 0.3020833432674408 0.4166666567325592 0.17083333432674408 0.4148148000240326 0.0416666679084301 0.4444444477558136 0.11770833283662796 0.43518519401550293 0.10104166716337204 0.4444444477558136 0.14791665971279144 0.585185170173645 0.296875 0.6185185313224792 0.42500001192092896 0.6296296119689941 0.43958333134651184 0.6166666746139526 0.4572916626930237 0.5685185194015503 0.4989583194255829 0.5648148059844971 0.48750001192092896 0.5481481552124023 0.6135416626930237 0.5388888716697693 0.6020833253860474 0.5222222208976746
0 0.20104166865348816 0.3592592477798462 0.19583334028720856 0.3592592477798462 0.19479165971279144 0.3611111044883728 0.19166666269302368 0.3611111044883728 0.19062499701976776 0.3592592477798462 0.18958333134651184 0.3592592477798462 0.18854166567325592 0.3611111044883728 0.16562500596046448 0.3611111044883728 0.16458334028720856 0.3629629611968994 0.15729166567325592 0.3629629611968994 0.15625 0.364814817905426 0.15312500298023224 0.364814817905426 0.15208333730697632 0.36666667461395264 0.1354166716337204 0.36666667461395264 0.13437500596046448 0.36851853132247925 0.12291666865348816 0.36851853132247925 0.12187500298023224 0.37037035822868347 0.11249999701976776 0.37037035822868347 0.1197916641831398 0.37037035822868347 0.12083332985639572 0.3722222149372101 0.1197916641831398 0.3740740716457367 0.11874999850988388 0.3740740716457367 0.13229165971279144 0.3740740716457367 0.13333334028720856 0.3722222149372101 0.14479166269302368 0.3722222149372101 0.1458333283662796 0.37037035822868347 0.15520833432674408 0.37037035822868347 0.15625 0.36851853132247925 0.1666666716337204 0.36851853132247925 0.16770833730697632 0.36666667461395264 0.17499999701976776 0.36666667461395264 0.17604166269302368 0.364814817905426 0.18333333730697632 0.364814817905426 0.18437500298023224 0.3629629611968994 0.20104166865348816 0.3629629611968994
0 0.13854166865348816 0.33703702688217163 0.11562500149011612 0.33703702688217163 0.1145833358168602 0.33888888359069824 0.08020833134651184 0.33888888359069824 0.07916666567325592 0.34074074029922485 0.06979166716337204 0.34074074029922485 0.06875000149011612 0.34259259700775146 0.05104166641831398 0.34259259700775146 0.06354166567325592 0.34259259700775146 0.06458333134651184 0.3444444537162781 0.078125 0.3444444537162781 0.07916666567325592 0.34259259700775146 0.09583333134651184 0.34259259700775146 0.09687499701976776 0.34074074029922485 0.11041666567325592 0.34074074029922485 0.11145833134651184 0.33888888359069824 0.125 0.33888888359069824 0.12604166567325592 0.33703702688217163
1 0.3427083194255829 0.7074074149131775 0.3114583194255829 0.7074074149131775 0.2802083194255829 0.7240740656852722 0.27291667461395264 0.7111111283302307 0.27291667461395264 0.6944444179534912 0.2593750059604645 0.6870370507240295 0.2510416805744171 0.6888889074325562 0.2447916716337204 0.7037037014961243 0.20416666567325592 0.7148148417472839 0.18958333134651184 0.7277777791023254 0.1770833283662796 0.7611111402511597 0.16041666269302368 0.7685185074806213 0.1510416716337204 0.7907407283782959 0.14270833134651184 0.7962962985038757 0.13437500596046448 0.8296296000480652 0.12083332985639572 0.8444444537162781 0.02604166604578495 0.8148148059844971 0.0 0.8129629492759705 0.0 0.9981481432914734 0.19374999403953552 0.9981481432914734 0.25 0.8796296119689941 0.20416666567325592 0.8611111044883728 0.21666666865348816 0.8481481671333313 0.22187499701976776 0.8500000238418579 0.24687500298023224 0.835185170173645 0.26354166865348816 0.8388888835906982 0.27291667461395264 0.8277778029441833 0.2604166567325592 0.8111110925674438 0.2604166567325592 0.7962962985038757 0.2645833194255829 0.7888888716697693 0.2562499940395355 0.7814815044403076 0.27291667461395264 0.7314814925193787 0.28437501192092896 0.7259259223937988 0.29479166865348816 0.7314814925193787 0.33020833134651184 0.7259259223937988 0.3395833373069763 0.7185184955596924
1 0.0 0.5722222328186035 0.0010416667209938169 0.5703703761100769 0.0062500000931322575 0.5703703761100769 0.008333333767950535 0.5685185194015503 0.0072916666977107525 0.5666666626930237 0.00937500037252903 0.5611110925674438 0.010416666977107525 0.5629629492759705 0.01145833358168602 0.5592592358589172 0.015625 0.5555555820465088 0.01770833320915699 0.5555555820465088 0.01875000074505806 0.5537037253379822 0.02187499962747097 0.5537037253379822 0.02291666716337204 0.5518518686294556 0.03020833246409893 0.5518518686294556 0.03125 0.550000011920929 0.04479166492819786 0.550000011920929 0.04583333432674408 0.5481481552124023 0.06354166567325592 0.5481481552124023 0.06458333134651184 0.5462962985038757 0.06875000149011612 0.5462962985038757 0.06979166716337204 0.5481481552124023 0.07083333283662796 0.5462962985038757 0.07395832985639572 0.5462962985038757 0.07500000298023224 0.5444444417953491 0.078125 0.5444444417953491 0.07916666567325592 0.5425925850868225 0.08229167014360428 0.5425925850868225 0.0833333358168602 0.5407407283782959 0.08645833283662796 0.5407407283782959 0.08749999850988388 0.5388888716697693 0.09270833432674408 0.5370370149612427 0.08749999850988388 0.5370370149612427 0.08437500149011612 0.5333333611488342 0.07916666567325592 0.5333333611488342 0.078125 0.5314815044403076 0.06979166716337204 0.5314815044403076 0.06875000149011612 0.529629647731781 0.06041666492819786 0.529629647731781 0.05937499925494194 0.5277777910232544 0.05416666716337204 0.5259259343147278 0.05104166641831398 0.5222222208976746 0.04895833507180214 0.5222222208976746 0.04791666567325592 0.5240740776062012 0.0364583320915699 0.5240740776062012 0.03541666641831398 0.5222222208976746 0.02395833283662796 0.5222222208976746 0.02291666716337204 0.520370364189148 0.01875000074505806 0.520370364189148 0.01770833320915699 0.5185185074806213 0.012500000186264515 0.5185185074806213 0.01145833358168602 0.5166666507720947 0.010416666977107525 0.5185185074806213 0.0052083334885537624 0.5185185074806213 0.004166666883975267 0.5166666507720947 0.0 0.5166666507720947
1 0.8895833492279053 0.4203703701496124 0.8927083611488342 0.4203703701496124 0.893750011920929 0.42222222685813904 0.8968750238418579 0.42222222685813904 0.8979166746139526 0.42407408356666565 0.9010416865348816 0.42407408356666565 0.9020833373069763 0.42592594027519226 0.9052083492279053 0.42592594027519226 0.90625 0.4277777671813965 0.909375011920929 0.4277777671813965 0.9104166626930237 0.4296296238899231 0.9156249761581421 0.4296296238899231 0.9166666865348816 0.4314814805984497 0.9197916388511658 0.4314814805984497 0.9208333492279053 0.4333333373069763 0.9260416626930237 0.4333333373069763 0.9270833134651184 0.43518519401550293 0.9302083253860474 0.43518519401550293 0.9281250238418579 0.43518519401550293 0.9270833134651184 0.4333333373069763 0.9239583611488342 0.4333333373069763 0.9229166507720947 0.4314814805984497 0.9208333492279053 0.4314814805984497 0.9197916388511658 0.4296296238899231 0.9177083373069763 0.4296296238899231 0.9166666865348816 0.4277777671813965 0.9083333611488342 0.4277777671813965 0.9072916507720947 0.42592594027519226 0.90625 0.42592594027519226 0.9052083492279053 0.42407408356666565 0.9052083492279053 0.42222222685813904 0.8989583253860474 0.42222222685813904 0.8979166746139526 0.42407408356666565 0.8968750238418579 0.42222222685813904 0.893750011920929 0.42222222685813904 0.8927083611488342 0.4203703701496124
1 0.9989583492279053 0.4462963044643402 0.8104166388511658 0.43888887763023376 0.8333333134651184 0.4481481611728668 0.7614583373069763 0.4592592716217041 0.6791666746139526 0.40925925970077515 0.5302083492279053 0.4277777671813965 0.6010416746139526 0.43888887763023376 0.5 0.45185184478759766 0.4697916805744171 0.4833333194255829 0.4833333194255829 0.5037037134170532 0.4593749940395355 0.5111111402511597 0.48645833134651184 0.5129629373550415 0.4895833432674408 0.49444442987442017 0.6135416626930237 0.5129629373550415 0.6197916865348816 0.5259259343147278 0.6000000238418579 0.5259259343147278 0.6145833134651184 0.5388888716697693 0.48750001192092896 0.550000011920929 0.4989583194255829 0.5666666626930237 0.4572916626930237 0.5703703761100769 0.4364583194255829 0.6240741014480591 0.3968749940395355 0.6407407522201538 0.3947916626930237 0.6722221970558167 0.3604166805744171 0.75 0.34583333134651184 0.7574074268341064 0.3395833373069763 0.8018518686294556 0.2604166567325592 0.9981481432914734 0.9989583492279053 0.9981481432914734 0.9989583492279053 0.9555555582046509 0.918749988079071 0.9277777671813965 0.9708333611488342 0.9240740537643433 0.9989583492279053 0.8888888955116272 0.8760416507720947 0.7925925850868225 0.9989583492279053 0.8074073791503906 0.9989583492279053 0.585185170173645 0.9645833373069763 0.5814814567565918 0.9208333492279053 0.5388888716697693 0.9260416626930237 0.5222222208976746 0.9989583492279053 0.5703703761100769
1 0.8083333373069763 0.4018518626689911 0.8114583492279053 0.4018518626689911 0.8125 0.4037036895751953 0.815625011920929 0.4037036895751953 0.8166666626930237 0.4055555462837219 0.8187500238418579 0.4055555462837219 0.8197916746139526 0.40740740299224854 0.8229166865348816 0.40740740299224854 0.8239583373069763 0.40925925970077515 0.8270833492279053 0.40925925970077515 0.828125 0.41111111640930176 0.831250011920929 0.41111111640930176 0.8322916626930237 0.41296297311782837 0.8343750238418579 0.41296297311782837 0.8354166746139526 0.4148148000240326 0.8385416865348816 0.4148148000240326 0.8395833373069763 0.4166666567325592 0.8427083492279053 0.4166666567325592 0.84375 0.4185185134410858 0.8458333611488342 0.4185185134410858 0.846875011920929 0.4203703701496124 0.8500000238418579 0.4203703701496124 0.8510416746139526 0.42222222685813904 0.8541666865348816 0.42222222685813904 0.8552083373069763 0.42407408356666565 0.8572916388511658 0.42407408356666565 0.8583333492279053 0.42592594027519226 0.8604166507720947 0.42592594027519226 0.859375 0.42407408356666565 0.8572916388511658 0.42407408356666565 0.856249988079071 0.42222222685813904 0.8572916388511658 0.4203703701496124 0.859375 0.4203703701496124 0.8541666865348816 0.4203703701496124 0.8531249761581421 0.4185185134410858 0.8489583134651184 0.4185185134410858 0.8479166626930237 0.4166666567325592 0.8489583134651184 0.4148148000240326 0.8500000238418579 0.4148148000240326 0.8479166626930237 0.4148148000240326 0.846875011920929 0.41296297311782837 0.8447916507720947 0.41296297311782837 0.84375 0.41111111640930176 0.8354166746139526 0.41111111640930176 0.8343750238418579 0.40925925970077515 0.8291666507720947 0.40925925970077515 0.828125 0.40740740299224854 0.8218749761581421 0.40740740299224854 0.8208333253860474 0.4055555462837219 0.8187500238418579 0.4055555462837219 0.8177083134651184 0.4037036895751953 0.8177083134651184 0.4018518626689911 0.8145833611488342 0.4018518626689911 0.8135416507720947 0.4037036895751953 0.8125 0.4037036895751953 0.8114583492279053 0.4018518626689911
1 0.3031249940395355 0.41296297311782837 0.3010416626930237 0.41296297311782837 0.29895833134651184 0.40740740299224854 0.27812498807907104 0.4018518626689911 0.25729167461395264 0.4018518626689911 0.2447916716337204 0.4055555462837219 0.23020833730697632 0.4018518626689911 0.21979166567325592 0.40740740299224854 0.1614583283662796 0.4055555462837219 0.15000000596046448 0.40925925970077515 0.11249999701976776 0.4037036895751953 0.10000000149011612 0.40925925970077515 0.05833333358168602 0.41296297311782837 0.04270833358168602 0.4203703701496124 0.07916666567325592 0.42222222685813904 0.08020833134651184 0.42407408356666565 0.07604166865348816 0.42592594027519226 0.078125 0.4277777671813965 0.07395832985639572 0.4333333373069763 0.0572916679084301 0.4407407343387604 0.11874999850988388 0.4296296238899231 0.17083333432674408 0.41296297311782837
1 0.737500011920929 0.39629629254341125 0.7385416626930237 0.39629629254341125 0.7395833134651184 0.39814814925193787 0.7427083253860474 0.39814814925193787 0.7437499761581421 0.4000000059604645 0.746874988079071 0.4000000059604645 0.7479166388511658 0.4018518626689911 0.75 0.4018518626689911 0.7510416507720947 0.4037036895751953 0.753125011920929 0.4037036895751953 0.7541666626930237 0.4055555462837219 0.7562500238418579 0.4055555462837219 0.7572916746139526 0.40740740299224854 0.7604166865348816 0.40740740299224854 0.7614583373069763 0.40925925970077515 0.7635416388511658 0.40925925970077515 0.7645833492279053 0.41111111640930176 0.7677083611488342 0.41111111640930176 0.768750011920929 0.41296297311782837 0.7760416865348816 0.41296297311782837 0.7770833373069763 0.4148148000240326 0.7802083492279053 0.4148148000240326 0.7833333611488342 0.4185185134410858 0.7885416746139526 0.4185185134410858 0.7895833253860474 0.4203703701496124 0.8020833134651184 0.4203703701496124 0.800000011920929 0.4203703701496124 0.7989583611488342 0.4185185134410858 0.796875 0.4185185134410858 0.793749988079071 0.4148148000240326 0.7916666865348816 0.4148148000240326 0.7906249761581421 0.41296297311782837 0.7916666865348816 0.41111111640930176 0.793749988079071 0.41111111640930176 0.7927083373069763 0.41111111640930176 0.7916666865348816 0.40925925970077515 0.7895833253860474 0.40925925970077515 0.7885416746139526 0.40740740299224854 0.7875000238418579 0.40740740299224854 0.7854166626930237 0.4037036895751953 0.7822916507720947 0.4037036895751953 0.7802083492279053 0.4000000059604645 0.7666666507720947 0.4000000059604645 0.765625 0.39814814925193787 0.7510416507720947 0.39814814925193787 0.75 0.39629629254341125 0.7395833134651184 0.39629629254341125 0.7385416626930237 0.39444443583488464
1 0.7666666507720947 0.38148146867752075 0.7697916626930237 0.38148146867752075 0.7708333134651184 0.38333332538604736 0.7770833373069763 0.385185182094574 0.78125 0.3888888955116272 0.784375011920929 0.3888888955116272 0.7854166626930237 0.3907407522201538 0.7885416746139526 0.3907407522201538 0.7927083373069763 0.39444443583488464 0.800000011920929 0.39629629254341125 0.8041666746139526 0.4000000059604645 0.8062499761581421 0.4000000059604645 0.8072916865348816 0.39814814925193787 0.8208333253860474 0.39814814925193787 0.8218749761581421 0.4000000059604645 0.824999988079071 0.4000000059604645 0.8239583373069763 0.39814814925193787 0.824999988079071 0.39629629254341125 0.8187500238418579 0.39629629254341125 0.8177083134651184 0.39444443583488464 0.8135416507720947 0.39444443583488464 0.8125 0.39259257912635803 0.8135416507720947 0.3907407522201538 0.8239583373069763 0.3907407522201538 0.824999988079071 0.39259257912635803 0.828125 0.39259257912635803 0.8291666507720947 0.39444443583488464 0.8322916626930237 0.39444443583488464 0.8333333134651184 0.39629629254341125 0.8364583253860474 0.39629629254341125 0.8374999761581421 0.39814814925193787 0.840624988079071 0.39814814925193787 0.8416666388511658 0.4000000059604645 0.8447916507720947 0.4000000059604645 0.8500000238418579 0.4037036895751953 0.8572916388511658 0.4037036895751953 0.8583333492279053 0.4055555462837219 0.8656250238418579 0.4055555462837219 0.8666666746139526 0.40740740299224854 0.878125011920929 0.40740740299224854 0.8656250238418579 0.4037036895751953 0.8645833134651184 0.4018518626689911 0.8656250238418579 0.4000000059604645 0.8635416626930237 0.4018518626689911 0.862500011920929 0.39814814925193787 0.8604166507720947 0.39629629254341125 0.8614583611488342 0.39444443583488464 0.8677083253860474 0.39444443583488464 0.8656250238418579 0.39444443583488464 0.8645833134651184 0.39259257912635803 0.8666666746139526 0.3907407522201538 0.8645833134651184 0.3907407522201538 0.8635416626930237 0.39259257912635803 0.8614583611488342 0.3907407522201538 0.8385416865348816 0.3907407522201538 0.8354166746139526 0.3870370388031006 0.8343750238418579 0.3888888955116272 0.824999988079071 0.3888888955116272 0.8239583373069763 0.3870370388031006 0.8218749761581421 0.3888888955116272 0.8208333253860474 0.3870370388031006 0.8135416507720947 0.3870370388031006 0.8125 0.385185182094574 0.8010416626930237 0.3870370388031006 0.7989583611488342 0.3888888955116272 0.7947916388511658 0.385185182094574 0.7864583134651184 0.3870370388031006 0.7854166626930237 0.385185182094574 0.7791666388511658 0.385185182094574 0.778124988079071 0.38333332538604736
1 0.3447916805744171 0.38148146867752075 0.35208332538604736 0.38148146867752075 0.3531250059604645 0.37962964177131653 0.3687500059604645 0.385185182094574 0.3802083432674408 0.385185182094574 0.3843750059604645 0.3907407522201538 0.4000000059604645 0.39259257912635803 0.4010416567325592 0.39444443583488464 0.4072916805744171 0.39259257912635803 0.40625 0.385185182094574 0.40833333134651184 0.38148146867752075 0.4177083373069763 0.38148146867752075 0.42395833134651184 0.3870370388031006 0.41874998807907104 0.39444443583488464 0.41354167461395264 0.3907407522201538 0.4114583432674408 0.39259257912635803 0.4156250059604645 0.39444443583488464 0.4177083373069763 0.39814814925193787 0.4177083373069763 0.4018518626689911 0.44479167461395264 0.40925925970077515 0.4593749940395355 0.40740740299224854 0.46562498807907104 0.41296297311782837 0.47708332538604736 0.41296297311782837 0.4947916567325592 0.4277777671813965 0.49270832538604736 0.4314814805984497 0.4937500059604645 0.4333333373069763 0.4989583194255829 0.4277777671813965 0.5 0.4185185134410858 0.5072916746139526 0.42222222685813904 0.503125011920929 0.41296297311782837 0.4937500059604645 0.41111111640930176 0.49270832538604736 0.40925925970077515 0.4947916567325592 0.40740740299224854 0.4895833432674408 0.4055555462837219 0.4885416626930237 0.4037036895751953 0.4906249940395355 0.4000000059604645 0.4895833432674408 0.39814814925193787 0.4781250059604645 0.39259257912635803 0.47083333134651184 0.39444443583488464 0.46145832538604736 0.39259257912635803 0.46041667461395264 0.3907407522201538 0.4635416567325592 0.3888888955116272 0.4625000059604645 0.3870370388031006 0.46041667461395264 0.3888888955116272 0.4489583373069763 0.38148146867752075 0.4375 0.37962964177131653 0.4364583194255829 0.3759259283542633 0.4416666626930237 0.3740740716457367 0.4437499940395355 0.364814817905426 0.43541666865348816 0.3592592477798462 0.4229166805744171 0.3629629611968994 0.421875 0.3611111044883728 0.41874998807907104 0.3629629611968994 0.4166666567325592 0.3611111044883728 0.4020833373069763 0.3611111044883728 0.3958333432674408 0.35740742087364197 0.3864583373069763 0.3592592477798462 0.37812501192092896 0.36851853132247925 0.375 0.36851853132247925 0.37291666865348816 0.364814817905426 0.3645833432674408 0.3740740716457367 0.3531250059604645 0.37962964177131653 0.3489583432674408 0.3777777850627899
1 0.0 0.38148146867752075 0.15729166567325592 0.3740740716457367 0.1614583283662796 0.37962964177131653 0.10625000298023224 0.39629629254341125 0.13333334028720856 0.39814814925193787 0.18125000596046448 0.3888888955116272 0.21458333730697632 0.39444443583488464 0.2718749940395355 0.37962964177131653 0.26875001192092896 0.3777777850627899 0.2708333432674408 0.3740740716457367 0.28125 0.3740740716457367 0.26875001192092896 0.3722222149372101 0.2645833194255829 0.364814817905426 0.3010416626930237 0.3481481373310089 0.2854166626930237 0.34074074029922485 0.24375000596046448 0.33703702688217163 0.17916665971279144 0.3499999940395355 0.1614583283662796 0.3611111044883728 0.20104166865348816 0.35740742087364197 0.20104166865348816 0.364814817905426 0.13229165971279144 0.3759259283542633 0.07604166865348816 0.37037035822868347 0.07083333283662796 0.3759259283542633 0.03750000149011612 0.37962964177131653 0.01666666753590107 0.37037035822868347 0.09270833432674408 0.3592592477798462 0.08020833134651184 0.35740742087364197 0.08645833283662796 0.3499999940395355 0.09583333134651184 0.3499999940395355 0.05833333358168602 0.3499999940395355 0.06354166567325592 0.3444444537162781 0.05104166641831398 0.3444444537162781 0.0572916679084301 0.33888888359069824 0.04583333432674408 0.34259259700775146 0.0 0.33888888359069824 0.0 0.3481481373310089 0.0052083334885537624 0.3499999940395355 0.0 0.35185185074806213
1 0.21979166567325592 0.3351851999759674 0.21562500298023224 0.3351851999759674 0.21458333730697632 0.3333333432674408 0.20937499403953552 0.3333333432674408 0.2083333283662796 0.3314814865589142 0.20729166269302368 0.3314814865589142 0.20624999701976776 0.3333333432674408 0.203125 0.3333333432674408 0.20208333432674408 0.3351851999759674 0.1979166716337204 0.3351851999759674 0.19687500596046448 0.33703702688217163 0.1927083283662796 0.33703702688217163 0.19166666269302368 0.33888888359069824 0.18854166567325592 0.33888888359069824 0.1875 0.34074074029922485 0.18333333730697632 0.34074074029922485 0.18854166567325592 0.34074074029922485 0.18958333134651184 0.33888888359069824 0.1927083283662796 0.33888888359069824 0.19374999403953552 0.33703702688217163 0.19583334028720856 0.33703702688217163 0.19687500596046448 0.33888888359069824 0.20000000298023224 0.33888888359069824 0.20104166865348816 0.33703702688217163 0.21770833432674408 0.33703702688217163 0.21875 0.3351851999759674
2 0.8374999761581421 0.5444444417953491 0.8479166626930237 0.5592592358589172 0.8614583611488342 0.5611110925674438 0.862500011920929 0.5629629492759705 0.8614583611488342 0.5648148059844971 0.8520833253860474 0.5666666626930237 0.8885416388511658 0.5722222328186035 0.90625 0.5888888835906982 0.9156249761581421 0.5944444537162781 0.9270833134651184 0.5962963104248047 0.8760416507720947 0.5555555820465088 0.8770833611488342 0.5537037253379822 0.8812500238418579 0.5537037253379822 0.8885416388511658 0.5574073791503906 0.8958333134651184 0.5574073791503906 0.8999999761581421 0.5611110925674438 0.9072916507720947 0.5611110925674438 0.9156249761581421 0.5648148059844971 0.9270833134651184 0.5759259462356567 0.9239583611488342 0.5796296000480652 0.925000011920929 0.5814814567565918 0.921875 0.5833333134651184 0.9291666746139526 0.5870370268821716 0.9375 0.585185170173645 0.9479166865348816 0.5888888835906982 0.9489583373069763 0.5907407402992249 0.9479166865348816 0.5944444537162781 0.9395833611488342 0.5925925970077515 0.9364583492279053 0.5944444537162781 0.9447916746139526 0.6018518805503845 0.971875011920929 0.605555534362793 0.9635416865348816 0.6018518805503845 0.9489583373069763 0.5814814567565918 0.9281250238418579 0.5629629492759705 0.921875 0.5629629492759705 0.9104166626930237 0.5574073791503906 0.909375011920929 0.5592592358589172 0.8791666626930237 0.5425925850868225 0.878125011920929 0.5444444417953491 0.8541666865348816 0.5388888716697693 0.8500000238418579 0.5351851582527161 0.8489583134651184 0.5407407283782959 0.84375 0.5370370149612427 0.8447916507720947 0.5388888716697693 0.84375 0.5425925850868225
2 0.921875 0.5222222208976746 0.9229166507720947 0.5222222208976746 0.9281250238418579 0.5277777910232544 0.9281250238418579 0.5333333611488342 0.9260416626930237 0.5370370149612427 0.9239583611488342 0.5370370149612427 0.9229166507720947 0.5388888716697693 0.921875 0.5388888716697693 0.925000011920929 0.5407407283782959 0.9312499761581421 0.5518518686294556 0.9312499761581421 0.5555555820465088 0.9322916865348816 0.5555555820465088 0.9333333373069763 0.5574073791503906 0.9364583492279053 0.5574073791503906 0.9375 0.5592592358589172 0.9395833611488342 0.5592592358589172 0.940625011920929 0.5611110925674438 0.9447916746139526 0.5611110925674438 0.9458333253860474 0.5629629492759705 0.9489583373069763 0.5629629492759705 0.949999988079071 0.5648148059844971 0.9510416388511658 0.5648148059844971 0.953125 0.5685185194015503 0.9541666507720947 0.5685185194015503 0.956250011920929 0.5722222328186035 0.9572916626930237 0.5722222328186035 0.9583333134651184 0.5740740895271301 0.9614583253860474 0.5740740895271301 0.9624999761581421 0.5759259462356567 0.9624999761581421 0.5777778029441833 0.9635416865348816 0.5777778029441833 0.9645833373069763 0.5796296000480652 0.9677083492279053 0.5796296000480652 0.96875 0.5814814567565918 0.981249988079071 0.5814814567565918 0.9822916388511658 0.5796296000480652 0.9854166507720947 0.5796296000480652 0.9885416626930237 0.5833333134651184 0.9989583492279053 0.5833333134651184 0.9989583492279053 0.5722222328186035 0.9979166388511658 0.5722222328186035 0.9947916865348816 0.5685185194015503 0.9927083253860474 0.5685185194015503 0.9916666746139526 0.5666666626930237 0.9895833134651184 0.5666666626930237 0.9885416626930237 0.5648148059844971 0.9864583611488342 0.5648148059844971 0.9854166507720947 0.5629629492759705 0.9833333492279053 0.5629629492759705 0.9802083373069763 0.5592592358589172 0.9781249761581421 0.5592592358589172 0.9770833253860474 0.5574073791503906 0.9750000238418579 0.5574073791503906 0.971875011920929 0.5537037253379822 0.9697916507720947 0.5537037253379822 0.96875 0.5518518686294556 0.9666666388511658 0.5518518686294556 0.965624988079071 0.550000011920929 0.9645833373069763 0.550000011920929 0.9635416865348816 0.5481481552124023 0.9614583253860474 0.5481481552124023 0.9583333134651184 0.5444444417953491 0.956250011920929 0.5444444417953491 0.9552083611488342 0.5425925850868225 0.953125 0.5425925850868225 0.9520833492279053 0.5407407283782959 0.949999988079071 0.5407407283782959 0.9489583373069763 0.5388888716697693 0.9468749761581421 0.5388888716697693 0.9458333253860474 0.5370370149612427 0.9437500238418579 0.5370370149612427 0.940625011920929 0.5333333611488342 0.9385416507720947 0.5333333611488342 0.9375 0.5314815044403076 0.9354166388511658 0.5314815044403076 0.934374988079071 0.529629647731781 0.9322916865348816 0.529629647731781 0.9291666746139526 0.5259259343147278 0.9270833134651184 0.5259259343147278 0.9260416626930237 0.5240740776062012 0.9239583611488342 0.5240740776062012 0.9229166507720947 0.5222222208976746
2 0.6864583492279053 0.5055555701255798 0.6875 0.5074074268341064 0.6895833611488342 0.5074074268341064 0.6937500238418579 0.5111111402511597 0.6968749761581421 0.5111111402511597 0.6979166865348816 0.5129629373550415 0.7093750238418579 0.5148147940635681 0.7104166746139526 0.5166666507720947 0.7135416865348816 0.5166666507720947 0.7145833373069763 0.5185185074806213 0.7177083492279053 0.5185185074806213 0.71875 0.520370364189148 0.7229166626930237 0.520370364189148 0.7239583134651184 0.5222222208976746 0.7291666865348816 0.5222222208976746 0.7302083373069763 0.5240740776062012 0.737500011920929 0.5240740776062012 0.7406250238418579 0.520370364189148 0.7520833611488342 0.520370364189148 0.753125011920929 0.5222222208976746 0.7614583373069763 0.5240740776062012 0.765625 0.5277777910232544 0.7739583253860474 0.5277777910232544 0.778124988079071 0.5333333611488342 0.78125 0.5333333611488342 0.7854166626930237 0.5370370149612427 0.7885416746139526 0.5370370149612427 0.7927083373069763 0.5333333611488342 0.793749988079071 0.5351851582527161 0.796875 0.5314815044403076 0.800000011920929 0.5314815044403076 0.8041666746139526 0.5277777910232544 0.8083333373069763 0.5277777910232544 0.8104166388511658 0.529629647731781 0.8114583492279053 0.5240740776062012 0.809374988079071 0.5222222208976746 0.8104166388511658 0.520370364189148 0.8135416507720947 0.520370364189148 0.8062499761581421 0.5185185074806213 0.8041666746139526 0.5148147940635681 0.8010416626930237 0.5148147940635681 0.800000011920929 0.5129629373550415 0.7916666865348816 0.5129629373550415 0.7906249761581421 0.5111111402511597 0.7875000238418579 0.5111111402511597 0.7864583134651184 0.5092592835426331 0.784375011920929 0.5092592835426331 0.7802083492279053 0.5055555701255798 0.7770833373069763 0.5055555701255798 0.7760416865348816 0.5037037134170532 0.7708333134651184 0.5037037134170532 0.7697916626930237 0.5018518567085266 0.7645833492279053 0.5018518567085266 0.7635416388511658 0.5 0.7583333253860474 0.5 0.7572916746139526 0.4981481432914734 0.7427083253860474 0.4962962865829468 0.7416666746139526 0.49444442987442017 0.7364583611488342 0.49444442987442017 0.7354166507720947 0.49259260296821594 0.721875011920929 0.49259260296821594 0.7208333611488342 0.49074074625968933 0.7083333134651184 0.49074074625968933 0.7052083611488342 0.49444442987442017 0.699999988079071 0.4962962865829468 0.6927083134651184 0.5037037134170532 0.6885416507720947 0.5037037134170532
2 0.4385416805744171 0.39259257912635803 0.43958333134651184 0.39444443583488464 0.44583332538604736 0.39444443583488464 0.4468750059604645 0.39629629254341125 0.4479166567325592 0.39629629254341125 0.4489583373069763 0.39814814925193787 0.44999998807907104 0.39814814925193787 0.45104166865348816 0.4000000059604645 0.4520833194255829 0.4000000059604645 0.453125 0.39814814925193787 0.4541666805744171 0.39814814925193787 0.45520833134651184 0.39629629254341125 0.4583333432674408 0.39629629254341125 0.4593749940395355 0.39444443583488464 0.4645833373069763 0.39444443583488464 0.4572916626930237 0.39444443583488464 0.45625001192092896 0.39259257912635803 0.4572916626930237 0.3907407522201538 0.4416666626930237 0.3907407522201538 0.44062501192092896 0.39259257912635803
2 0.4229166805744171 0.3870370388031006 0.4208333194255829 0.3870370388031006 0.41979166865348816 0.385185182094574 0.41874998807907104 0.385185182094574 0.4177083373069763 0.38333332538604736 0.40833333134651184 0.38333332538604736 0.4072916805744171 0.385185182094574 0.40833333134651184 0.3870370388031006 0.4072916805744171 0.3888888955116272 0.4072916805744171 0.3907407522201538 0.40833333134651184 0.39259257912635803 0.4072916805744171 0.39444443583488464 0.40312498807907104 0.39444443583488464 0.4020833373069763 0.39629629254341125 0.4010416567325592 0.39629629254341125 0.4000000059604645 0.39444443583488464 0.3947916626930237 0.39444443583488464 0.39791667461395264 0.39444443583488464 0.39895832538604736 0.39629629254341125 0.4000000059604645 0.39629629254341125 0.4010416567325592 0.39814814925193787 0.4000000059604645 0.4000000059604645 0.3968749940395355 0.4000000059604645 0.3958333432674408 0.4018518626689911 0.3916666805744171 0.4018518626689911 0.40833333134651184 0.4018518626689911 0.40937501192092896 0.4000000059604645 0.4166666567325592 0.4000000059604645 0.4166666567325592 0.39814814925193787 0.4156250059604645 0.39629629254341125 0.41354167461395264 0.39629629254341125 0.4124999940395355 0.39444443583488464 0.4114583432674408 0.39444443583488464 0.4104166626930237 0.39259257912635803 0.4124999940395355 0.3888888955116272 0.41354167461395264 0.3888888955116272 0.41458332538604736 0.3907407522201538 0.4166666567325592 0.3907407522201538 0.4177083373069763 0.39259257912635803 0.41874998807907104 0.39259257912635803 0.41979166865348816 0.3907407522201538 0.4208333194255829 0.3907407522201538 0.4208333194255829 0.3888888955116272 0.421875 0.3870370388031006
2 0.0 0.38333332538604736 0.0 0.5148147940635681 0.09375 0.5370370149612427 0.02291666716337204 0.5537037253379822 0.0 0.5740740895271301 0.0 0.8111110925674438 0.12083332985639572 0.8425925970077515 0.13333334028720856 0.8296296000480652 0.14374999701976776 0.7925925850868225 0.20416666567325592 0.7129629850387573 0.2447916716337204 0.7018518447875977 0.2593750059604645 0.6851851940155029 0.2708333432674408 0.6888889074325562 0.2802083194255829 0.7222222089767456 0.3114583194255829 0.7055555582046509 0.34375 0.7074074149131775 0.33020833134651184 0.7277777791023254 0.27291667461395264 0.7333333492279053 0.25729167461395264 0.7814815044403076 0.265625 0.7888888716697693 0.2614583373069763 0.8111110925674438 0.27395832538604736 0.8277778029441833 0.20520833134651184 0.8611111044883728 0.2510416805744171 0.8796296119689941 0.19479165971279144 0.9981481432914734 0.2593750059604645 0.9981481432914734 0.3385416567325592 0.8018518686294556 0.3447916805744171 0.7574074268341064 0.36250001192092896 0.7444444298744202 0.39375001192092896 0.6722221970558167 0.3895833194255829 0.6499999761581421 0.40937501192092896 0.6314814686775208 0.14791665971279144 0.5870370268821716 0.10000000149011612 0.4444444477558136 0.11770833283662796 0.43703705072402954 0.0416666679084301 0.4462963044643402 0.07916666567325592 0.42407408356666565 0.0416666679084301 0.4203703701496124 0.1614583283662796 0.3777777850627899
2 0.38229167461395264 0.3629629611968994 0.3812499940395355 0.3611111044883728 0.3552083373069763 0.3611111044883728 0.3541666567325592 0.3629629611968994 0.3343749940395355 0.364814817905426 0.3270833194255829 0.36851853132247925 0.31458333134651184 0.36851853132247925 0.3072916567325592 0.364814817905426 0.2666666805744171 0.364814817905426 0.2645833194255829 0.36666667461395264 0.27291667461395264 0.3722222149372101 0.27395832538604736 0.36851853132247925 0.2760416567325592 0.36851853132247925 0.2822916805744171 0.3740740716457367 0.27812498807907104 0.3777777850627899 0.2760416567325592 0.3759259283542633 0.2697916626930237 0.3777777850627899 0.2718749940395355 0.3777777850627899 0.27291667461395264 0.37962964177131653 0.2718749940395355 0.38148146867752075 0.26875001192092896 0.38148146867752075 0.2604166567325592 0.3870370388031006 0.23333333432674408 0.3888888955116272 0.23229166865348816 0.3907407522201538 0.22291666269302368 0.3907407522201538 0.21562500298023224 0.39444443583488464 0.25 0.39259257912635803 0.2541666626930237 0.3888888955116272 0.25833332538604736 0.3888888955116272 0.2593750059604645 0.3907407522201538 0.2802083194255829 0.3907407522201538 0.28125 0.3888888955116272 0.28958332538604736 0.3888888955116272 0.2906250059604645 0.3870370388031006 0.30937498807907104 0.3870370388031006 0.31041666865348816 0.3888888955116272 0.31562501192092896 0.3870370388031006 0.3177083432674408 0.3888888955116272 0.3187499940395355 0.3870370388031006 0.34062498807907104 0.38333332538604736 0.3489583432674408 0.3759259283542633 0.3531250059604645 0.3777777850627899 0.36145833134651184 0.3740740716457367 0.3708333373069763 0.36666667461395264 0.37291666865348816 0.3629629611968994 0.375 0.36666667461395264 0.37812501192092896 0.36666667461395264
2 0.4364583194255829 0.3740740716457367 0.4625000059604645 0.385185182094574 0.46145832538604736 0.3907407522201538 0.48645833134651184 0.39444443583488464 0.4937500059604645 0.40925925970077515 0.6479166746139526 0.4185185134410858 0.6604166626930237 0.4166666567325592 0.6541666388511658 0.41111111640930176 0.6791666746139526 0.40740740299224854 0.690625011920929 0.4185185134410858 0.706250011920929 0.4203703701496124 0.7270833253860474 0.442592591047287 0.7562500238418579 0.44999998807907104 0.7614583373069763 0.4574074149131775 0.8333333134651184 0.44999998807907104 0.8104166388511658 0.43703705072402954 0.9989583492279053 0.4444444477558136 0.9989583492279053 0.3759259283542633 0.9854166507720947 0.3722222149372101 0.7104166746139526 0.3722222149372101 0.6864583492279053 0.364814817905426 0.6000000238418579 0.36666667461395264 0.5322916507720947 0.35740742087364197 0.49791666865348816 0.364814817905426 0.43958333134651184 0.3611111044883728 0.44479167461395264 0.364814817905426 0.4427083432674408 0.3740740716457367
2 0.25208333134651184 0.3351851999759674 0.22083333134651184 0.3351851999759674 0.21770833432674408 0.33888888359069824 0.19374999403953552 0.33888888359069824 0.18854166567325592 0.34259259700775146 0.18333333730697632 0.34259259700775146 0.18333333730697632 0.33888888359069824 0.19687500596046448 0.3351851999759674 0.15520833432674408 0.3351851999759674 0.13750000298023224 0.34074074029922485 0.11354167014360428 0.34074074029922485 0.08541666716337204 0.3481481373310089 0.09583333134651184 0.3481481373310089 0.09583333134651184 0.35185185074806213 0.08645833283662796 0.35185185074806213 0.08124999701976776 0.35740742087364197 0.09270833432674408 0.35740742087364197 0.09270833432674408 0.3611111044883728 0.0677083358168602 0.3611111044883728 0.05833333358168602 0.36666667461395264 0.05312500149011612 0.364814817905426 0.04791666567325592 0.36851853132247925 0.01666666753590107 0.3722222149372101 0.0416666679084301 0.3777777850627899 0.05312500149011612 0.3722222149372101 0.07083333283662796 0.3740740716457367 0.07604166865348816 0.36851853132247925 0.11145833134651184 0.37037035822868347 0.1354166716337204 0.364814817905426 0.15208333730697632 0.364814817905426 0.18020834028720856 0.35185185074806213 0.17812499403953552 0.3499999940395355 0.17916665971279144 0.3481481373310089 0.1979166716337204 0.3481481373310089
4 0.2770833373069763 0.45185184478759766 0.27916666865348816 0.45185184478759766 0.28125 0.4574074149131775 0.2927083373069763 0.46481481194496155 0.29479166865348816 0.46851852536201477 0.31458333134651184 0.47592592239379883 0.3291666805744171 0.47777777910232544 0.33645832538604736 0.48148149251937866 0.36666667461395264 0.4833333194255829 0.3802083432674408 0.4870370328426361 0.4437499940395355 0.48148149251937866 0.453125 0.47592592239379883 0.4593749940395355 0.47592592239379883 0.4677083194255829 0.4703703820705414 0.4739583432674408 0.46296295523643494 0.4791666567325592 0.45185184478759766 0.4729166626930237 0.45185184478759766 0.47187501192092896 0.4481481611728668 0.4739583432674408 0.4444444477558136 0.4677083194255829 0.4444444477558136 0.46666666865348816 0.43888887763023376 0.4520833194255829 0.43888887763023376 0.45104166865348816 0.43703705072402954 0.4520833194255829 0.43518519401550293 0.4385416805744171 0.43518519401550293 0.43437498807907104 0.4314814805984497 0.43541666865348816 0.4296296238899231 0.43020832538604736 0.4277777671813965 0.40312498807907104 0.4277777671813965 0.3958333432674408 0.42407408356666565 0.38749998807907104 0.42407408356666565 0.3864583373069763 0.42592594027519226 0.3489583432674408 0.42407408356666565 0.3479166626930237 0.42592594027519226 0.33541667461395264 0.42592594027519226 0.3343749940395355 0.4277777671813965 0.32604166865348816 0.42592594027519226 0.32083332538604736 0.4296296238899231 0.30937498807907104 0.4296296238899231 0.2802083194255829 0.4444444477558136 0.2822916805744171 0.4481481611728668
