0 0.47083333134651184 0.6018518805503845 0.43958333134651184 0.6296296119689941 0.44062501192092896 0.635185182094574 0.43437498807907104 0.6407407522201538 0.41979166865348816 0.6111111044883728 0.4166666567325592 0.5907407402992249 0.41354167461395264 0.5944444537162781 0.4104166626930237 0.6370370388031006 0.4020833373069763 0.6574074029922485 0.39895832538604736 0.6537036895751953 0.4000000059604645 0.6592592597007751 0.3958333432674408 0.6666666865348816 0.38229167461395264 0.6777777671813965 0.3687500059604645 0.6759259104728699 0.3635416626930237 0.6833333373069763 0.3447916805744171 0.6907407641410828 0.33645832538604736 0.6833333373069763 0.3125 0.7111111283302307 0.2958333194255829 0.7425925731658936 0.27395832538604736 0.7685185074806213 0.26770833134651184 0.770370364189148 0.2614583373069763 0.7962962985038757 0.25833332538604736 0.7925925850868225 0.2562499940395355 0.8092592358589172 0.24687500298023224 0.8185185194015503 0.234375 0.8537036776542664 0.23645833134651184 0.8574073910713196 0.23229166865348816 0.864814817905426 0.234375 0.8703703880310059 0.23229166865348816 0.8870370388031006 0.22708334028720856 0.8962963223457336 0.234375 0.9222221970558167 0.22708334028720856 0.9592592716217041 0.22499999403953552 0.9981481432914734 0.5260416865348816 0.9981481432914734
0 0.6604166626930237 0.5277777910232544 0.6625000238418579 0.5314815044403076 0.6614583134651184 0.5333333611488342 0.6625000238418579 0.5351851582527161 0.6697916388511658 0.5351851582527161 0.6708333492279053 0.5333333611488342 0.6708333492279053 0.5314815044403076 0.6697916388511658 0.529629647731781 0.6614583134651184 0.529629647731781
0 0.21666666865348816 0.5222222208976746 0.2135416716337204 0.5222222208976746 0.21145834028720856 0.5185185074806213 0.2083333283662796 0.5240740776062012 0.20937499403953552 0.5259259343147278 0.20937499403953552 0.5277777910232544 0.2083333283662796 0.529629647731781 0.2083333283662796 0.5314815044403076 0.20729166269302368 0.5333333611488342 0.2083333283662796 0.5333333611488342 0.20937499403953552 0.5314815044403076 0.2135416716337204 0.5314815044403076 0.21458333730697632 0.529629647731781 0.21458333730697632 0.5277777910232544 0.21562500298023224 0.5259259343147278 0.21562500298023224 0.5240740776062012
0 0.2864583432674408 0.4851851761341095 0.2864583432674408 0.4833333194255829 0.2854166626930237 0.4833333194255829 0.28333333134651184 0.47962963581085205 0.2760416567325592 0.47962963581085205 0.2750000059604645 0.48148149251937866 0.2718749940395355 0.48148149251937866 0.2708333432674408 0.4833333194255829 0.26770833134651184 0.4833333194255829 0.2645833194255829 0.47962963581085205 0.2562499940395355 0.47962963581085205 0.2552083432674408 0.48148149251937866 0.25 0.48148149251937866 0.24895833432674408 0.4833333194255829 0.24375000596046448 0.4833333194255829 0.24270834028720856 0.48148149251937866 0.24166665971279144 0.4833333194255829 0.22812500596046448 0.4833333194255829 0.22708334028720856 0.4851851761341095 0.22604165971279144 0.4833333194255829 0.21250000596046448 0.4833333194255829 0.21666666865348816 0.4833333194255829 0.21770833432674408 0.4851851761341095 0.21666666865348816 0.4870370328426361 0.21666666865348816 0.4888888895511627 0.21770833432674408 0.49074074625968933 0.21770833432674408 0.49259260296821594 0.22187499701976776 0.49259260296821594 0.22291666269302368 0.49444442987442017 0.2239583283662796 0.49444442987442017 0.22499999403953552 0.49259260296821594 0.23229166865348816 0.49259260296821594 0.23333333432674408 0.49074074625968933 0.24791666865348816 0.49074074625968933 0.24895833432674408 0.4888888895511627 0.2604166567325592 0.4888888895511627 0.2614583373069763 0.4870370328426361 0.27395832538604736 0.4870370328426361 0.2750000059604645 0.4851851761341095
0 0.18333333730697632 0.43518519401550293 0.17499999701976776 0.43518519401550293 0.17083333432674408 0.43888887763023376 0.16875000298023224 0.43888887763023376 0.16770833730697632 0.43703705072402954 0.16875000298023224 0.43518519401550293 0.1510416716337204 0.43518519401550293 0.15000000596046448 0.43703705072402954 0.12708333134651184 0.43888887763023376 0.13229165971279144 0.43888887763023376 0.13333334028720856 0.4407407343387604 0.1302083283662796 0.4462963044643402 0.12187500298023224 0.44999998807907104 0.11874999850988388 0.45370370149612427 0.10520832985639572 0.4574074149131775 0.09583333134651184 0.46296295523643494 0.07500000298023224 0.46666666865348816 0.05416666716337204 0.47592592239379883 0.04895833507180214 0.47592592239379883 0.04374999925494194 0.47962963581085205 0.01770833320915699 0.4870370328426361 0.01354166679084301 0.49074074625968933 0.0 0.49444442987442017 0.0 0.5 0.02083333395421505 0.49259260296821594 0.02916666679084301 0.49259260296821594 0.03020833246409893 0.49074074625968933 0.05104166641831398 0.4870370328426361 0.05833333358168602 0.4833333194255829 0.07500000298023224 0.4833333194255829 0.09687499701976776 0.47592592239379883 0.10729166865348816 0.47592592239379883 0.1197916641831398 0.4703703820705414 0.12604166567325592 0.4703703820705414 0.14166666567325592 0.4611110985279083 0.14270833134651184 0.46296295523643494 0.15000000596046448 0.4574074149131775 0.15312500298023224 0.4574074149131775
0 0.07916666567325592 0.3592592477798462 0.078125 0.35740742087364197 0.07083333283662796 0.35740742087364197 0.06979166716337204 0.3592592477798462 0.05312500149011612 0.3592592477798462 0.0520833320915699 0.3611111044883728 0.02812499925494194 0.3611111044883728 0.02708333358168602 0.3629629611968994 0.01145833358168602 0.3629629611968994 0.010416666977107525 0.364814817905426 0.0031250000465661287 0.364814817905426 0.0020833334419876337 0.36666667461395264 0.0 0.36666667461395264 0.0 0.37037035822868347 0.0052083334885537624 0.37037035822868347 0.0062500000931322575 0.36851853132247925 0.014583333395421505 0.36851853132247925 0.015625 0.36666667461395264 0.01979166641831398 0.36666667461395264 0.02083333395421505 0.364814817905426 0.03854166716337204 0.364814817905426 0.03958333283662796 0.3629629611968994 0.06458333134651184 0.3629629611968994 0.06562499701976776 0.3611111044883728 0.0729166641831398 0.3611111044883728 0.07395832985639572 0.3592592477798462
0 0.0 0.35740742087364197 0.0020833334419876337 0.35740742087364197 0.0031250000465661287 0.35555556416511536 0.0072916666977107525 0.35555556416511536 0.008333333767950535 0.35370370745658875 0.010416666977107525 0.35370370745658875 0.01145833358168602 0.35185185074806213 0.01875000074505806 0.35185185074806213 0.01979166641831398 0.3499999940395355 0.02708333358168602 0.3499999940395355 0.014583333395421505 0.3499999940395355 0.01354166679084301 0.35185185074806213 0.0052083334885537624 0.35185185074806213 0.004166666883975267 0.3499999940395355 0.0 0.3499999940395355 0.0010416667209938169 0.3499999940395355 0.0020833334419876337 0.35185185074806213 0.0010416667209938169 0.35370370745658875 0.0 0.35370370745658875
0 0.4781250059604645 0.4055555462837219 0.48750001192092896 0.4333333373069763 0.49687498807907104 0.4277777671813965 0.5520833134651184 0.46666666865348816 0.5666666626930237 0.46666666865348816 0.628125011920929 0.5333333611488342 0.6229166388511658 0.5259259343147278 0.640625 0.5111111402511597 0.6572916507720947 0.5240740776062012 0.6677083373069763 0.5185185074806213 0.621874988079071 0.4740740656852722 0.6187499761581421 0.4574074149131775 0.6010416746139526 0.4611110985279083 0.5854166746139526 0.44999998807907104 0.6479166746139526 0.442592591047287 0.6104166507720947 0.43888887763023376 0.578125 0.42222222685813904 0.5625 0.39814814925193787 0.574999988079071 0.38333332538604736 0.6468750238418579 0.39814814925193787 0.675000011920929 0.4296296238899231 0.6666666865348816 0.4407407343387604 0.7604166865348816 0.4740740656852722 0.8302083611488342 0.5111111402511597 0.8083333373069763 0.4870370328426361 0.7416666746139526 0.45185184478759766 0.8770833611488342 0.49444442987442017 0.753125011920929 0.4333333373069763 0.731249988079071 0.4407407343387604 0.734375 0.43703705072402954 0.7281249761581421 0.4314814805984497 0.7197916507720947 0.43888887763023376 0.7302083373069763 0.4462963044643402 0.7145833373069763 0.4444444477558136 0.6979166865348816 0.4037036895751953 0.675000011920929 0.3907407522201538 0.6885416507720947 0.385185182094574 0.6781250238418579 0.37037035822868347 0.5520833134651184 0.3444444537162781 0.6156250238418579 0.37037035822868347 0.6104166507720947 0.3759259283542633 0.565625011920929 0.35555556416511536 0.5291666388511658 0.35555556416511536 0.5354166626930237 0.3592592477798462
0 0.0572916679084301 0.33888888359069824 0.04791666567325592 0.33888888359069824 0.046875 0.34074074029922485 0.04479166492819786 0.34074074029922485 0.04374999925494194 0.33888888359069824 0.04062499850988388 0.33888888359069824 0.03958333283662796 0.34074074029922485 0.03541666641831398 0.34074074029922485 0.03437500074505806 0.33888888359069824 0.03333333507180214 0.34074074029922485 0.010416666977107525 0.34074074029922485 0.00937500037252903 0.34259259700775146 0.0 0.34259259700775146 0.0 0.3462963104248047 0.0020833334419876337 0.3462963104248047 0.0031250000465661287 0.3444444537162781 0.008333333767950535 0.3444444537162781 0.00937500037252903 0.34259259700775146 0.05104166641831398 0.34259259700775146 0.0520833320915699 0.34074074029922485 0.0572916679084301 0.34074074029922485
0 0.23020833730697632 0.33703702688217163 0.21666666865348816 0.33703702688217163 0.21458333730697632 0.3333333432674408 0.21458333730697632 0.3314814865589142 0.21250000596046448 0.3314814865589142 0.21145834028720856 0.3333333432674408 0.20208333432674408 0.3333333432674408 0.20104166865348816 0.3351851999759674 0.19687500596046448 0.3351851999759674 0.19583334028720856 0.33703702688217163 0.18958333134651184 0.33703702688217163 0.18854166567325592 0.33888888359069824 0.17812499403953552 0.33888888359069824 0.1770833283662796 0.33703702688217163 0.1770833283662796 0.3351851999759674 0.17604166269302368 0.3351851999759674 0.17499999701976776 0.33703702688217163 0.171875 0.33703702688217163 0.171875 0.33888888359069824 0.17083333432674408 0.34074074029922485 0.16875000298023224 0.34074074029922485 0.16979166865348816 0.34259259700775146 0.16875000298023224 0.3444444537162781 0.17604166269302368 0.3444444537162781 0.1770833283662796 0.34259259700775146 0.19166666269302368 0.34259259700775146 0.1927083283662796 0.34074074029922485 0.19895833730697632 0.34074074029922485 0.20000000298023224 0.33888888359069824 0.2135416716337204 0.33888888359069824 0.21458333730697632 0.33703702688217163
0 0.565625011920929 0.3314814865589142 0.6031249761581421 0.3314814865589142 0.6041666865348816 0.3333333432674408 0.6072916388511658 0.3333333432674408 0.6072916388511658 0.3314814865589142 0.5989583134651184 0.3314814865589142 0.5979166626930237 0.3296296298503876 0.5885416865348816 0.3296296298503876 0.5874999761581421 0.3314814865589142 0.5833333134651184 0.3314814865589142 0.5822916626930237 0.3296296298503876 0.5677083134651184 0.3296296298503876 0.5666666626930237 0.3314814865589142
0 0.03958333283662796 0.32777777314186096 0.02500000037252903 0.32777777314186096 0.02395833283662796 0.3296296298503876 0.01145833358168602 0.3296296298503876 0.012500000186264515 0.3314814865589142 0.01145833358168602 0.3333333432674408 0.0031250000465661287 0.3333333432674408 0.0020833334419876337 0.3351851999759674 0.0 0.3351851999759674 0.0 0.33703702688217163 0.0031250000465661287 0.33703702688217163 0.004166666883975267 0.3351851999759674 0.0072916666977107525 0.3351851999759674 0.008333333767950535 0.3333333432674408 0.01354166679084301 0.3333333432674408 0.012500000186264515 0.3314814865589142 0.01354166679084301 0.3296296298503876 0.03541666641831398 0.3296296298503876 0.0364583320915699 0.32777777314186096
0 0.24687500298023224 0.3203703761100769 0.24791666865348816 0.3222222328186035 0.24791666865348816 0.32407405972480774 0.24687500298023224 0.32592591643333435 0.24791666865348816 0.32592591643333435 0.24791666865348816 0.32407405972480774 0.24895833432674408 0.3222222328186035 0.25312501192092896 0.3222222328186035 0.2541666626930237 0.3203703761100769 0.25833332538604736 0.3203703761100769 0.2593750059604645 0.3222222328186035 0.2593750059604645 0.32407405972480774 0.25833332538604736 0.32592591643333435 0.2562499940395355 0.32592591643333435 0.2552083432674408 0.32407405972480774 0.2541666626930237 0.32592591643333435 0.25208333134651184 0.32592591643333435 0.2562499940395355 0.32592591643333435 0.25729167461395264 0.32777777314186096 0.2562499940395355 0.3296296298503876 0.24791666865348816 0.3296296298503876 0.25 0.3296296298503876 0.2510416805744171 0.3314814865589142 0.2562499940395355 0.3314814865589142 0.25729167461395264 0.3333333432674408 0.25833332538604736 0.3314814865589142 0.26354166865348816 0.3314814865589142 0.2614583373069763 0.32777777314186096 0.26249998807907104 0.32592591643333435 0.26354166865348816 0.32592591643333435 0.2645833194255829 0.32777777314186096 0.27395832538604736 0.32777777314186096 0.2708333432674408 0.32777777314186096 0.2697916626930237 0.32592591643333435 0.2708333432674408 0.32407405972480774 0.2718749940395355 0.32407405972480774 0.2708333432674408 0.32407405972480774 0.2697916626930237 0.32592591643333435 0.26875001192092896 0.32592591643333435 0.26770833134651184 0.32407405972480774 0.2666666805744171 0.32592591643333435 0.2614583373069763 0.32592591643333435 0.2604166567325592 0.32407405972480774 0.2604166567325592 0.3222222328186035 0.2614583373069763 0.3203703761100769 0.26249998807907104 0.3203703761100769 0.26354166865348816 0.3222222328186035 0.2645833194255829 0.3222222328186035 0.265625 0.3203703761100769 0.2666666805744171 0.3203703761100769 0.265625 0.3185185194015503 0.2645833194255829 0.3203703761100769 0.26354166865348816 0.3203703761100769 0.26249998807907104 0.3185185194015503 0.2562499940395355 0.3185185194015503 0.2552083432674408 0.3203703761100769
0 0.16041666269302368 0.3185185194015503 0.15729166567325592 0.3185185194015503 0.15625 0.3203703761100769 0.1510416716337204 0.3203703761100769 0.15312500298023224 0.32407405972480774 0.15312500298023224 0.32777777314186096 0.15208333730697632 0.3296296298503876 0.15000000596046448 0.3296296298503876 0.1510416716337204 0.3296296298503876 0.15208333730697632 0.3314814865589142 0.1510416716337204 0.3333333432674408 0.14687499403953552 0.3333333432674408 0.1458333283662796 0.3314814865589142 0.14374999701976776 0.3314814865589142 0.14270833134651184 0.3296296298503876 0.14166666567325592 0.3296296298503876 0.140625 0.3314814865589142 0.13958333432674408 0.3314814865589142 0.13854166865348816 0.3333333432674408 0.1354166716337204 0.3333333432674408 0.13437500596046448 0.3351851999759674 0.13124999403953552 0.3351851999759674 0.1302083283662796 0.33703702688217163 0.12187500298023224 0.33703702688217163 0.12083332985639572 0.33888888359069824 0.1197916641831398 0.33888888359069824 0.12812499701976776 0.33888888359069824 0.12916666269302368 0.33703702688217163 0.1302083283662796 0.33703702688217163 0.13124999403953552 0.33888888359069824 0.13229165971279144 0.33703702688217163 0.13333334028720856 0.33703702688217163 0.13437500596046448 0.3351851999759674 0.1354166716337204 0.33703702688217163 0.13854166865348816 0.33703702688217163 0.13958333432674408 0.3351851999759674 0.14895834028720856 0.3351851999759674 0.15000000596046448 0.3333333432674408 0.15208333730697632 0.3333333432674408 0.15312500298023224 0.3314814865589142 0.15416666865348816 0.3314814865589142 0.15729166567325592 0.32592591643333435 0.15729166567325592 0.32407405972480774 0.15833333134651184 0.3222222328186035 0.16041666269302368 0.3222222328186035 0.15937499701976776 0.3203703761100769
0 0.04374999925494194 0.3203703761100769 0.03854166716337204 0.3203703761100769 0.03750000149011612 0.3185185194015503 0.0364583320915699 0.3203703761100769 0.03020833246409893 0.3203703761100769 0.02916666679084301 0.3222222328186035 0.012500000186264515 0.3222222328186035 0.01145833358168602 0.3203703761100769 0.0031250000465661287 0.3203703761100769 0.0020833334419876337 0.3222222328186035 0.0010416667209938169 0.3222222328186035 0.0 0.3203703761100769 0.0 0.3222222328186035 0.01770833320915699 0.3222222328186035 0.01875000074505806 0.32407405972480774 0.02291666716337204 0.32407405972480774 0.02395833283662796 0.3222222328186035 0.02500000037252903 0.3222222328186035 0.02604166604578495 0.32407405972480774 0.03958333283662796 0.32407405972480774 0.03437500074505806 0.32407405972480774 0.03333333507180214 0.3222222328186035 0.03437500074505806 0.3203703761100769
0 0.04895833507180214 0.3185185194015503 0.05104166641831398 0.3185185194015503 0.0520833320915699 0.3203703761100769 0.06458333134651184 0.3203703761100769 0.06458333134651184 0.3185185194015503 0.06562499701976776 0.3166666626930237 0.0677083358168602 0.3166666626930237 0.06875000149011612 0.3185185194015503 0.08124999701976776 0.3185185194015503 0.07604166865348816 0.3185185194015503 0.07500000298023224 0.3166666626930237 0.07604166865348816 0.31481480598449707 0.07187499850988388 0.31481480598449707 0.07083333283662796 0.3166666626930237 0.06458333134651184 0.3166666626930237 0.06354166567325592 0.31481480598449707 0.06145833432674408 0.31481480598449707 0.0625 0.3166666626930237 0.06354166567325592 0.3166666626930237 0.06458333134651184 0.3185185194015503 0.06354166567325592 0.3203703761100769 0.06145833432674408 0.3203703761100769 0.06041666492819786 0.3185185194015503
0 0.22187499701976776 0.3092592656612396 0.24583333730697632 0.3092592656612396 0.24687500298023224 0.31111112236976624 0.2604166567325592 0.31111112236976624 0.2552083432674408 0.31111112236976624 0.2541666626930237 0.3092592656612396 0.2510416805744171 0.3092592656612396 0.25 0.307407408952713 0.24895833432674408 0.3092592656612396 0.24791666865348816 0.307407408952713 0.23125000298023224 0.307407408952713 0.23020833730697632 0.3092592656612396
0 0.47083333134651184 0.3203703761100769 0.4625000059604645 0.31481480598449707 0.45520833134651184 0.31481480598449707 0.45104166865348816 0.3092592656612396 0.44583332538604736 0.3092592656612396 0.44479167461395264 0.307407408952713 0.44583332538604736 0.3055555522441864 0.4520833194255829 0.3055555522441864 0.40833333134651184 0.3055555522441864 0.4072916805744171 0.307407408952713 0.4020833373069763 0.3055555522441864 0.4000000059604645 0.3092592656612396 0.3958333432674408 0.31111112236976624 0.39270833134651184 0.3092592656612396 0.3854166567325592 0.31296294927597046 0.3864583373069763 0.31481480598449707 0.3843750059604645 0.3185185194015503 0.3760416805744171 0.32407405972480774 0.36145833134651184 0.32407405972480774 0.3604166805744171 0.32592591643333435 0.3531250059604645 0.32592591643333435 0.35208332538604736 0.32407405972480774 0.3479166626930237 0.32592591643333435 0.34687501192092896 0.32407405972480774 0.3479166626930237 0.3222222328186035 0.33541667461395264 0.3222222328186035 0.3427083194255829 0.3222222328186035 0.34375 0.32407405972480774 0.3427083194255829 0.32592591643333435 0.3270833194255829 0.32592591643333435 0.32604166865348816 0.32777777314186096 0.29374998807907104 0.32592591643333435 0.32604166865348816 0.3296296298503876 0.3395833373069763 0.3351851999759674 0.3958333432674408 0.33703702688217163 0.3968749940395355 0.3351851999759674 0.40937501192092896 0.3351851999759674 0.40833333134651184 0.3333333432674408 0.39895832538604736 0.3333333432674408 0.3968749940395355 0.3296296298503876 0.40625 0.32407405972480774 0.41354167461395264 0.32407405972480774 0.41458332538604736 0.3222222328186035 0.4593749940395355 0.32407405972480774
0 0.13854166865348816 0.3037036955356598 0.14687499403953552 0.3037036955356598 0.14791665971279144 0.3055555522441864 0.171875 0.3055555522441864 0.17291666567325592 0.307407408952713 0.17395833134651184 0.307407408952713 0.17499999701976776 0.3055555522441864 0.19687500596046448 0.3055555522441864 0.1979166716337204 0.307407408952713 0.20416666567325592 0.307407408952713 0.20520833134651184 0.3092592656612396 0.20520833134651184 0.31111112236976624 0.21666666865348816 0.31111112236976624 0.21770833432674408 0.3092592656612396 0.21979166567325592 0.3092592656612396 0.20937499403953552 0.3092592656612396 0.20624999701976776 0.3055555522441864 0.15416666865348816 0.3055555522441864 0.15312500298023224 0.3037036955356598
1 0.46666666865348816 0.800000011920929 0.46666666865348816 0.8037037253379822 0.47708332538604736 0.8222222328186035 0.4781250059604645 0.8222222328186035 0.4791666567325592 0.8240740895271301 0.4802083373069763 0.8240740895271301 0.48124998807907104 0.8259259462356567 0.484375 0.8259259462356567 0.4854166805744171 0.8240740895271301 0.4854166805744171 0.8148148059844971 0.48124998807907104 0.8074073791503906 0.4802083373069763 0.8074073791503906 0.4781250059604645 0.8037037253379822 0.47708332538604736 0.8037037253379822 0.47604167461395264 0.8018518686294556 0.4749999940395355 0.8018518686294556 0.4739583432674408 0.800000011920929 0.47083333134651184 0.800000011920929 0.4697916805744171 0.7981481552124023 0.46875 0.800000011920929
1 0.3114583194255829 0.7685185074806213 0.3062500059604645 0.7685185074806213 0.30520832538604736 0.7666666507720947 0.2979166805744171 0.7666666507720947 0.296875 0.7685185074806213 0.29374998807907104 0.7685185074806213 0.2927083373069763 0.770370364189148 0.2906250059604645 0.770370364189148 0.28854167461395264 0.7740740776062012 0.28437501192092896 0.7777777910232544 0.27916666865348816 0.7907407283782959 0.27916666865348816 0.7962962985038757 0.27812498807907104 0.7981481552124023 0.27812498807907104 0.800000011920929 0.27916666865348816 0.7981481552124023 0.2802083194255829 0.800000011920929 0.2802083194255829 0.8018518686294556 0.27812498807907104 0.8037037253379822 0.27812498807907104 0.8074073791503906 0.27916666865348816 0.8092592358589172 0.27812498807907104 0.8129629492759705 0.27916666865348816 0.8166666626930237 0.2770833373069763 0.8203703761100769 0.2770833373069763 0.8259259462356567 0.2750000059604645 0.8333333134651184 0.2750000059604645 0.8518518805503845 0.2760416567325592 0.8537036776542664 0.2760416567325592 0.8592592477798462 0.27395832538604736 0.8629629611968994 0.27291667461395264 0.8759258985519409 0.2708333432674408 0.8833333253860474 0.2708333432674408 0.894444465637207 0.26875001192092896 0.8999999761581421 0.26875001192092896 0.9037036895751953 0.2708333432674408 0.9074074029922485 0.2708333432674408 0.9166666865348816 0.2718749940395355 0.9203703999519348 0.27395832538604736 0.9203703999519348 0.2760416567325592 0.9222221970558167 0.28437501192092896 0.914814829826355 0.28958332538604736 0.9037036895751953 0.2916666567325592 0.8962963223457336 0.2916666567325592 0.8907407522201538 0.2927083373069763 0.8888888955116272 0.2927083373069763 0.8796296119689941 0.29374998807907104 0.8777777552604675 0.29374998807907104 0.8481481671333313 0.29479166865348816 0.8462963104248047 0.29479166865348816 0.8407407402992249 0.29895833134651184 0.8259259462356567 0.3010416626930237 0.8222222328186035 0.3010416626930237 0.8203703761100769 0.3135416805744171 0.7962962985038757 0.3135416805744171 0.7944444417953491 0.31562501192092896 0.7907407283782959 0.3177083432674408 0.7833333611488342 0.3177083432674408 0.779629647731781 0.3166666626930237 0.7759259343147278 0.3135416805744171 0.770370364189148
1 0.0 0.5018518567085266 0.0 0.9981481432914734 0.2239583283662796 0.9981481432914734 0.23125000298023224 0.864814817905426 0.265625 0.7722222208976746 0.33645832538604736 0.6814814805984497 0.3958333432674408 0.664814829826355 0.4166666567325592 0.5888888835906982 0.43437498807907104 0.6388888955116272 0.47187501192092896 0.6018518805503845 0.5270833373069763 0.9981481432914734 0.9989583492279053 0.9981481432914734 0.9979166388511658 0.5481481552124023 0.75 0.45185184478759766 0.8302083611488342 0.5129629373550415 0.6614583134651184 0.43888887763023376 0.5864583253860474 0.44999998807907104 0.6187499761581421 0.4555555582046509 0.668749988079071 0.5185185074806213 0.640625 0.5129629373550415 0.628125011920929 0.5351851582527161 0.5666666626930237 0.46851852536201477 0.49687498807907104 0.4296296238899231 0.22499999403953552 0.42222222685813904 0.23854166269302368 0.4037036895751953 0.1979166716337204 0.4148148000240326 0.12604166567325592 0.4722222089767456
1 0.2927083373069763 0.39444443583488464 0.2854166626930237 0.39444443583488464 0.28437501192092896 0.39629629254341125 0.27812498807907104 0.39629629254341125 0.2770833373069763 0.39814814925193787 0.2750000059604645 0.39814814925193787 0.27395832538604736 0.39629629254341125 0.26770833134651184 0.39629629254341125 0.2666666805744171 0.39814814925193787 0.265625 0.39814814925193787 0.2645833194255829 0.4000000059604645 0.2645833194255829 0.4018518626689911 0.26354166865348816 0.4037036895751953 0.26249998807907104 0.4037036895751953 0.26249998807907104 0.4055555462837219 0.26354166865348816 0.4055555462837219 0.2645833194255829 0.4037036895751953 0.26875001192092896 0.4037036895751953 0.2697916626930237 0.4018518626689911 0.2750000059604645 0.4018518626689911 0.2760416567325592 0.4000000059604645 0.2802083194255829 0.4000000059604645 0.28125 0.39814814925193787 0.2874999940395355 0.39814814925193787 0.28854167461395264 0.39629629254341125 0.28958332538604736 0.39629629254341125 0.2906250059604645 0.39444443583488464
1 0.06354166567325592 0.364814817905426 0.03958333283662796 0.364814817905426 0.03854166716337204 0.36666667461395264 0.02083333395421505 0.36666667461395264 0.01979166641831398 0.36851853132247925 0.015625 0.36851853132247925 0.014583333395421505 0.37037035822868347 0.0062500000931322575 0.37037035822868347 0.0052083334885537624 0.3722222149372101 0.0 0.3722222149372101 0.0 0.3777777850627899 0.0010416667209938169 0.3777777850627899 0.0020833334419876337 0.3759259283542633 0.0072916666977107525 0.3759259283542633 0.008333333767950535 0.3740740716457367 0.01875000074505806 0.3740740716457367 0.01979166641831398 0.3722222149372101 0.02291666716337204 0.3722222149372101 0.02187499962747097 0.3722222149372101 0.02083333395421505 0.37037035822868347 0.02187499962747097 0.36851853132247925 0.02291666716337204 0.36851853132247925 0.02395833283662796 0.36666667461395264 0.03437500074505806 0.36666667461395264 0.03541666641831398 0.36851853132247925 0.04583333432674408 0.36851853132247925 0.046875 0.36666667461395264 0.05416666716337204 0.36666667461395264 0.05520833283662796 0.364814817905426
1 0.6729166507720947 0.36851853132247925 0.6781250238418579 0.36851853132247925 0.6812499761581421 0.3740740716457367 0.684374988079071 0.3740740716457367 0.6875 0.38148146867752075 0.684374988079071 0.385185182094574 0.6864583492279053 0.3870370388031006 0.6854166388511658 0.39259257912635803 0.6864583492279053 0.39444443583488464 0.6916666626930237 0.39444443583488464 0.6979166865348816 0.39814814925193787 0.6968749761581421 0.4018518626689911 0.6989583373069763 0.4037036895751953 0.7010416388511658 0.41296297311782837 0.7052083611488342 0.4166666567325592 0.7072916626930237 0.42222222685813904 0.706250011920929 0.4296296238899231 0.7124999761581421 0.4333333373069763 0.7114583253860474 0.43518519401550293 0.7124999761581421 0.4407407343387604 0.7145833373069763 0.442592591047287 0.7239583134651184 0.4407407343387604 0.7250000238418579 0.4444444477558136 0.7302083373069763 0.4444444477558136 0.7281249761581421 0.4444444477558136 0.7260416746139526 0.4407407343387604 0.7197916507720947 0.4407407343387604 0.71875 0.43888887763023376 0.7197916507720947 0.43703705072402954 0.7270833253860474 0.43703705072402954 0.7260416746139526 0.43518519401550293 0.7281249761581421 0.4296296238899231 0.7354166507720947 0.43703705072402954 0.731249988079071 0.43888887763023376 0.7447916865348816 0.43888887763023376 0.7458333373069763 0.4333333373069763 0.7489583492279053 0.4314814805984497 0.7447916865348816 0.4314814805984497 0.7437499761581421 0.4296296238899231 0.7458333373069763 0.4277777671813965 0.7437499761581421 0.4277777671813965 0.7427083253860474 0.42592594027519226 0.7437499761581421 0.42407408356666565 0.7510416507720947 0.42407408356666565 0.75 0.42222222685813904 0.7520833611488342 0.4185185134410858 0.7614583373069763 0.4185185134410858 0.7583333253860474 0.41111111640930176 0.7552083134651184 0.40925925970077515 0.7604166865348816 0.4037036895751953 0.7614583373069763 0.4055555462837219 0.765625 0.4055555462837219 0.765625 0.4037036895751953 0.7604166865348816 0.4037036895751953 0.7552083134651184 0.39814814925193787 0.7562500238418579 0.39629629254341125 0.762499988079071 0.39629629254341125 0.7552083134651184 0.3888888955116272 0.7552083134651184 0.385185182094574 0.753125011920929 0.38148146867752075 0.7541666626930237 0.37962964177131653 0.762499988079071 0.38148146867752075 0.768750011920929 0.3870370388031006 0.7791666388511658 0.3888888955116272 0.7802083492279053 0.3907407522201538 0.784375011920929 0.3888888955116272 0.7875000238418579 0.38148146867752075 0.7854166626930237 0.3740740716457367 0.778124988079071 0.3740740716457367 0.7770833373069763 0.3722222149372101 0.7708333134651184 0.3722222149372101 0.7697916626930237 0.3740740716457367 0.753125011920929 0.36666667461395264 0.7489583492279053 0.36851853132247925 0.7395833134651184 0.3611111044883728 0.7291666865348816 0.3611111044883728 0.7197916507720947 0.36666667461395264 0.7124999761581421 0.36666667461395264 0.7114583253860474 0.3629629611968994 0.7093750238418579 0.3629629611968994 0.706250011920929 0.36666667461395264 0.6989583373069763 0.36666667461395264 0.6979166865348816 0.36851853132247925 0.6822916865348816 0.36851853132247925 0.6812499761581421 0.36666667461395264 0.6781250238418579 0.36851853132247925 0.6739583611488342 0.36666667461395264
1 0.2750000059604645 0.35185185074806213 0.26770833134651184 0.35185185074806213 0.2666666805744171 0.35370370745658875 0.23229166865348816 0.35370370745658875 0.23125000298023224 0.35555556416511536 0.22604165971279144 0.35555556416511536 0.22499999403953552 0.35740742087364197 0.2239583283662796 0.35740742087364197 0.22187499701976776 0.3611111044883728 0.21875 0.3611111044883728 0.23541666567325592 0.3611111044883728 0.23645833134651184 0.3592592477798462 0.24166665971279144 0.3592592477798462 0.24270834028720856 0.35740742087364197 0.2593750059604645 0.35740742087364197 0.2604166567325592 0.35555556416511536 0.26354166865348816 0.35555556416511536 0.2645833194255829 0.35370370745658875 0.26875001192092896 0.35370370745658875 0.2697916626930237 0.35185185074806213
1 0.5249999761581421 0.35370370745658875 0.5635416507720947 0.35370370745658875 0.5645833611488342 0.35555556416511536 0.565625011920929 0.35370370745658875 0.5687500238418579 0.35740742087364197 0.5708333253860474 0.35740742087364197 0.5718749761581421 0.3592592477798462 0.5739583373069763 0.3592592477798462 0.574999988079071 0.3611111044883728 0.5802083611488342 0.3611111044883728 0.581250011920929 0.3629629611968994 0.5843750238418579 0.3629629611968994 0.5854166746139526 0.364814817905426 0.590624988079071 0.364814817905426 0.5916666388511658 0.36666667461395264 0.59375 0.36666667461395264 0.596875011920929 0.37037035822868347 0.6000000238418579 0.37037035822868347 0.6010416746139526 0.3722222149372101 0.6031249761581421 0.3722222149372101 0.6041666865348816 0.3740740716457367 0.6104166507720947 0.3740740716457367 0.6114583611488342 0.3722222149372101 0.6135416626930237 0.3722222149372101 0.6145833134651184 0.37037035822868347 0.6135416626930237 0.37037035822868347 0.6083333492279053 0.364814817905426 0.6052083373069763 0.364814817905426 0.6041666865348816 0.3629629611968994 0.6000000238418579 0.3629629611968994 0.5989583134651184 0.3611111044883728 0.5927083492279053 0.3611111044883728 0.5895833373069763 0.35740742087364197 0.5791666507720947 0.35740742087364197 0.578125 0.35555556416511536 0.5739583373069763 0.35555556416511536 0.5729166865348816 0.35370370745658875 0.5687500238418579 0.35370370745658875 0.5677083134651184 0.35185185074806213 0.5645833611488342 0.35185185074806213 0.5635416507720947 0.3499999940395355 0.5562499761581421 0.3499999940395355 0.5510416626930237 0.3444444537162781 0.5375000238418579 0.3444444537162781 0.5364583134651184 0.34259259700775146 0.5354166626930237 0.34259259700775146 0.534375011920929 0.3444444537162781 0.5270833373069763 0.3444444537162781 0.53125 0.3444444537162781 0.5333333611488342 0.3481481373310089 0.53125 0.35185185074806213 0.5291666388511658 0.35185185074806213 0.528124988079071 0.35370370745658875 0.5270833373069763 0.35185185074806213 0.5260416865348816 0.35185185074806213
1 0.0 0.34074074029922485 0.00937500037252903 0.34074074029922485 0.010416666977107525 0.33888888359069824 0.03333333507180214 0.33888888359069824 0.03437500074505806 0.33703702688217163 0.03854166716337204 0.33703702688217163 0.03958333283662796 0.3351851999759674 0.02812499925494194 0.3351851999759674 0.02708333358168602 0.33703702688217163 0.02083333395421505 0.33703702688217163 0.01979166641831398 0.3351851999759674 0.008333333767950535 0.3351851999759674 0.0072916666977107525 0.33703702688217163 0.004166666883975267 0.33703702688217163 0.0031250000465661287 0.33888888359069824 0.0 0.33888888359069824
1 0.29479166865348816 0.3481481373310089 0.3031249940395355 0.3481481373310089 0.30416667461395264 0.3499999940395355 0.3031249940395355 0.35185185074806213 0.29895833134651184 0.35185185074806213 0.3083333373069763 0.35185185074806213 0.30937498807907104 0.3499999940395355 0.31041666865348816 0.3499999940395355 0.3114583194255829 0.35185185074806213 0.31458333134651184 0.35185185074806213 0.31562501192092896 0.35370370745658875 0.3166666626930237 0.35370370745658875 0.3177083432674408 0.35185185074806213 0.3229166567325592 0.35185185074806213 0.3218750059604645 0.35185185074806213 0.31979167461395264 0.3481481373310089 0.32083332538604736 0.3462963104248047 0.3229166567325592 0.3462963104248047 0.32604166865348816 0.34259259700775146 0.3291666805744171 0.34259259700775146 0.33020833134651184 0.34074074029922485 0.3333333432674408 0.34074074029922485 0.3343749940395355 0.34259259700775146 0.3375000059604645 0.34259259700775146 0.3385416567325592 0.34074074029922485 0.34583333134651184 0.34074074029922485 0.34687501192092896 0.33888888359069824 0.3552083373069763 0.33888888359069824 0.35624998807907104 0.33703702688217163 0.359375 0.33703702688217163 0.3395833373069763 0.33703702688217163 0.3385416567325592 0.3351851999759674 0.33125001192092896 0.3351851999759674 0.33020833134651184 0.3333333432674408 0.32083332538604736 0.3333333432674408 0.31979167461395264 0.3351851999759674 0.31562501192092896 0.3351851999759674 0.31458333134651184 0.33703702688217163 0.3114583194255829 0.33703702688217163 0.31041666865348816 0.33888888359069824 0.30520832538604736 0.33888888359069824 0.30416667461395264 0.34074074029922485 0.3010416626930237 0.34074074029922485 0.2979166805744171 0.3444444537162781 0.2958333194255829 0.3444444537162781 0.2958333194255829 0.3462963104248047
1 0.49687498807907104 0.34074074029922485 0.4520833194255829 0.3296296298503876 0.43437498807907104 0.33888888359069824 0.4583333432674408 0.35740742087364197 0.2708333432674408 0.36666667461395264 0.22083333134651184 0.38333332538604736 0.20937499403953552 0.3740740716457367 0.24895833432674408 0.37037035822868347 0.12916666269302368 0.3907407522201538 0.09062500298023224 0.3759259283542633 0.1614583283662796 0.35185185074806213 0.171875 0.3351851999759674 0.01145833358168602 0.35370370745658875 0.0 0.364814817905426 0.08020833134651184 0.3592592477798462 0.06562499701976776 0.3629629611968994 0.11562500149011612 0.35185185074806213 0.09583333134651184 0.35185185074806213 0.10104166716337204 0.3444444537162781 0.14791665971279144 0.3481481373310089 0.07916666567325592 0.3759259283542633 0.0 0.385185182094574 0.0 0.42222222685813904 0.08958332985639572 0.40925925970077515 0.09270833432674408 0.4185185134410858 0.07708333432674408 0.4296296238899231 0.11249999701976776 0.42592594027519226 0.01875000074505806 0.4462963044643402 0.04062499850988388 0.4481481611728668 0.0010416667209938169 0.4574074149131775 0.0 0.49259260296821594 0.13229165971279144 0.4407407343387604 0.10833333432674408 0.43518519401550293 0.12187500298023224 0.4203703701496124 0.19895833730697632 0.40740740299224854 0.1979166716337204 0.39629629254341125 0.21875 0.3888888955116272 0.21770833432674408 0.4000000059604645 0.22708334028720856 0.39814814925193787 0.22499999403953552 0.3888888955116272 0.24687500298023224 0.39444443583488464 0.2802083194255829 0.3740740716457367 0.3375000059604645 0.3740740716457367 0.36770832538604736 0.3907407522201538 0.4645833373069763 0.3592592477798462 0.4697916805744171 0.36666667461395264 0.45520833134651184 0.3740740716457367 0.48750001192092896 0.38333332538604736 0.4739583432674408 0.3592592477798462
1 0.34166666865348816 0.3333333432674408 0.36250001192092896 0.3333333432674408 0.3635416626930237 0.3314814865589142 0.36666667461395264 0.3314814865589142 0.36770832538604736 0.3296296298503876 0.3687500059604645 0.3296296298503876 0.3656249940395355 0.3296296298503876 0.3645833432674408 0.32777777314186096 0.3635416626930237 0.32777777314186096 0.36250001192092896 0.3296296298503876 0.36145833134651184 0.3296296298503876 0.3604166805744171 0.32777777314186096 0.34687501192092896 0.32777777314186096 0.34375 0.3333333432674408
1 0.5572916865348816 0.34074074029922485 0.5583333373069763 0.34259259700775146 0.5708333253860474 0.3444444537162781 0.5718749761581421 0.3462963104248047 0.5864583253860474 0.3462963104248047 0.5916666388511658 0.35185185074806213 0.5947916507720947 0.35185185074806213 0.5958333611488342 0.35370370745658875 0.6197916865348816 0.35370370745658875 0.6208333373069763 0.35555556416511536 0.6354166865348816 0.35740742087364197 0.6364583373069763 0.35555556416511536 0.6427083611488342 0.35555556416511536 0.6416666507720947 0.35370370745658875 0.6427083611488342 0.35185185074806213 0.6458333134651184 0.35185185074806213 0.6468750238418579 0.35370370745658875 0.6552083492279053 0.35370370745658875 0.6489583253860474 0.3499999940395355 0.6499999761581421 0.3462963104248047 0.653124988079071 0.3481481373310089 0.6552083492279053 0.3444444537162781 0.6635416746139526 0.3444444537162781 0.6645833253860474 0.34259259700775146 0.6739583611488342 0.34259259700775146 0.675000011920929 0.34074074029922485 0.6885416507720947 0.33888888359069824 0.6802083253860474 0.3351851999759674 0.6781250238418579 0.3314814865589142 0.671875 0.3314814865589142 0.6677083373069763 0.32777777314186096 0.6635416746139526 0.32777777314186096 0.6572916507720947 0.32407405972480774 0.6104166507720947 0.32592591643333435 0.6072916388511658 0.3222222328186035 0.6041666865348816 0.3222222328186035 0.6020833253860474 0.32777777314186096 0.5958333611488342 0.32777777314186096 0.5989583134651184 0.3296296298503876 0.6072916388511658 0.3296296298503876 0.6083333492279053 0.3314814865589142 0.6072916388511658 0.3351851999759674 0.6041666865348816 0.3351851999759674 0.6031249761581421 0.3333333432674408 0.5697916746139526 0.3333333432674408 0.5770833492279053 0.3333333432674408 0.578125 0.3351851999759674 0.574999988079071 0.33888888359069824 0.5583333373069763 0.33888888359069824
1 0.29374998807907104 0.3203703761100769 0.2979166805744171 0.3203703761100769 0.30000001192092896 0.32407405972480774 0.3031249940395355 0.32407405972480774 0.30416667461395264 0.32592591643333435 0.3187499940395355 0.32592591643333435 0.31979167461395264 0.32407405972480774 0.3229166567325592 0.32407405972480774 0.3218750059604645 0.3222222328186035 0.30937498807907104 0.3222222328186035 0.30937498807907104 0.32407405972480774 0.3083333373069763 0.32592591643333435 0.30416667461395264 0.32592591643333435 0.3031249940395355 0.32407405972480774 0.3010416626930237 0.32407405972480774 0.30000001192092896 0.3222222328186035 0.3010416626930237 0.3203703761100769 0.30416667461395264 0.3203703761100769
1 0.21562500298023224 0.3203703761100769 0.21770833432674408 0.3203703761100769 0.21875 0.3222222328186035 0.21979166567325592 0.3203703761100769 0.22708334028720856 0.3203703761100769 0.22812500596046448 0.3222222328186035 0.2291666716337204 0.3222222328186035 0.23020833730697632 0.32407405972480774 0.23125000298023224 0.32407405972480774 0.23229166865348816 0.32592591643333435 0.23333333432674408 0.32407405972480774 0.23854166269302368 0.32407405972480774 0.23854166269302368 0.3222222328186035 0.234375 0.3222222328186035 0.23333333432674408 0.3203703761100769 0.234375 0.3185185194015503 0.24062499403953552 0.3185185194015503 0.24166665971279144 0.3203703761100769 0.24062499403953552 0.3222222328186035 0.24062499403953552 0.32407405972480774 0.24166665971279144 0.32407405972480774 0.24270834028720856 0.3222222328186035 0.2447916716337204 0.3222222328186035 0.24583333730697632 0.32407405972480774 0.24687500298023224 0.3222222328186035 0.24583333730697632 0.3203703761100769 0.24687500298023224 0.3185185194015503 0.2552083432674408 0.3185185194015503 0.2510416805744171 0.3185185194015503 0.25 0.3166666626930237 0.24583333730697632 0.3166666626930237 0.2447916716337204 0.3185185194015503 0.24375000596046448 0.3166666626930237 0.24166665971279144 0.3166666626930237 0.24062499403953552 0.3185185194015503 0.2395833283662796 0.3185185194015503 0.23854166269302368 0.3166666626930237 0.23749999701976776 0.3185185194015503 0.23541666567325592 0.3185185194015503 0.234375 0.3166666626930237 0.23020833730697632 0.3166666626930237 0.2291666716337204 0.3185185194015503 0.22812500596046448 0.3185185194015503 0.22708334028720856 0.3203703761100769
1 0.2666666805744171 0.31481480598449707 0.2697916626930237 0.31481480598449707 0.2708333432674408 0.3166666626930237 0.2697916626930237 0.3185185194015503 0.26770833134651184 0.3185185194015503 0.26770833134651184 0.3203703761100769 0.26875001192092896 0.3203703761100769 0.2697916626930237 0.3185185194015503 0.2708333432674408 0.3203703761100769 0.2718749940395355 0.3185185194015503 0.27291667461395264 0.3185185194015503 0.27395832538604736 0.3203703761100769 0.28958332538604736 0.3203703761100769 0.28333333134651184 0.3203703761100769 0.2822916805744171 0.3185185194015503 0.28333333134651184 0.3166666626930237 0.28437501192092896 0.3166666626930237 0.2854166626930237 0.31481480598449707 0.2906250059604645 0.31481480598449707
1 0.4635416567325592 0.31481480598449707 0.47083333134651184 0.3185185194015503 0.49791666865348816 0.3185185194015503 0.4989583194255829 0.3222222328186035 0.5010416507720947 0.3222222328186035 0.4989583194255829 0.3203703761100769 0.5 0.3185185194015503 0.503125011920929 0.3185185194015503 0.5052083134651184 0.31481480598449707 0.5333333611488342 0.31481480598449707 0.534375011920929 0.3166666626930237 0.5333333611488342 0.3185185194015503 0.5177083611488342 0.3185185194015503 0.5177083611488342 0.3203703761100769 0.5197916626930237 0.3185185194015503 0.5302083492279053 0.32592591643333435 0.5541666746139526 0.32777777314186096 0.5552083253860474 0.3296296298503876 0.5666666626930237 0.3296296298503876 0.5583333373069763 0.32777777314186096 0.5572916865348816 0.32592591643333435 0.5552083253860474 0.32777777314186096 0.5520833134651184 0.32592591643333435 0.5458333492279053 0.32777777314186096 0.5447916388511658 0.32592591643333435 0.5458333492279053 0.3222222328186035 0.5572916865348816 0.3222222328186035 0.5583333373069763 0.3203703761100769 0.5739583373069763 0.3222222328186035 0.5708333253860474 0.3203703761100769 0.5739583373069763 0.3185185194015503 0.5739583373069763 0.3166666626930237 0.5708333253860474 0.3185185194015503 0.565625011920929 0.31296294927597046 0.5697916746139526 0.3092592656612396 0.5604166388511658 0.31111112236976624 0.559374988079071 0.3092592656612396 0.5489583611488342 0.307407408952713 0.5479166507720947 0.3055555522441864 0.534375011920929 0.3055555522441864 0.5333333611488342 0.307407408952713 0.5197916626930237 0.307407408952713 0.518750011920929 0.3092592656612396 0.503125011920929 0.3092592656612396 0.5020833611488342 0.3055555522441864 0.5 0.3092592656612396 0.4989583194255829 0.307407408952713 0.48750001192092896 0.3055555522441864 0.48645833134651184 0.307407408952713 0.47708332538604736 0.307407408952713 0.47708332538604736 0.3092592656612396 0.4791666567325592 0.31111112236976624 0.4781250059604645 0.31296294927597046 0.4697916805744171 0.31296294927597046 0.47708332538604736 0.31296294927597046 0.4781250059604645 0.31481480598449707 0.47708332538604736 0.3166666626930237
1 0.24583333730697632 0.31111112236976624 0.22083333134651184 0.3092592656612396 0.21666666865348816 0.31296294927597046 0.20520833134651184 0.31296294927597046 0.20520833134651184 0.307407408952713 0.17291666567325592 0.3092592656612396 0.12604166567325592 0.3055555522441864 0.17395833134651184 0.3092592656612396 0.17395833134651184 0.31296294927597046 0.1354166716337204 0.31296294927597046 0.11562500149011612 0.3203703761100769 0.07604166865348816 0.3203703761100769 0.05416666716337204 0.32592591643333435 0.01770833320915699 0.32407405972480774 0.015625 0.32777777314186096 0.0 0.32777777314186096 0.0 0.3314814865589142 0.004166666883975267 0.3314814865589142 0.0031250000465661287 0.32777777314186096 0.03958333283662796 0.32592591643333435 0.03958333283662796 0.3296296298503876 0.0364583320915699 0.3296296298503876 0.0833333358168602 0.32407405972480774 0.08437500149011612 0.32592591643333435 0.08020833134651184 0.3296296298503876 0.05520833283662796 0.33703702688217163 0.05833333358168602 0.34074074029922485 0.08124999701976776 0.34074074029922485 0.0833333358168602 0.33703702688217163 0.09479166567325592 0.34074074029922485 0.09687499701976776 0.33703702688217163 0.1145833358168602 0.33888888359069824 0.11562500149011612 0.3351851999759674 0.12083332985639572 0.33703702688217163 0.13854166865348816 0.3314814865589142 0.14374999701976776 0.32592591643333435 0.14479166269302368 0.3166666626930237 0.18854166567325592 0.31481480598449707 0.20624999701976776 0.3185185194015503 0.21875 0.3166666626930237 0.22291666269302368 0.31111112236976624
1 0.4010416567325592 0.3055555522441864 0.4000000059604645 0.3037036955356598 0.3958333432674408 0.3037036955356598 0.3947916626930237 0.3018518388271332 0.3895833194255829 0.3018518388271332 0.38854166865348816 0.3037036955356598 0.37812501192092896 0.3037036955356598 0.37708333134651184 0.3055555522441864 0.3739583194255829 0.3055555522441864 0.37291666865348816 0.3037036955356598 0.3583333194255829 0.3037036955356598 0.35729166865348816 0.3055555522441864 0.35208332538604736 0.3055555522441864 0.35104167461395264 0.307407408952713 0.3447916805744171 0.307407408952713 0.34375 0.3092592656612396 0.3291666805744171 0.3092592656612396 0.34375 0.3092592656612396 0.3447916805744171 0.307407408952713 0.34583333134651184 0.307407408952713 0.34687501192092896 0.3092592656612396 0.3479166626930237 0.307407408952713 0.35208332538604736 0.307407408952713 0.3531250059604645 0.3092592656612396 0.35104167461395264 0.31296294927597046 0.3499999940395355 0.31111112236976624 0.3499999940395355 0.31296294927597046 0.35208332538604736 0.31296294927597046 0.3531250059604645 0.31481480598449707 0.35729166865348816 0.31481480598449707 0.3583333194255829 0.31296294927597046 0.359375 0.31481480598449707 0.3760416805744171 0.31481480598449707 0.37708333134651184 0.31296294927597046 0.37812501192092896 0.31481480598449707 0.3791666626930237 0.31296294927597046 0.3802083432674408 0.31296294927597046 0.3812499940395355 0.31481480598449707 0.3854166567325592 0.31481480598449707 0.3843750059604645 0.31296294927597046 0.3854166567325592 0.31111112236976624 0.38749998807907104 0.31111112236976624 0.38854166865348816 0.3092592656612396 0.3916666805744171 0.3092592656612396 0.39270833134651184 0.307407408952713 0.39375001192092896 0.3092592656612396 0.3958333432674408 0.3092592656612396 0.3968749940395355 0.307407408952713 0.4000000059604645 0.307407408952713
2 0.7791666388511658 0.6740740537643433 0.7791666388511658 0.6777777671813965 0.7833333611488342 0.6851851940155029 0.78125 0.6870370507240295 0.78125 0.6907407641410828 0.7854166626930237 0.6981481313705444 0.7927083373069763 0.7037037014961243 0.7947916388511658 0.7074074149131775 0.8020833134651184 0.7129629850387573 0.8041666746139526 0.7166666388511658 0.8083333373069763 0.720370352268219 0.8104166388511658 0.720370352268219 0.8125 0.7240740656852722 0.8239583373069763 0.7333333492279053 0.828125 0.7407407164573669 0.8343750238418579 0.7462962865829468 0.8385416865348816 0.7537037134170532 0.8416666388511658 0.7555555701255798 0.8447916507720947 0.7611111402511597 0.8479166626930237 0.7629629373550415 0.8520833253860474 0.770370364189148 0.8531249761581421 0.770370364189148 0.8645833134651184 0.7851851582527161 0.8791666626930237 0.7962962985038757 0.8760416507720947 0.7925925850868225 0.875 0.7888888716697693 0.8770833611488342 0.7870370149612427 0.875 0.7851851582527161 0.871874988079071 0.7777777910232544 0.871874988079071 0.7759259343147278 0.8739583492279053 0.7740740776062012 0.8729166388511658 0.7740740776062012 0.8697916865348816 0.7685185074806213 0.8677083253860474 0.7685185074806213 0.8645833134651184 0.7629629373550415 0.862500011920929 0.7629629373550415 0.8614583611488342 0.7611111402511597 0.8614583611488342 0.7574074268341064 0.8583333492279053 0.7555555701255798 0.8572916388511658 0.7518518567085266 0.8510416746139526 0.7425925731658936 0.8500000238418579 0.7351852059364319 0.8458333611488342 0.7277777791023254 0.8458333611488342 0.7259259223937988 0.8479166626930237 0.7240740656852722 0.8447916507720947 0.7240740656852722 0.8427083492279053 0.7277777791023254 0.8385416865348816 0.7277777791023254 0.8343750238418579 0.720370352268219 0.8333333134651184 0.7129629850387573 0.828125 0.7037037014961243 0.824999988079071 0.7074074149131775 0.815625011920929 0.7074074149131775 0.8145833611488342 0.7055555582046509 0.8114583492279053 0.7055555582046509 0.7927083373069763 0.6888889074325562 0.784375011920929 0.6777777671813965
2 0.706250011920929 0.6425926089286804 0.7260416746139526 0.6777777671813965 0.7395833134651184 0.7074074149131775 0.8302083611488342 0.8166666626930237 0.8677083253860474 0.8759258985519409 0.887499988079071 0.8999999761581421 0.9083333611488342 0.9314814805984497 0.9114583134651184 0.9333333373069763 0.9177083373069763 0.9222221970558167 0.9166666865348816 0.9203703999519348 0.9197916388511658 0.9185185432434082 0.9156249761581421 0.9129629731178284 0.9166666865348816 0.9092592597007751 0.9145833253860474 0.9055555462837219 0.9145833253860474 0.894444465637207 0.9125000238418579 0.8907407522201538 0.9135416746139526 0.8870370388031006 0.909375011920929 0.8796296119689941 0.90625 0.8629629611968994 0.9083333611488342 0.8611111044883728 0.8895833492279053 0.8222222328186035 0.8812500238418579 0.8222222328186035 0.8791666626930237 0.8185185194015503 0.8802083134651184 0.8148148059844971 0.8666666746139526 0.8018518686294556 0.8635416626930237 0.8018518686294556 0.8572916388511658 0.7925925850868225 0.856249988079071 0.7944444417953491 0.8218749761581421 0.7574074268341064 0.7947916388511658 0.7388888597488403 0.7916666865348816 0.7333333492279053 0.7645833492279053 0.7111111283302307 0.746874988079071 0.6888889074325562 0.7510416507720947 0.6796296238899231 0.71875 0.6481481194496155 0.7145833373069763 0.6407407522201538 0.7114583253860474 0.6388888955116272
2 0.7562500238418579 0.5833333134651184 0.7562500238418579 0.5870370268821716 0.7583333253860474 0.5907407402992249 0.7583333253860474 0.5925925970077515 0.7593749761581421 0.5944444537162781 0.7604166865348816 0.5944444537162781 0.762499988079071 0.5981481671333313 0.762499988079071 0.6000000238418579 0.7635416388511658 0.6018518805503845 0.7635416388511658 0.6037036776542664 0.765625 0.6074073910713196 0.765625 0.6092592477798462 0.7749999761581421 0.6259258985519409 0.7760416865348816 0.6259258985519409 0.7791666388511658 0.6296296119689941 0.7854166626930237 0.6296296119689941 0.7864583134651184 0.6314814686775208 0.7885416746139526 0.6314814686775208 0.7895833253860474 0.6333333253860474 0.7916666865348816 0.6333333253860474 0.7927083373069763 0.635185182094574 0.793749988079071 0.635185182094574 0.7947916388511658 0.6370370388031006 0.7958333492279053 0.6370370388031006 0.796875 0.6388888955116272 0.7979166507720947 0.6388888955116272 0.7989583611488342 0.6407407522201538 0.800000011920929 0.6407407522201538 0.8010416626930237 0.6425926089286804 0.8041666746139526 0.644444465637207 0.8062499761581421 0.6481481194496155 0.809374988079071 0.6499999761581421 0.8114583492279053 0.6537036895751953 0.8104166388511658 0.6481481194496155 0.809374988079071 0.6481481194496155 0.8083333373069763 0.6462963223457336 0.809374988079071 0.644444465637207 0.8072916865348816 0.644444465637207 0.8062499761581421 0.6425926089286804 0.8062499761581421 0.6407407522201538 0.8052083253860474 0.6407407522201538 0.8010416626930237 0.6333333253860474 0.8010416626930237 0.6314814686775208 0.800000011920929 0.6314814686775208 0.7989583611488342 0.6296296119689941 0.7989583611488342 0.6277777552604675 0.796875 0.6240741014480591 0.7979166507720947 0.6222222447395325 0.7979166507720947 0.6203703880310059 0.7958333492279053 0.614814817905426 0.7958333492279053 0.6092592477798462 0.796875 0.6074073910713196 0.7958333492279053 0.605555534362793 0.796875 0.6037036776542664 0.7947916388511658 0.6000000238418579 0.7947916388511658 0.5981481671333313 0.7958333492279053 0.5962963104248047 0.793749988079071 0.5925925970077515 0.793749988079071 0.5907407402992249 0.7875000238418579 0.5907407402992249 0.7864583134651184 0.5888888835906982 0.78125 0.5888888835906982 0.7802083492279053 0.5870370268821716 0.7760416865348816 0.5870370268821716 0.7749999761581421 0.585185170173645 0.7718750238418579 0.585185170173645 0.7708333134651184 0.5833333134651184 0.768750011920929 0.5833333134651184 0.7677083611488342 0.5814814567565918 0.762499988079071 0.5814814567565918 0.7614583373069763 0.5796296000480652 0.7593749761581421 0.5796296000480652
2 0.37291666865348816 0.4611110985279083 0.36770832538604736 0.4611110985279083 0.36666667461395264 0.46296295523643494 0.3541666567325592 0.46296295523643494 0.3531250059604645 0.46481481194496155 0.2802083194255829 0.46481481194496155 0.27916666865348816 0.46666666865348816 0.2552083432674408 0.46666666865348816 0.2541666626930237 0.46851852536201477 0.24687500298023224 0.46851852536201477 0.24583333730697632 0.46666666865348816 0.24270834028720856 0.46851852536201477 0.2291666716337204 0.46851852536201477 0.22812500596046448 0.4703703820705414 0.21770833432674408 0.4703703820705414 0.21562500298023224 0.47592592239379883 0.2135416716337204 0.47777777910232544 0.21458333730697632 0.47962963581085205 0.2135416716337204 0.48148149251937866 0.24166665971279144 0.48148149251937866 0.24270834028720856 0.47962963581085205 0.2750000059604645 0.47777777910232544 0.2760416567325592 0.47592592239379883 0.3218750059604645 0.47592592239379883 0.3229166567325592 0.4740740656852722 0.34166666865348816 0.4740740656852722 0.34687501192092896 0.4703703820705414 0.35104167461395264 0.4703703820705414 0.36145833134651184 0.46296295523643494 0.3635416626930237 0.46481481194496155 0.3687500059604645 0.4611110985279083
2 0.19166666269302368 0.44999998807907104 0.18020834028720856 0.44999998807907104 0.17916665971279144 0.4481481611728668 0.18020834028720856 0.4462963044643402 0.17916665971279144 0.4481481611728668 0.17395833134651184 0.4481481611728668 0.17291666567325592 0.44999998807907104 0.17083333432674408 0.44999998807907104 0.16875000298023224 0.45370370149612427 0.1666666716337204 0.45370370149612427 0.16562500596046448 0.4555555582046509 0.16458334028720856 0.4555555582046509 0.16979166865348816 0.4555555582046509 0.17083333432674408 0.4574074149131775 0.16979166865348816 0.4592592716217041 0.171875 0.4592592716217041 0.17291666567325592 0.4574074149131775 0.17604166269302368 0.4574074149131775 0.17604166269302368 0.4555555582046509 0.1770833283662796 0.45370370149612427 0.1822916716337204 0.45370370149612427 0.18333333730697632 0.45185184478759766 0.18645833432674408 0.45185184478759766 0.1875 0.44999998807907104
2 0.21875 0.4185185134410858 0.21770833432674408 0.4185185134410858 0.21666666865348816 0.4203703701496124 0.21458333730697632 0.4203703701496124 0.2135416716337204 0.42222222685813904 0.21250000596046448 0.42222222685813904 0.21145834028720856 0.42407408356666565 0.20937499403953552 0.42407408356666565 0.2083333283662796 0.42592594027519226 0.20520833134651184 0.42592594027519226 0.20416666567325592 0.4277777671813965 0.203125 0.4277777671813965 0.20208333432674408 0.4296296238899231 0.20000000298023224 0.4296296238899231 0.19895833730697632 0.4314814805984497 0.19583334028720856 0.4314814805984497 0.19479165971279144 0.4333333373069763 0.19374999403953552 0.4333333373069763 0.1927083283662796 0.43518519401550293 0.19166666269302368 0.43518519401550293 0.19062499701976776 0.43703705072402954 0.18958333134651184 0.43703705072402954 0.19374999403953552 0.43703705072402954 0.19479165971279144 0.43518519401550293 0.20208333432674408 0.43518519401550293 0.203125 0.4333333373069763 0.20416666567325592 0.4333333373069763 0.20520833134651184 0.4314814805984497 0.20624999701976776 0.4333333373069763 0.20729166269302368 0.4333333373069763 0.20624999701976776 0.4314814805984497 0.20729166269302368 0.4296296238899231 0.2083333283662796 0.4296296238899231 0.20937499403953552 0.4314814805984497 0.21145834028720856 0.4314814805984497 0.21145834028720856 0.4296296238899231 0.2083333283662796 0.4296296238899231 0.20729166269302368 0.4277777671813965 0.2083333283662796 0.42592594027519226 0.2135416716337204 0.42592594027519226 0.21458333730697632 0.42407408356666565 0.21666666865348816 0.42407408356666565 0.21770833432674408 0.42222222685813904 0.21770833432674408 0.4203703701496124
2 0.09270833432674408 0.4148148000240326 0.09062500298023224 0.4148148000240326 0.08958332985639572 0.41111111640930176 0.0833333358168602 0.41111111640930176 0.08229167014360428 0.41296297311782837 0.06354166567325592 0.41296297311782837 0.0625 0.4148148000240326 0.02708333358168602 0.4148148000240326 0.02604166604578495 0.4166666567325592 0.02083333395421505 0.4166666567325592 0.01979166641831398 0.4185185134410858 0.01145833358168602 0.4203703701496124 0.010416666977107525 0.42222222685813904 0.0 0.42407408356666565 0.0 0.44999998807907104 0.004166666883975267 0.4481481611728668 0.0052083334885537624 0.45185184478759766 0.02083333395421505 0.45185184478759766 0.02187499962747097 0.44999998807907104 0.03333333507180214 0.44999998807907104 0.03437500074505806 0.4481481611728668 0.03958333283662796 0.4481481611728668 0.01875000074505806 0.4481481611728668 0.01770833320915699 0.4462963044643402 0.01979166641831398 0.442592591047287 0.02604166604578495 0.442592591047287 0.02812499925494194 0.4444444477558136 0.02604166604578495 0.442592591047287 0.02708333358168602 0.4407407343387604 0.03333333507180214 0.4407407343387604 0.03437500074505806 0.43888887763023376 0.03958333283662796 0.43888887763023376 0.04062499850988388 0.43703705072402954 0.04583333432674408 0.43703705072402954 0.046875 0.43518519401550293 0.0520833320915699 0.43518519401550293 0.05312500149011612 0.4333333373069763 0.05937499925494194 0.4333333373069763 0.06041666492819786 0.4314814805984497 0.06979166716337204 0.4314814805984497 0.07083333283662796 0.4296296238899231 0.07604166865348816 0.4296296238899231 0.07604166865348816 0.4277777671813965 0.07500000298023224 0.4296296238899231 0.07395832985639572 0.4277777671813965 0.07500000298023224 0.42407408356666565 0.0833333358168602 0.4203703701496124 0.08229167014360428 0.4185185134410858 0.0833333358168602 0.4166666567325592 0.08645833283662796 0.4166666567325592 0.08749999850988388 0.4148148000240326 0.08958332985639572 0.4166666567325592 0.09270833432674408 0.4166666567325592
2 0.71875 0.39814814925193787 0.7208333611488342 0.39814814925193787 0.721875011920929 0.4000000059604645 0.7239583134651184 0.4000000059604645 0.7250000238418579 0.4018518626689911 0.7239583134651184 0.4037036895751953 0.7250000238418579 0.4018518626689911 0.7333333492279053 0.4018518626689911 0.734375 0.4037036895751953 0.7437499761581421 0.4037036895751953 0.7447916865348816 0.4018518626689911 0.746874988079071 0.4018518626689911 0.7416666746139526 0.4018518626689911 0.7406250238418579 0.4000000059604645 0.7354166507720947 0.4000000059604645 0.734375 0.39814814925193787
2 0.7041666507720947 0.3888888955116272 0.7083333134651184 0.3888888955116272 0.7093750238418579 0.3907407522201538 0.7104166746139526 0.3888888955116272 0.7114583253860474 0.3888888955116272 0.7124999761581421 0.3907407522201538 0.7135416865348816 0.3888888955116272 0.7197916507720947 0.3888888955116272 0.7208333611488342 0.3870370388031006 0.721875011920929 0.3870370388031006 0.7229166626930237 0.385185182094574 0.7239583134651184 0.385185182094574 0.721875011920929 0.385185182094574 0.7208333611488342 0.38333332538604736 0.7135416865348816 0.38333332538604736 0.7124999761581421 0.385185182094574 0.7114583253860474 0.385185182094574 0.7104166746139526 0.3870370388031006 0.7083333134651184 0.3870370388031006 0.7072916626930237 0.3888888955116272
2 0.7437499761581421 0.42592594027519226 0.746874988079071 0.4277777671813965 0.7447916865348816 0.4296296238899231 0.7645833492279053 0.43703705072402954 0.7989583611488342 0.4592592716217041 0.8302083611488342 0.46851852536201477 0.8999999761581421 0.5055555701255798 0.9989583492279053 0.5481481552124023 0.9989583492279053 0.42222222685813904 0.9458333253860474 0.4166666567325592 0.9114583134651184 0.4055555462837219 0.8979166746139526 0.40740740299224854 0.8333333134651184 0.385185182094574 0.7864583134651184 0.3759259283542633 0.7885416746139526 0.37962964177131653 0.7875000238418579 0.385185182094574 0.7802083492279053 0.39259257912635803 0.7541666626930237 0.38148146867752075 0.7562500238418579 0.3888888955116272 0.7635416388511658 0.39629629254341125 0.7562500238418579 0.39814814925193787 0.765625 0.4018518626689911 0.7666666507720947 0.4055555462837219 0.7562500238418579 0.40925925970077515 0.7604166865348816 0.41296297311782837 0.7614583373069763 0.4203703701496124 0.7520833611488342 0.4203703701496124 0.7510416507720947 0.42592594027519226
2 0.6031249761581421 0.35555556416511536 0.612500011920929 0.35555556416511536 0.6135416626930237 0.35740742087364197 0.6187499761581421 0.35740742087364197 0.6197916865348816 0.3592592477798462 0.621874988079071 0.35740742087364197 0.6239583492279053 0.35740742087364197 0.625 0.3592592477798462 0.6333333253860474 0.3592592477798462 0.6343749761581421 0.3611111044883728 0.640625 0.3629629611968994 0.6416666507720947 0.364814817905426 0.6510416865348816 0.364814817905426 0.6520833373069763 0.36666667461395264 0.6729166507720947 0.36666667461395264 0.6739583611488342 0.364814817905426 0.675000011920929 0.36666667461395264 0.6781250238418579 0.36666667461395264 0.6791666746139526 0.364814817905426 0.6812499761581421 0.364814817905426 0.6822916865348816 0.36666667461395264 0.6979166865348816 0.36666667461395264 0.6989583373069763 0.364814817905426 0.706250011920929 0.364814817905426 0.7093750238418579 0.3611111044883728 0.7114583253860474 0.3611111044883728 0.7124999761581421 0.364814817905426 0.7197916507720947 0.364814817905426 0.7208333611488342 0.3629629611968994 0.7281249761581421 0.3611111044883728 0.6895833611488342 0.3592592477798462 0.6864583492279053 0.35555556416511536 0.6802083253860474 0.35370370745658875 0.6791666746139526 0.35185185074806213 0.6656249761581421 0.3499999940395355 0.6645833253860474 0.3481481373310089 0.659375011920929 0.3481481373310089 0.6583333611488342 0.3462963104248047 0.6552083492279053 0.3462963104248047 0.653124988079071 0.3499999940395355 0.6520833373069763 0.3481481373310089 0.6499999761581421 0.3481481373310089 0.6499999761581421 0.3499999940395355 0.6552083492279053 0.35185185074806213 0.65625 0.35370370745658875 0.6552083492279053 0.35555556416511536 0.6468750238418579 0.35555556416511536 0.6458333134651184 0.35370370745658875 0.6427083611488342 0.35370370745658875 0.643750011920929 0.35555556416511536 0.6427083611488342 0.35740742087364197 0.6364583373069763 0.35740742087364197 0.6354166865348816 0.3592592477798462 0.6312500238418579 0.3592592477798462 0.6302083134651184 0.35740742087364197 0.6208333373069763 0.35740742087364197 0.6197916865348816 0.35555556416511536
2 0.14687499403953552 0.33703702688217163 0.13958333432674408 0.33703702688217163 0.13854166865348816 0.34074074029922485 0.1354166716337204 0.34074074029922485 0.13437500596046448 0.33703702688217163 0.13124999403953552 0.34074074029922485 0.1197916641831398 0.34074074029922485 0.11562500149011612 0.33703702688217163 0.1145833358168602 0.34074074029922485 0.09687499701976776 0.33888888359069824 0.09479166567325592 0.34259259700775146 0.0833333358168602 0.33888888359069824 0.08124999701976776 0.34259259700775146 0.00937500037252903 0.3444444537162781 0.0 0.3481481373310089 0.01354166679084301 0.3499999940395355 0.11249999701976776 0.34259259700775146 0.11666666716337204 0.3444444537162781 0.11666666716337204 0.3481481373310089 0.10104166716337204 0.3462963104248047 0.09583333134651184 0.3499999940395355 0.11666666716337204 0.35185185074806213 0.07604166865348816 0.36666667461395264 0.06458333134651184 0.364814817905426 0.04583333432674408 0.37037035822868347 0.02395833283662796 0.36851853132247925 0.02187499962747097 0.37037035822868347 0.02395833283662796 0.3722222149372101 0.0 0.37962964177131653 0.08645833283662796 0.3722222149372101 0.09687499701976776 0.364814817905426 0.11354167014360428 0.3629629611968994 0.10729166865348816 0.3629629611968994 0.1041666641831398 0.3592592477798462 0.10520832985639572 0.35740742087364197 0.11562500149011612 0.3592592477798462 0.13333334028720856 0.35370370745658875 0.13124999403953552 0.35185185074806213 0.13437500596046448 0.3481481373310089 0.14687499403953552 0.3481481373310089 0.11770833283662796 0.3462963104248047 0.11770833283662796 0.34259259700775146 0.13124999403953552 0.34259259700775146
2 0.0833333358168602 0.32592591643333435 0.078125 0.32592591643333435 0.07708333432674408 0.32777777314186096 0.05937499925494194 0.32777777314186096 0.06145833432674408 0.32777777314186096 0.0625 0.3296296298503876 0.06145833432674408 0.3314814865589142 0.04895833507180214 0.3314814865589142 0.04791666567325592 0.3296296298503876 0.046875 0.3296296298503876 0.04583333432674408 0.3314814865589142 0.04479166492819786 0.3296296298503876 0.04374999925494194 0.3314814865589142 0.04270833358168602 0.3296296298503876 0.0416666679084301 0.3314814865589142 0.01666666753590107 0.3314814865589142 0.015625 0.3333333432674408 0.014583333395421505 0.3333333432674408 0.01979166641831398 0.3333333432674408 0.02083333395421505 0.3351851999759674 0.02708333358168602 0.3351851999759674 0.02812499925494194 0.3333333432674408 0.03958333283662796 0.3333333432674408 0.04062499850988388 0.3351851999759674 0.03854166716337204 0.33888888359069824 0.03541666641831398 0.33888888359069824 0.03958333283662796 0.33888888359069824 0.04062499850988388 0.33703702688217163 0.04374999925494194 0.33703702688217163 0.04479166492819786 0.33888888359069824 0.046875 0.33888888359069824 0.04791666567325592 0.33703702688217163 0.05416666716337204 0.33703702688217163 0.05520833283662796 0.3351851999759674 0.05833333358168602 0.3351851999759674 0.05937499925494194 0.3333333432674408 0.06354166567325592 0.3333333432674408 0.06458333134651184 0.3314814865589142 0.06875000149011612 0.3314814865589142 0.06979166716337204 0.3296296298503876 0.07500000298023224 0.3296296298503876 0.07604166865348816 0.32777777314186096 0.08020833134651184 0.32777777314186096 0.08124999701976776 0.32592591643333435
2 0.5458333492279053 0.32592591643333435 0.550000011920929 0.32592591643333435 0.5510416626930237 0.32407405972480774 0.5552083253860474 0.32592591643333435 0.5572916865348816 0.32407405972480774 0.5583333373069763 0.32592591643333435 0.5635416507720947 0.32592591643333435 0.5645833611488342 0.32777777314186096 0.5822916626930237 0.32777777314186096 0.5833333134651184 0.3296296298503876 0.5874999761581421 0.3296296298503876 0.5885416865348816 0.32777777314186096 0.6020833253860474 0.32592591643333435 0.6041666865348816 0.3203703761100769 0.6072916388511658 0.3203703761100769 0.6083333492279053 0.3222222328186035 0.606249988079071 0.32407405972480774 0.6083333492279053 0.3222222328186035 0.6104166507720947 0.32407405972480774 0.6395833492279053 0.32407405972480774 0.640625 0.3222222328186035 0.6604166626930237 0.3222222328186035 0.6479166746139526 0.3222222328186035 0.6468750238418579 0.3203703761100769 0.6447916626930237 0.3203703761100769 0.643750011920929 0.3222222328186035 0.6312500238418579 0.3222222328186035 0.6302083134651184 0.3203703761100769 0.625 0.3203703761100769 0.6239583492279053 0.3185185194015503 0.625 0.3166666626930237 0.6239583492279053 0.3185185194015503 0.6229166388511658 0.3166666626930237 0.5802083611488342 0.3166666626930237 0.5760416388511658 0.3203703761100769 0.574999988079071 0.3185185194015503 0.5739583373069763 0.3203703761100769 0.5718749761581421 0.3203703761100769 0.5739583373069763 0.3203703761100769 0.574999988079071 0.3222222328186035 0.5739583373069763 0.32407405972480774 0.5583333373069763 0.3222222328186035 0.5572916865348816 0.32407405972480774 0.5458333492279053 0.32407405972480774
2 0.09062500298023224 0.3777777850627899 0.12916666269302368 0.3888888955116272 0.4583333432674408 0.35555556416511536 0.43437498807907104 0.3351851999759674 0.46666666865348816 0.32777777314186096 0.49791666865348816 0.34074074029922485 0.4749999940395355 0.3592592477798462 0.48750001192092896 0.385185182094574 0.45520833134651184 0.3759259283542633 0.4645833373069763 0.3611111044883728 0.36770832538604736 0.39259257912635803 0.2822916805744171 0.3740740716457367 0.24687500298023224 0.39629629254341125 0.13437500596046448 0.4166666567325592 0.11145833134651184 0.43703705072402954 0.17395833134651184 0.43518519401550293 0.23854166269302368 0.4018518626689911 0.22499999403953552 0.4203703701496124 0.296875 0.41111111640930176 0.3697916567325592 0.4296296238899231 0.4124999940395355 0.4166666567325592 0.4114583432674408 0.43703705072402954 0.48645833134651184 0.4333333373069763 0.4781250059604645 0.4018518626689911 0.5354166626930237 0.35740742087364197 0.5208333134651184 0.35555556416511536 0.5270833373069763 0.34259259700775146 0.5770833492279053 0.3351851999759674 0.39791667461395264 0.3296296298503876 0.40937501192092896 0.33703702688217163 0.31562501192092896 0.35555556416511536 0.29479166865348816 0.3444444537162781 0.32604166865348816 0.3314814865589142 0.29374998807907104 0.3185185194015503 0.3843750059604645 0.3166666626930237 0.22083333134651184 0.31481480598449707 0.28958332538604736 0.3222222328186035
2 0.0 0.3185185194015503 0.0010416667209938169 0.3203703761100769 0.0020833334419876337 0.3203703761100769 0.0010416667209938169 0.3203703761100769 0.0 0.3185185194015503 0.0010416667209938169 0.3166666626930237 0.0072916666977107525 0.3166666626930237 0.008333333767950535 0.3185185194015503 0.0072916666977107525 0.3166666626930237 0.008333333767950535 0.31481480598449707 0.014583333395421505 0.31481480598449707 0.02083333395421505 0.307407408952713 0.03437500074505806 0.307407408952713 0.03541666641831398 0.3055555522441864 0.0364583320915699 0.307407408952713 0.05312500149011612 0.307407408952713 0.05416666716337204 0.3092592656612396 0.0625 0.3092592656612396 0.06354166567325592 0.31111112236976624 0.07083333283662796 0.31111112236976624 0.07187499850988388 0.31296294927597046 0.0729166641831398 0.31111112236976624 0.07708333432674408 0.31111112236976624 0.078125 0.3092592656612396 0.07916666567325592 0.3092592656612396 0.08124999701976776 0.3055555522441864 0.08541666716337204 0.3055555522441864 0.08645833283662796 0.3037036955356598 0.08749999850988388 0.3037036955356598 0.046875 0.3037036955356598 0.04583333432674408 0.3018518388271332 0.02708333358168602 0.3018518388271332 0.02812499925494194 0.3018518388271332 0.03020833246409893 0.3055555522441864 0.02916666679084301 0.307407408952713 0.02083333395421505 0.307407408952713 0.01770833320915699 0.31111112236976624 0.0010416667209938169 0.31111112236976624 0.0 0.31296294927597046
3 0.0 0.30000001192092896 0.0 0.31111112236976624 0.0010416667209938169 0.3092592656612396 0.01770833320915699 0.3092592656612396 0.01875000074505806 0.307407408952713 0.01979166641831398 0.307407408952713 0.02083333395421505 0.3055555522441864 0.02916666679084301 0.3055555522441864 0.02812499925494194 0.3037036955356598 0.02708333358168602 0.3037036955356598 0.02604166604578495 0.3018518388271332 0.01875000074505806 0.3018518388271332 0.01770833320915699 0.3037036955356598 0.015625 0.3037036955356598 0.014583333395421505 0.3018518388271332 0.014583333395421505 0.30000001192092896 0.010416666977107525 0.30000001192092896 0.00937500037252903 0.29814815521240234 0.008333333767950535 0.30000001192092896
4 0.5625 0.39444443583488464 0.5645833611488342 0.4018518626689911 0.5697916746139526 0.41111111640930176 0.5729166865348816 0.41296297311782837 0.578125 0.4203703701496124 0.5822916626930237 0.4203703701496124 0.5874999761581421 0.42592594027519226 0.590624988079071 0.42592594027519226 0.5916666388511658 0.4277777671813965 0.59375 0.4277777671813965 0.6010416746139526 0.4333333373069763 0.609375 0.43518519401550293 0.6104166507720947 0.43703705072402954 0.6177083253860474 0.43703705072402954 0.6187499761581421 0.43888887763023376 0.6239583492279053 0.43888887763023376 0.625 0.4407407343387604 0.6510416865348816 0.4407407343387604 0.6520833373069763 0.43888887763023376 0.6552083492279053 0.43888887763023376 0.65625 0.43703705072402954 0.6614583134651184 0.43703705072402954 0.6625000238418579 0.43888887763023376 0.6656249761581421 0.43888887763023376 0.6645833253860474 0.43703705072402954 0.6656249761581421 0.43518519401550293 0.6708333492279053 0.43518519401550293 0.6729166507720947 0.4333333373069763 0.6708333492279053 0.4333333373069763 0.6697916388511658 0.4314814805984497 0.6708333492279053 0.4296296238899231 0.6739583611488342 0.4296296238899231 0.6697916388511658 0.4277777671813965 0.668749988079071 0.42592594027519226 0.6697916388511658 0.42222222685813904 0.6677083373069763 0.42222222685813904 0.6625000238418579 0.4166666567325592 0.6635416746139526 0.4148148000240326 0.6666666865348816 0.4148148000240326 0.6625000238418579 0.41111111640930176 0.65625 0.40925925970077515 0.6468750238418579 0.4000000059604645 0.6416666507720947 0.4000000059604645 0.6354166865348816 0.39444443583488464 0.6302083134651184 0.39444443583488464 0.6260416507720947 0.3907407522201538 0.6208333373069763 0.3907407522201538 0.6197916865348816 0.3888888955116272 0.6156250238418579 0.3888888955116272 0.6145833134651184 0.3870370388031006 0.6052083373069763 0.3870370388031006 0.6041666865348816 0.385185182094574 0.574999988079071 0.385185182094574 0.5739583373069763 0.3870370388031006 0.5697916746139526 0.3870370388031006 0.5687500238418579 0.3888888955116272 0.5666666626930237 0.3888888955116272 0.5666666626930237 0.39259257912635803 0.565625011920929 0.39444443583488464 0.5645833611488342 0.39259257912635803 0.565625011920929 0.39444443583488464 0.5645833611488342 0.39629629254341125
