0 0.05312500149011612 0.6111111044883728 0.05624999850988388 0.6111111044883728 0.0572916679084301 0.6092592477798462 0.05937499925494194 0.6092592477798462 0.06041666492819786 0.6111111044883728 0.05937499925494194 0.6129629611968994 0.06041666492819786 0.614814817905426 0.06354166567325592 0.614814817905426 0.06458333134651184 0.6129629611968994 0.0677083358168602 0.6129629611968994 0.06875000149011612 0.6111111044883728 0.07083333283662796 0.6111111044883728 0.06875000149011612 0.6111111044883728 0.0677083358168602 0.6092592477798462 0.06458333134651184 0.6092592477798462 0.06354166567325592 0.6111111044883728 0.06145833432674408 0.6111111044883728 0.06041666492819786 0.6092592477798462 0.06041666492819786 0.6074073910713196 0.06145833432674408 0.605555534362793 0.0625 0.605555534362793 0.06458333134651184 0.6018518805503845 0.06562499701976776 0.6018518805503845 0.06666667014360428 0.6000000238418579 0.06875000149011612 0.6000000238418579 0.06979166716337204 0.5981481671333313 0.0729166641831398 0.5981481671333313 0.07500000298023224 0.5944444537162781 0.07604166865348816 0.5944444537162781 0.07708333432674408 0.5925925970077515 0.078125 0.5925925970077515 0.07083333283662796 0.5925925970077515 0.06979166716337204 0.5944444537162781 0.06666667014360428 0.5944444537162781 0.06562499701976776 0.5962963104248047 0.06458333134651184 0.5944444537162781 0.06458333134651184 0.5925925970077515 0.0625 0.5925925970077515 0.06145833432674408 0.5944444537162781 0.05833333358168602 0.5944444537162781 0.0572916679084301 0.5962963104248047 0.06041666492819786 0.5962963104248047 0.06145833432674408 0.5981481671333313 0.05937499925494194 0.6018518805503845 0.05937499925494194 0.6037036776542664 0.0572916679084301 0.6074073910713196 0.05624999850988388 0.6074073910713196 0.05520833283662796 0.6092592477798462 0.05416666716337204 0.6092592477798462
0 0.2958333194255829 0.5703703761100769 0.29479166865348816 0.5703703761100769 0.29374998807907104 0.5685185194015503 0.29374998807907104 0.5666666626930237 0.2927083373069763 0.5666666626930237 0.2916666567325592 0.5685185194015503 0.2906250059604645 0.5685185194015503 0.28958332538604736 0.5703703761100769 0.28854167461395264 0.5703703761100769 0.28854167461395264 0.5740740895271301 0.2874999940395355 0.5759259462356567 0.2916666567325592 0.5759259462356567 0.2927083373069763 0.5777778029441833 0.29374998807907104 0.5777778029441833 0.2958333194255829 0.5740740895271301
0 0.07395832985639572 0.5611110925674438 0.07500000298023224 0.5611110925674438 0.07604166865348816 0.5629629492759705 0.07916666567325592 0.5629629492759705 0.08020833134651184 0.5611110925674438 0.08124999701976776 0.5611110925674438 0.08229167014360428 0.5592592358589172 0.0833333358168602 0.5592592358589172 0.0833333358168602 0.5574073791503906 0.08437500149011612 0.5555555820465088 0.08541666716337204 0.5555555820465088 0.08124999701976776 0.5555555820465088 0.08020833134651184 0.5574073791503906 0.07916666567325592 0.5574073791503906 0.078125 0.5555555820465088 0.07500000298023224 0.5611110925674438
0 0.9989583492279053 0.4611110985279083 0.871874988079071 0.40740740299224854 0.684374988079071 0.38148146867752075 0.5385416746139526 0.43888887763023376 0.559374988079071 0.4462963044643402 0.5562499761581421 0.47962963581085205 0.4697916805744171 0.4462963044643402 0.37187498807907104 0.5018518567085266 0.4156250059604645 0.4851851761341095 0.48645833134651184 0.5185185074806213 0.41354167461395264 0.5055555701255798 0.33645832538604736 0.5388888716697693 0.3854166567325592 0.5370370149612427 0.34375 0.5555555820465088 0.2510416805744171 0.49074074625968933 0.13437500596046448 0.5314815044403076 0.07500000298023224 0.605555534362793 0.21562500298023224 0.5481481552124023 0.20000000298023224 0.6092592477798462 0.0 0.6722221970558167 0.0 0.9981481432914734 0.19479165971279144 0.9981481432914734 0.203125 0.6481481194496155 0.23020833730697632 0.5759259462356567 0.27395832538604736 0.550000011920929 0.3010416626930237 0.5592592358589172 0.31458333134651184 0.6499999761581421 0.35208332538604736 0.7129629850387573 0.3687500059604645 0.8240740895271301 0.3375000059604645 0.8314814567565918 0.3812499940395355 0.8796296119689941 0.4177083373069763 0.8759258985519409 0.4104166626930237 0.9037036895751953 0.453125 0.9740740656852722 0.4364583194255829 0.9981481432914734 0.8114583492279053 0.9981481432914734 0.5291666388511658 0.7907407283782959 0.5041666626930237 0.75 0.5114583373069763 0.7018518447875977 0.4416666626930237 0.614814817905426 0.4437499940395355 0.5814814567565918 0.4729166626930237 0.5629629492759705 0.6541666388511658 0.7574074268341064 0.5364583134651184 0.6814814805984497 0.534375011920929 0.7111111283302307 0.5708333253860474 0.7111111283302307 0.8739583492279053 0.979629635810852 0.8291666507720947 0.885185182094574 0.8458333611488342 0.8518518805503845 0.9072916507720947 0.8314814567565918 0.9989583492279053 0.8685185313224792
0 0.7645833492279053 0.3592592477798462 0.8052083253860474 0.36666667461395264 0.8125 0.3629629611968994 0.8145833611488342 0.36851853132247925 0.8135416507720947 0.37037035822868347 0.846875011920929 0.3759259283542633 0.8999999761581421 0.3907407522201538 0.9489583373069763 0.3907407522201538 0.9572916626930237 0.39259257912635803 0.9697916507720947 0.4037036895751953 0.9989583492279053 0.41111111640930176 0.9989583492279053 0.38333332538604736 0.9614583253860474 0.37962964177131653 0.9458333253860474 0.3740740716457367 0.9385416507720947 0.37962964177131653 0.9385416507720947 0.3759259283542633 0.9166666865348816 0.3722222149372101 0.8666666746139526 0.36851853132247925 0.8500000238418579 0.3611111044883728 0.8218749761581421 0.35555556416511536 0.7947916388511658 0.35555556416511536 0.8104166388511658 0.3592592477798462 0.809374988079071 0.3629629611968994 0.7989583611488342 0.3611111044883728 0.7979166507720947 0.364814817905426 0.7875000238418579 0.364814817905426 0.7791666388511658 0.3592592477798462
0 0.824999988079071 0.3462963104248047 0.8333333134651184 0.3462963104248047 0.8385416865348816 0.35185185074806213 0.862500011920929 0.35370370745658875 0.8635416626930237 0.35555556416511536 0.8697916865348816 0.35555556416511536 0.8770833611488342 0.3592592477798462 0.8854166865348816 0.3592592477798462 0.8864583373069763 0.3611111044883728 0.8947916626930237 0.3611111044883728 0.8958333134651184 0.3629629611968994 0.9041666388511658 0.3629629611968994 0.9052083492279053 0.364814817905426 0.9145833253860474 0.364814817905426 0.9156249761581421 0.36666667461395264 0.9281250238418579 0.36666667461395264 0.9291666746139526 0.36851853132247925 0.96875 0.36851853132247925 0.9697916507720947 0.37037035822868347 0.9822916388511658 0.37037035822868347 0.9833333492279053 0.3722222149372101 0.9989583492279053 0.3740740716457367 0.9989583492279053 0.36851853132247925 0.9593750238418579 0.364814817905426 0.9583333134651184 0.3629629611968994 0.949999988079071 0.3629629611968994 0.9489583373069763 0.3611111044883728 0.9333333373069763 0.3611111044883728 0.9322916865348816 0.3592592477798462 0.921875 0.3592592477798462 0.9208333492279053 0.35740742087364197 0.909375011920929 0.35740742087364197 0.9083333611488342 0.35555556416511536 0.9114583134651184 0.35370370745658875 0.9052083492279053 0.35370370745658875 0.9041666388511658 0.35185185074806213 0.8979166746139526 0.35555556416511536 0.8916666507720947 0.35555556416511536 0.890625 0.35370370745658875 0.875 0.35370370745658875 0.8739583492279053 0.35185185074806213 0.8500000238418579 0.3499999940395355 0.8489583134651184 0.3481481373310089 0.828125 0.3462963104248047 0.8270833492279053 0.3444444537162781
0 0.9104166626930237 0.3481481373310089 0.9125000238418579 0.3481481373310089 0.9135416746139526 0.3499999940395355 0.918749988079071 0.3499999940395355 0.9197916388511658 0.35185185074806213 0.9260416626930237 0.35185185074806213 0.9270833134651184 0.3499999940395355 0.9291666746139526 0.35185185074806213 0.9385416507720947 0.35185185074806213 0.9395833611488342 0.3499999940395355 0.940625011920929 0.35185185074806213 0.9614583253860474 0.35185185074806213 0.9624999761581421 0.35370370745658875 0.965624988079071 0.35370370745658875 0.9666666388511658 0.35555556416511536 0.9770833253860474 0.35555556416511536 0.9781249761581421 0.35740742087364197 0.9791666865348816 0.35740742087364197 0.9781249761581421 0.35555556416511536 0.9802083373069763 0.35370370745658875 0.9781249761581421 0.35185185074806213 0.9666666388511658 0.35185185074806213 0.965624988079071 0.3499999940395355 0.953125 0.3499999940395355 0.9520833492279053 0.3481481373310089 0.953125 0.3462963104248047 0.9750000238418579 0.3462963104248047 0.9760416746139526 0.3481481373310089 0.9781249761581421 0.3481481373310089 0.9791666865348816 0.3462963104248047 0.9802083373069763 0.3481481373310089 0.9906250238418579 0.3481481373310089 0.9916666746139526 0.3499999940395355 0.9989583492279053 0.3499999940395355 0.9989583492279053 0.3462963104248047 0.984375 0.3462963104248047 0.9833333492279053 0.3444444537162781 0.9677083492279053 0.3444444537162781 0.9666666388511658 0.34259259700775146 0.9437500238418579 0.34259259700775146 0.9427083134651184 0.34074074029922485 0.9239583611488342 0.34074074029922485 0.9239583611488342 0.3444444537162781 0.9229166507720947 0.3462963104248047 0.9145833253860474 0.3462963104248047 0.9135416746139526 0.3481481373310089
0 0.8302083611488342 0.3333333432674408 0.8302083611488342 0.33703702688217163 0.840624988079071 0.33703702688217163 0.8416666388511658 0.33888888359069824 0.8541666865348816 0.33888888359069824 0.8552083373069763 0.34074074029922485 0.8635416626930237 0.34074074029922485 0.862500011920929 0.33888888359069824 0.8604166507720947 0.33888888359069824 0.859375 0.33703702688217163 0.8531249761581421 0.33703702688217163 0.8520833253860474 0.3351851999759674 0.8354166746139526 0.3351851999759674 0.8343750238418579 0.3333333432674408 0.8333333134651184 0.3351851999759674 0.8322916626930237 0.3333333432674408
0 0.7104166746139526 0.33888888359069824 0.7135416865348816 0.33888888359069824 0.7145833373069763 0.34074074029922485 0.7239583134651184 0.34074074029922485 0.7250000238418579 0.34259259700775146 0.7239583134651184 0.3444444537162781 0.7260416746139526 0.3444444537162781 0.7270833253860474 0.34259259700775146 0.7281249761581421 0.34259259700775146 0.7291666865348816 0.34074074029922485 0.7364583611488342 0.34074074029922485 0.737500011920929 0.34259259700775146 0.7385416626930237 0.34259259700775146 0.7395833134651184 0.3444444537162781 0.7406250238418579 0.34259259700775146 0.7427083253860474 0.34259259700775146 0.7447916865348816 0.3462963104248047 0.7479166388511658 0.3462963104248047 0.7458333373069763 0.3462963104248047 0.7447916865348816 0.3444444537162781 0.7458333373069763 0.34259259700775146 0.7541666626930237 0.34259259700775146 0.7583333253860474 0.3351851999759674 0.7593749761581421 0.3351851999759674 0.7562500238418579 0.3351851999759674 0.7552083134651184 0.33703702688217163 0.7541666626930237 0.3351851999759674 0.7510416507720947 0.3351851999759674 0.75 0.3333333432674408 0.7406250238418579 0.3333333432674408 0.7395833134651184 0.3314814865589142 0.731249988079071 0.3314814865589142 0.7302083373069763 0.3296296298503876 0.7250000238418579 0.3296296298503876 0.7270833253860474 0.3296296298503876 0.7291666865348816 0.3333333432674408 0.7291666865348816 0.3351851999759674 0.7281249761581421 0.33703702688217163 0.7270833253860474 0.3351851999759674 0.7260416746139526 0.33703702688217163 0.7239583134651184 0.33703702688217163 0.7229166626930237 0.3351851999759674 0.7229166626930237 0.3333333432674408 0.721875011920929 0.3314814865589142 0.71875 0.3314814865589142 0.7197916507720947 0.3333333432674408 0.71875 0.3351851999759674 0.7177083492279053 0.3351851999759674 0.7208333611488342 0.3351851999759674 0.721875011920929 0.33703702688217163 0.7208333611488342 0.33888888359069824 0.71875 0.33888888359069824 0.7177083492279053 0.34074074029922485 0.7166666388511658 0.33888888359069824
0 0.5947916507720947 0.33703702688217163 0.609375 0.34259259700775146 0.6187499761581421 0.34074074029922485 0.6572916507720947 0.3499999940395355 0.6864583492279053 0.35185185074806213 0.6864583492279053 0.35555556416511536 0.6822916865348816 0.35740742087364197 0.6895833611488342 0.3611111044883728 0.6854166388511658 0.36666667461395264 0.6968749761581421 0.3722222149372101 0.7562500238418579 0.3777777850627899 0.8802083134651184 0.4055555462837219 0.8989583253860474 0.4055555462837219 0.8479166626930237 0.39444443583488464 0.8291666507720947 0.385185182094574 0.778124988079071 0.3722222149372101 0.7666666507720947 0.3740740716457367 0.7406250238418579 0.36851853132247925 0.7406250238418579 0.364814817905426 0.7364583611488342 0.3629629611968994 0.7385416626930237 0.3592592477798462 0.7479166388511658 0.3629629611968994 0.75 0.3592592477798462 0.731249988079071 0.3592592477798462 0.7250000238418579 0.35185185074806213 0.7072916626930237 0.3481481373310089 0.6958333253860474 0.35185185074806213 0.6489583253860474 0.33703702688217163 0.6489583253860474 0.3333333432674408 0.6875 0.33888888359069824 0.6947916746139526 0.3351851999759674 0.6177083253860474 0.32592591643333435 0.6031249761581421 0.3296296298503876
0 0.668749988079071 0.32592591643333435 0.671875 0.32592591643333435 0.6729166507720947 0.32777777314186096 0.6927083134651184 0.32777777314186096 0.6885416507720947 0.32777777314186096 0.6875 0.32592591643333435 0.6895833611488342 0.3222222328186035 0.6916666626930237 0.3222222328186035 0.6958333253860474 0.32592591643333435 0.6989583373069763 0.32592591643333435 0.699999988079071 0.32777777314186096 0.6989583373069763 0.3296296298503876 0.6968749761581421 0.3296296298503876 0.6989583373069763 0.3296296298503876 0.7020833492279053 0.32592591643333435 0.7052083611488342 0.32592591643333435 0.706250011920929 0.32777777314186096 0.7208333611488342 0.32777777314186096 0.7145833373069763 0.32777777314186096 0.7135416865348816 0.32592591643333435 0.7083333134651184 0.32592591643333435 0.7072916626930237 0.32407405972480774 0.7083333134651184 0.3222222328186035 0.7239583134651184 0.3222222328186035 0.7250000238418579 0.32407405972480774 0.7416666746139526 0.32407405972480774 0.7458333373069763 0.32777777314186096 0.7593749761581421 0.32777777314186096 0.7604166865348816 0.3296296298503876 0.7645833492279053 0.3296296298503876 0.7666666507720947 0.32777777314186096 0.7666666507720947 0.32592591643333435 0.753125011920929 0.32592591643333435 0.7520833611488342 0.32407405972480774 0.7489583492279053 0.32407405972480774 0.746874988079071 0.3203703761100769 0.7291666865348816 0.3203703761100769 0.7281249761581421 0.3185185194015503 0.7260416746139526 0.3203703761100769 0.721875011920929 0.3203703761100769 0.7208333611488342 0.3185185194015503 0.7135416865348816 0.3185185194015503 0.7124999761581421 0.3166666626930237 0.7083333134651184 0.3166666626930237 0.7072916626930237 0.31481480598449707 0.7052083611488342 0.31481480598449707 0.7072916626930237 0.3166666626930237 0.706250011920929 0.3203703761100769 0.6916666626930237 0.3203703761100769 0.690625011920929 0.3185185194015503 0.6822916865348816 0.3185185194015503 0.6812499761581421 0.3166666626930237 0.6791666746139526 0.3166666626930237 0.6781250238418579 0.3185185194015503 0.6729166507720947 0.3185185194015503 0.6770833134651184 0.3185185194015503 0.6781250238418579 0.3203703761100769 0.6833333373069763 0.3222222328186035 0.684374988079071 0.32407405972480774 0.6833333373069763 0.32592591643333435
1 0.5614583492279053 0.835185170173645 0.5583333373069763 0.8388888835906982 0.5531250238418579 0.8388888835906982 0.5479166507720947 0.8444444537162781 0.546875 0.8425925970077515 0.5447916388511658 0.8425925970077515 0.543749988079071 0.8444444537162781 0.5385416746139526 0.8481481671333313 0.5364583134651184 0.8518518805503845 0.5333333611488342 0.8518518805503845 0.5322916507720947 0.8500000238418579 0.5291666388511658 0.8537036776542664 0.518750011920929 0.8537036776542664 0.515625 0.8574073910713196 0.5135416388511658 0.8574073910713196 0.512499988079071 0.855555534362793 0.5114583373069763 0.855555534362793 0.5104166865348816 0.8574073910713196 0.5093749761581421 0.8574073910713196 0.5083333253860474 0.8592592477798462 0.5010416507720947 0.864814817905426 0.5010416507720947 0.8666666746139526 0.5062500238418579 0.8759258985519409 0.5072916746139526 0.8759258985519409 0.5083333253860474 0.8777777552604675 0.5104166865348816 0.8777777552604675 0.5114583373069763 0.8796296119689941 0.5145833492279053 0.8796296119689941 0.515625 0.8814814686775208 0.518750011920929 0.8833333253860474 0.5208333134651184 0.8888888955116272 0.5208333134651184 0.8925926089286804 0.5197916626930237 0.894444465637207 0.5197916626930237 0.8962963223457336 0.5166666507720947 0.9018518328666687 0.5145833492279053 0.9018518328666687 0.5135416388511658 0.9037036895751953 0.5104166865348816 0.9037036895751953 0.5093749761581421 0.9055555462837219 0.5083333253860474 0.9055555462837219 0.5062500238418579 0.9092592597007751 0.5062500238418579 0.9185185432434082 0.5052083134651184 0.9203703999519348 0.5062500238418579 0.9185185432434082 0.5072916746139526 0.9185185432434082 0.5093749761581421 0.914814829826355 0.5114583373069763 0.914814829826355 0.512499988079071 0.9129629731178284 0.5135416388511658 0.9129629731178284 0.5135416388511658 0.9092592597007751 0.5145833492279053 0.9074074029922485 0.515625 0.9074074029922485 0.5177083611488342 0.9037036895751953 0.5229166746139526 0.8999999761581421 0.5239583253860474 0.8981481194496155 0.5239583253860474 0.8925926089286804 0.5260416865348816 0.8888888955116272 0.5270833373069763 0.8888888955116272 0.528124988079071 0.8870370388031006 0.5302083492279053 0.8870370388031006 0.5302083492279053 0.8833333253860474 0.5322916507720947 0.8796296119689941 0.5333333611488342 0.8796296119689941 0.5333333611488342 0.8777777552604675 0.5395833253860474 0.864814817905426 0.5406249761581421 0.864814817905426 0.5427083373069763 0.8611111044883728 0.5458333492279053 0.8592592477798462 0.546875 0.8574073910713196 0.546875 0.855555534362793 0.5520833134651184 0.8481481671333313 0.5541666746139526 0.8481481671333313 0.5552083253860474 0.8462963104248047 0.5583333373069763 0.8444444537162781 0.559374988079071 0.8425925970077515 0.559374988079071 0.8388888835906982
1 0.8062499761581421 0.7685185074806213 0.8062499761581421 0.770370364189148 0.8114583492279053 0.779629647731781 0.8125 0.779629647731781 0.815625011920929 0.7851851582527161 0.8166666626930237 0.7851851582527161 0.8177083134651184 0.7870370149612427 0.8187500238418579 0.7870370149612427 0.8208333253860474 0.7907407283782959 0.8218749761581421 0.7907407283782959 0.8229166865348816 0.7925925850868225 0.8239583373069763 0.7925925850868225 0.824999988079071 0.7944444417953491 0.8260416388511658 0.7944444417953491 0.8291666507720947 0.7981481552124023 0.831250011920929 0.7981481552124023 0.8322916626930237 0.800000011920929 0.8333333134651184 0.800000011920929 0.8343750238418579 0.8018518686294556 0.8354166746139526 0.8018518686294556 0.8364583253860474 0.8037037253379822 0.8374999761581421 0.8037037253379822 0.8385416865348816 0.8055555820465088 0.8395833373069763 0.8055555820465088 0.8416666388511658 0.8092592358589172 0.8427083492279053 0.8092592358589172 0.8458333611488342 0.8129629492759705 0.8479166626930237 0.8129629492759705 0.8510416746139526 0.8166666626930237 0.8531249761581421 0.8166666626930237 0.8541666865348816 0.8185185194015503 0.8572916388511658 0.8185185194015503 0.8583333492279053 0.8203703761100769 0.8614583611488342 0.8203703761100769 0.862500011920929 0.8185185194015503 0.8635416626930237 0.8185185194015503 0.8635416626930237 0.8148148059844971 0.8645833134651184 0.8129629492759705 0.8645833134651184 0.8092592358589172 0.8656250238418579 0.8074073791503906 0.8645833134651184 0.8055555820465088 0.8635416626930237 0.8055555820465088 0.8614583611488342 0.8018518686294556 0.8604166507720947 0.8018518686294556 0.859375 0.800000011920929 0.8583333492279053 0.800000011920929 0.8572916388511658 0.7981481552124023 0.856249988079071 0.7981481552124023 0.8552083373069763 0.7962962985038757 0.8541666865348816 0.7962962985038757 0.8510416746139526 0.7925925850868225 0.8489583134651184 0.7925925850868225 0.8479166626930237 0.7907407283782959 0.846875011920929 0.7907407283782959 0.84375 0.7870370149612427 0.8416666388511658 0.7870370149612427 0.840624988079071 0.7851851582527161 0.8385416865348816 0.7851851582527161 0.8374999761581421 0.7833333611488342 0.8354166746139526 0.7833333611488342 0.8343750238418579 0.7814815044403076 0.8322916626930237 0.7814815044403076 0.831250011920929 0.779629647731781 0.8291666507720947 0.779629647731781 0.828125 0.7777777910232544 0.8260416388511658 0.7777777910232544 0.824999988079071 0.7759259343147278 0.8229166865348816 0.7759259343147278 0.8218749761581421 0.7740740776062012 0.8197916746139526 0.7740740776062012 0.8187500238418579 0.7722222208976746 0.815625011920929 0.7722222208976746 0.8145833611488342 0.770370364189148 0.8125 0.770370364189148 0.8114583492279053 0.7685185074806213
1 0.4427083432674408 0.585185170173645 0.4437499940395355 0.6185185313224792 0.47187501192092896 0.6370370388031006 0.47604167461395264 0.6592592597007751 0.512499988079071 0.7018518447875977 0.5135416388511658 0.7351852059364319 0.5052083134651184 0.75 0.5291666388511658 0.7888888716697693 0.5552083253860474 0.7870370149612427 0.581250011920929 0.8240740895271301 0.5979166626930237 0.8203703761100769 0.7541666626930237 0.9574074149131775 0.7552083134651184 0.949999988079071 0.8125 0.9981481432914734 0.9989583492279053 0.9981481432914734 0.9989583492279053 0.8703703880310059 0.9072916507720947 0.8333333134651184 0.8458333611488342 0.8537036776542664 0.8302083611488342 0.885185182094574 0.8427083492279053 0.8907407522201538 0.859375 0.9277777671813965 0.8739583492279053 0.9777777791023254 0.8677083253860474 0.9777777791023254 0.7572916746139526 0.8740741014480591 0.7447916865348816 0.8759258985519409 0.731249988079071 0.8574073910713196 0.7239583134651184 0.864814817905426 0.7260416746139526 0.8537036776542664 0.5708333253860474 0.7129629850387573 0.534375011920929 0.7129629850387573 0.5364583134651184 0.6796296238899231 0.659375011920929 0.7629629373550415 0.6239583492279053 0.7148148417472839 0.534375011920929 0.6314814686775208 0.49687498807907104 0.5740740895271301 0.4729166626930237 0.5648148059844971
1 0.23020833730697632 0.5777778029441833 0.2083333283662796 0.6259258985519409 0.20104166865348816 0.6722221970558167 0.20416666567325592 0.6740740537643433 0.19895833730697632 0.6777777671813965 0.20104166865348816 0.7074074149131775 0.1979166716337204 0.7111111283302307 0.20000000298023224 0.7462962865829468 0.19687500596046448 0.7759259343147278 0.20104166865348816 0.8518518805503845 0.1979166716337204 0.8703703880310059 0.20000000298023224 0.9351851940155029 0.19687500596046448 0.9592592716217041 0.20000000298023224 0.9611111283302307 0.19583334028720856 0.9685184955596924 0.19895833730697632 0.9722222089767456 0.19583334028720856 0.9981481432914734 0.43541666865348816 0.9981481432914734 0.45104166865348816 0.9759259223937988 0.44999998807907104 0.9648148417472839 0.40937501192092896 0.9037036895751953 0.4124999940395355 0.885185182094574 0.4177083373069763 0.8777777552604675 0.390625 0.8759258985519409 0.3812499940395355 0.8814814686775208 0.3760416805744171 0.8592592477798462 0.3635416626930237 0.8685185313224792 0.3635416626930237 0.8629629611968994 0.3697916567325592 0.8592592477798462 0.3489583432674408 0.8518518805503845 0.33645832538604736 0.8314814567565918 0.3385416567325592 0.8259259462356567 0.36770832538604736 0.8240740895271301 0.3635416626930237 0.8166666626930237 0.3583333194255829 0.7777777910232544 0.3552083373069763 0.7759259343147278 0.35729166865348816 0.7537037134170532 0.3531250059604645 0.7481481432914734 0.3552083373069763 0.7407407164573669 0.3499999940395355 0.7277777791023254 0.35104167461395264 0.7129629850387573 0.3270833194255829 0.6629629731178284 0.3229166567325592 0.6611111164093018 0.3239583373069763 0.6555555462837219 0.3135416805744171 0.6499999761581421 0.31458333134651184 0.6370370388031006 0.3031249940395355 0.6185185313224792 0.30000001192092896 0.5592592358589172 0.2916666567325592 0.5518518686294556 0.27395832538604736 0.5518518686294556 0.25208333134651184 0.5592592358589172
1 0.4989583194255829 0.4888888895511627 0.5010416507720947 0.5018518567085266 0.5104166865348816 0.5166666507720947 0.5760416388511658 0.585185170173645 0.9322916865348816 0.7648147940635681 0.9072916507720947 0.7351852059364319 0.8531249761581421 0.6981481313705444 0.8458333611488342 0.6851851940155029 0.8218749761581421 0.6685185432434082 0.8218749761581421 0.6851851940155029 0.8177083134651184 0.6944444179534912 0.8010416626930237 0.6944444179534912 0.7802083492279053 0.6851851940155029 0.7177083492279053 0.6166666746139526 0.7197916507720947 0.6092592477798462 0.7385416626930237 0.605555534362793 0.6760416626930237 0.6000000238418579 0.6760416626930237 0.5944444537162781 0.621874988079071 0.5462962985038757 0.5822916626930237 0.5259259343147278 0.534375011920929 0.4833333194255829 0.5135416388511658 0.47962963581085205
1 0.07916666567325592 0.46851852536201477 0.07395832985639572 0.46851852536201477 0.0729166641831398 0.46666666865348816 0.07187499850988388 0.46851852536201477 0.07083333283662796 0.46666666865348816 0.06875000149011612 0.46666666865348816 0.0677083358168602 0.46481481194496155 0.06666667014360428 0.46666666865348816 0.06562499701976776 0.46481481194496155 0.06354166567325592 0.46481481194496155 0.0625 0.46666666865348816 0.05937499925494194 0.46666666865348816 0.05833333358168602 0.46851852536201477 0.05520833283662796 0.46851852536201477 0.05416666716337204 0.4703703820705414 0.05000000074505806 0.4703703820705414 0.04895833507180214 0.4722222089767456 0.046875 0.4722222089767456 0.04583333432674408 0.4740740656852722 0.04374999925494194 0.4740740656852722 0.04270833358168602 0.47592592239379883 0.04062499850988388 0.47592592239379883 0.03958333283662796 0.47777777910232544 0.03750000149011612 0.47777777910232544 0.0364583320915699 0.47962963581085205 0.03437500074505806 0.47962963581085205 0.03333333507180214 0.48148149251937866 0.03125 0.48148149251937866 0.03020833246409893 0.4833333194255829 0.02708333358168602 0.4833333194255829 0.02604166604578495 0.4851851761341095 0.02291666716337204 0.4851851761341095 0.02187499962747097 0.4870370328426361 0.01875000074505806 0.4870370328426361 0.01770833320915699 0.4888888895511627 0.014583333395421505 0.4888888895511627 0.01354166679084301 0.49074074625968933 0.0031250000465661287 0.49074074625968933 0.0020833334419876337 0.4888888895511627 0.0 0.4888888895511627 0.0 0.4962962865829468 0.0010416667209938169 0.49444442987442017 0.0072916666977107525 0.49444442987442017 0.008333333767950535 0.49259260296821594 0.014583333395421505 0.49259260296821594 0.015625 0.49074074625968933 0.02083333395421505 0.49074074625968933 0.02187499962747097 0.4888888895511627 0.02500000037252903 0.4888888895511627 0.02604166604578495 0.4870370328426361 0.02812499925494194 0.4870370328426361 0.02916666679084301 0.4851851761341095 0.03229166567325592 0.4851851761341095 0.03333333507180214 0.4833333194255829 0.03541666641831398 0.4833333194255829 0.03854166716337204 0.47962963581085205 0.04062499850988388 0.47962963581085205 0.0416666679084301 0.47777777910232544 0.04374999925494194 0.47777777910232544 0.04479166492819786 0.47592592239379883 0.0520833320915699 0.47592592239379883 0.05312500149011612 0.4740740656852722 0.0572916679084301 0.4740740656852722 0.05833333358168602 0.4722222089767456 0.06458333134651184 0.4722222089767456 0.06562499701976776 0.4703703820705414 0.07187499850988388 0.4703703820705414 0.0729166641831398 0.46851852536201477
1 0.7270833253860474 0.37962964177131653 0.7229166626930237 0.3759259283542633 0.6968749761581421 0.3740740716457367 0.6854166388511658 0.36851853132247925 0.684374988079071 0.364814817905426 0.6572916507720947 0.364814817905426 0.65625 0.3629629611968994 0.6395833492279053 0.364814817905426 0.6447916626930237 0.36851853132247925 0.643750011920929 0.37037035822868347 0.6322916746139526 0.37037035822868347 0.6312500238418579 0.36851853132247925 0.6260416507720947 0.37037035822868347 0.6447916626930237 0.3740740716457367 0.6458333134651184 0.3759259283542633 0.6447916626930237 0.3777777850627899 0.6343749761581421 0.37962964177131653 0.6291666626930237 0.38333332538604736 0.6166666746139526 0.38333332538604736 0.612500011920929 0.3870370388031006 0.6052083373069763 0.3870370388031006 0.6083333492279053 0.3888888955116272 0.6072916388511658 0.3907407522201538 0.596875011920929 0.39259257912635803 0.5864583253860474 0.4018518626689911 0.574999988079071 0.4055555462837219 0.5729166865348816 0.4037036895751953 0.5739583373069763 0.39814814925193787 0.559374988079071 0.4000000059604645 0.5625 0.4018518626689911 0.5614583492279053 0.4055555462837219 0.5531250238418579 0.4037036895751953 0.5614583492279053 0.40925925970077515 0.565625011920929 0.40740740299224854 0.5666666626930237 0.40925925970077515 0.5791666507720947 0.40925925970077515 0.59375 0.4148148000240326 0.6083333492279053 0.4148148000240326 0.6333333253860474 0.39259257912635803 0.6239583492279053 0.39259257912635803 0.6229166388511658 0.3907407522201538 0.6239583492279053 0.3888888955116272 0.6385416388511658 0.3888888955116272 0.6479166746139526 0.38333332538604736 0.6791666746139526 0.38333332538604736 0.684374988079071 0.37962964177131653 0.6947916746139526 0.37962964177131653 0.6958333253860474 0.38148146867752075
1 0.7104166746139526 0.35555556416511536 0.7114583253860474 0.35555556416511536 0.7124999761581421 0.35740742087364197 0.7124999761581421 0.3611111044883728 0.7135416865348816 0.3611111044883728 0.7145833373069763 0.3592592477798462 0.721875011920929 0.3592592477798462 0.721875011920929 0.35740742087364197 0.7197916507720947 0.35370370745658875 0.7114583253860474 0.35370370745658875
1 0.953125 0.3481481373310089 0.965624988079071 0.3481481373310089 0.9666666388511658 0.3499999940395355 0.9781249761581421 0.3499999940395355 0.9791666865348816 0.35185185074806213 0.9802083373069763 0.35185185074806213 0.981249988079071 0.35370370745658875 0.9802083373069763 0.35555556416511536 0.9791666865348816 0.35555556416511536 0.9802083373069763 0.35740742087364197 0.981249988079071 0.35740742087364197 0.9822916388511658 0.35555556416511536 0.9885416626930237 0.35555556416511536 0.9895833134651184 0.35740742087364197 0.9906250238418579 0.35555556416511536 0.9916666746139526 0.35740742087364197 0.9958333373069763 0.35740742087364197 0.996874988079071 0.3592592477798462 0.9989583492279053 0.3592592477798462 0.9989583492279053 0.35185185074806213 0.9916666746139526 0.35185185074806213 0.9906250238418579 0.3499999940395355 0.9802083373069763 0.3499999940395355 0.9791666865348816 0.3481481373310089 0.9781249761581421 0.3499999940395355 0.9760416746139526 0.3499999940395355 0.9750000238418579 0.3481481373310089
1 0.8187500238418579 0.35370370745658875 0.8395833373069763 0.35740742087364197 0.840624988079071 0.3592592477798462 0.8500000238418579 0.3592592477798462 0.8666666746139526 0.36666667461395264 0.9020833373069763 0.36851853132247925 0.903124988079071 0.37037035822868347 0.9385416507720947 0.3740740716457367 0.9395833611488342 0.3759259283542633 0.9375 0.37962964177131653 0.9302083253860474 0.37962964177131653 0.9291666746139526 0.3777777850627899 0.9239583611488342 0.3777777850627899 0.9375 0.37962964177131653 0.9416666626930237 0.3740740716457367 0.9458333253860474 0.3722222149372101 0.9614583253860474 0.3777777850627899 0.9989583492279053 0.38148146867752075 0.9989583492279053 0.3759259283542633 0.9916666746139526 0.3777777850627899 0.9906250238418579 0.3759259283542633 0.9916666746139526 0.3740740716457367 0.9697916507720947 0.3722222149372101 0.96875 0.37037035822868347 0.9156249761581421 0.36851853132247925 0.9145833253860474 0.36666667461395264 0.8770833611488342 0.3611111044883728 0.862500011920929 0.35555556416511536 0.8385416865348816 0.35370370745658875 0.8333333134651184 0.3481481373310089 0.8229166865348816 0.3481481373310089
1 0.653124988079071 0.3481481373310089 0.6458333134651184 0.3481481373310089 0.6447916626930237 0.3462963104248047 0.6312500238418579 0.3462963104248047 0.6302083134651184 0.3444444537162781 0.6197916865348816 0.3444444537162781 0.6187499761581421 0.34259259700775146 0.6177083253860474 0.3444444537162781 0.6010416746139526 0.34259259700775146 0.6000000238418579 0.3444444537162781 0.596875011920929 0.3444444537162781 0.5916666388511658 0.3481481373310089 0.5833333134651184 0.3481481373310089 0.5802083611488342 0.3444444537162781 0.5760416388511658 0.3444444537162781 0.574999988079071 0.3462963104248047 0.5614583492279053 0.3481481373310089 0.5604166388511658 0.3499999940395355 0.5572916865348816 0.3499999940395355 0.5520833134651184 0.35370370745658875 0.543749988079071 0.35370370745658875 0.5427083373069763 0.35555556416511536 0.5395833253860474 0.35370370745658875 0.5385416746139526 0.35740742087364197 0.546875 0.35740742087364197 0.5479166507720947 0.35555556416511536 0.5708333253860474 0.35555556416511536 0.5718749761581421 0.35740742087364197 0.5822916626930237 0.35740742087364197 0.5833333134651184 0.3592592477798462 0.5822916626930237 0.3611111044883728 0.5739583373069763 0.3611111044883728 0.5729166865348816 0.3629629611968994 0.5645833611488342 0.3629629611968994 0.5635416507720947 0.364814817905426 0.5614583492279053 0.3629629611968994 0.5562499761581421 0.36666667461395264 0.5520833134651184 0.36666667461395264 0.5625 0.364814817905426 0.5645833611488342 0.36851853132247925 0.5635416507720947 0.37037035822868347 0.5739583373069763 0.3722222149372101 0.5760416388511658 0.36851853132247925 0.581250011920929 0.364814817905426 0.5874999761581421 0.364814817905426 0.5885416865348816 0.3629629611968994 0.5916666388511658 0.364814817905426 0.5927083492279053 0.3629629611968994 0.6104166507720947 0.3611111044883728 0.6145833134651184 0.35740742087364197 0.6229166388511658 0.35740742087364197 0.6239583492279053 0.35555556416511536 0.6270833611488342 0.35555556416511536 0.6322916746139526 0.35185185074806213 0.6364583373069763 0.35185185074806213 0.640625 0.3481481373310089 0.6416666507720947 0.3499999940395355 0.6427083611488342 0.3481481373310089
1 0.828125 0.34259259700775146 0.828125 0.3444444537162781 0.8385416865348816 0.3444444537162781 0.8395833373069763 0.3462963104248047 0.8489583134651184 0.3462963104248047 0.8500000238418579 0.3481481373310089 0.8635416626930237 0.3481481373310089 0.8645833134651184 0.3499999940395355 0.8739583492279053 0.3499999940395355 0.875 0.35185185074806213 0.8885416388511658 0.35185185074806213 0.8864583373069763 0.35185185074806213 0.8854166865348816 0.3499999940395355 0.8770833611488342 0.3499999940395355 0.8760416507720947 0.3481481373310089 0.8645833134651184 0.3481481373310089 0.8635416626930237 0.3462963104248047 0.8541666865348816 0.3462963104248047 0.8531249761581421 0.3444444537162781 0.8489583134651184 0.3444444537162781 0.8479166626930237 0.34259259700775146 0.8395833373069763 0.34259259700775146 0.8385416865348816 0.34074074029922485 0.8395833373069763 0.33888888359069824 0.840624988079071 0.33888888359069824 0.8395833373069763 0.33888888359069824 0.8385416865348816 0.34074074029922485 0.8291666507720947 0.34074074029922485
1 0.6322916746139526 0.32777777314186096 0.6447916626930237 0.32777777314186096 0.6458333134651184 0.3296296298503876 0.6572916507720947 0.3296296298503876 0.6583333611488342 0.3314814865589142 0.6604166626930237 0.3314814865589142 0.659375011920929 0.3296296298503876 0.6583333611488342 0.3296296298503876 0.6572916507720947 0.32777777314186096 0.6489583253860474 0.32777777314186096 0.6479166746139526 0.3296296298503876 0.6468750238418579 0.3296296298503876 0.6458333134651184 0.32777777314186096 0.643750011920929 0.32777777314186096 0.6427083611488342 0.32592591643333435 0.6354166865348816 0.32592591643333435 0.6343749761581421 0.32777777314186096
1 0.6489583253860474 0.3351851999759674 0.684374988079071 0.3481481373310089 0.7072916626930237 0.3462963104248047 0.731249988079071 0.35740742087364197 0.75 0.35740742087364197 0.75 0.364814817905426 0.7385416626930237 0.3611111044883728 0.7406250238418579 0.36666667461395264 0.778124988079071 0.37037035822868347 0.8989583253860474 0.4037036895751953 0.890625 0.40925925970077515 0.8260416388511658 0.39629629254341125 0.8791666626930237 0.40740740299224854 0.9177083373069763 0.42592594027519226 0.9666666388511658 0.4333333373069763 0.9989583492279053 0.4592592716217041 0.9989583492279053 0.41296297311782837 0.9697916507720947 0.4055555462837219 0.9572916626930237 0.39444443583488464 0.8999999761581421 0.39259257912635803 0.8166666626930237 0.3740740716457367 0.8125 0.364814817905426 0.768750011920929 0.3629629611968994 0.7645833492279053 0.35740742087364197 0.7979166507720947 0.3629629611968994 0.793749988079071 0.35555556416511536 0.7104166746139526 0.34074074029922485 0.7229166626930237 0.32777777314186096 0.7604166865348816 0.3351851999759674 0.762499988079071 0.3314814865589142 0.7416666746139526 0.32592591643333435 0.668749988079071 0.3296296298503876 0.6947916746139526 0.3333333432674408 0.6875 0.34074074029922485
2 0.6541666388511658 0.3611111044883728 0.5708333253860474 0.3740740716457367 0.5520833134651184 0.364814817905426 0.5822916626930237 0.3592592477798462 0.46666666865348816 0.35185185074806213 0.11354167014360428 0.38148146867752075 0.06666667014360428 0.4055555462837219 0.0 0.41296297311782837 0.0 0.4870370328426361 0.08020833134651184 0.46851852536201477 0.0 0.4981481432914734 0.0 0.6703703999519348 0.20000000298023224 0.6074073910713196 0.203125 0.5925925970077515 0.19374999403953552 0.5944444537162781 0.21562500298023224 0.550000011920929 0.07500000298023224 0.6074073910713196 0.09270833432674408 0.5722222328186035 0.140625 0.5388888716697693 0.125 0.5388888716697693 0.2510416805744171 0.4888888895511627 0.3479166626930237 0.5537037253379822 0.3812499940395355 0.5444444417953491 0.3812499940395355 0.5314815044403076 0.33645832538604736 0.5370370149612427 0.41354167461395264 0.5037037134170532 0.4437499940395355 0.5222222208976746 0.48645833134651184 0.5166666507720947 0.4208333194255829 0.5055555701255798 0.4260416626930237 0.49444442987442017 0.4156250059604645 0.4870370328426361 0.37187498807907104 0.5037037134170532 0.3947916626930237 0.4870370328426361 0.3916666805744171 0.47777777910232544 0.46562498807907104 0.4444444477558136 0.5614583492279053 0.47592592239379883 0.546875 0.4722222089767456 0.559374988079071 0.4703703820705414 0.5520833134651184 0.4574074149131775 0.5583333373069763 0.4462963044643402 0.5385416746139526 0.43703705072402954 0.6052083373069763 0.4185185134410858 0.5531250238418579 0.4018518626689911 0.6447916626930237 0.3759259283542633 0.6260416507720947 0.36851853132247925
2 0.8302083611488342 0.33888888359069824 0.8479166626930237 0.34074074029922485 0.8645833134651184 0.3462963104248047 0.8854166865348816 0.3481481373310089 0.8895833492279053 0.35185185074806213 0.8927083611488342 0.3499999940395355 0.893750011920929 0.35185185074806213 0.8916666507720947 0.35370370745658875 0.9041666388511658 0.3499999940395355 0.9114583134651184 0.35185185074806213 0.9125000238418579 0.35370370745658875 0.909375011920929 0.35555556416511536 0.9989583492279053 0.36666667461395264 0.9989583492279053 0.3611111044883728 0.9895833134651184 0.3629629611968994 0.987500011920929 0.3592592477798462 0.9854166507720947 0.3611111044883728 0.9770833253860474 0.35740742087364197 0.9510416388511658 0.35555556416511536 0.949999988079071 0.35370370745658875 0.9291666746139526 0.35370370745658875 0.9281250238418579 0.35185185074806213 0.9197916388511658 0.35370370745658875 0.9104166626930237 0.3499999940395355 0.909375011920929 0.3481481373310089 0.9125000238418579 0.3462963104248047 0.8979166746139526 0.3481481373310089 0.8968750238418579 0.3462963104248047 0.8979166746139526 0.3444444537162781 0.9041666388511658 0.34259259700775146 0.9156249761581421 0.34259259700775146 0.9166666865348816 0.3444444537162781 0.9229166507720947 0.3444444537162781 0.9229166507720947 0.34259259700775146 0.8677083253860474 0.3333333432674408 0.8666666746139526 0.3314814865589142 0.8645833134651184 0.3314814865589142 0.871874988079071 0.33888888359069824 0.8697916865348816 0.34259259700775146
3 0.753125011920929 0.3462963104248047 0.7541666626930237 0.3462963104248047 0.7552083134651184 0.3481481373310089 0.7645833492279053 0.3481481373310089 0.765625 0.3499999940395355 0.7666666507720947 0.3481481373310089 0.768750011920929 0.3481481373310089 0.7697916626930237 0.3499999940395355 0.7739583253860474 0.3499999940395355 0.7749999761581421 0.3481481373310089 0.7791666388511658 0.3481481373310089 0.7802083492279053 0.3499999940395355 0.7822916507720947 0.3499999940395355 0.7833333611488342 0.35185185074806213 0.7895833253860474 0.35185185074806213 0.7906249761581421 0.35370370745658875 0.809374988079071 0.35370370745658875 0.8104166388511658 0.35555556416511536 0.8166666626930237 0.35555556416511536 0.8208333253860474 0.3481481373310089 0.8218749761581421 0.3481481373310089 0.8229166865348816 0.3462963104248047 0.8260416388511658 0.3444444537162781 0.8291666507720947 0.33888888359069824 0.8291666507720947 0.3333333432674408 0.828125 0.3314814865589142 0.8260416388511658 0.3314814865589142 0.824999988079071 0.3296296298503876 0.8239583373069763 0.3296296298503876 0.8229166865348816 0.32777777314186096 0.8197916746139526 0.32592591643333435 0.8177083134651184 0.3222222328186035 0.815625011920929 0.3222222328186035 0.8145833611488342 0.3203703761100769 0.8114583492279053 0.3203703761100769 0.809374988079071 0.3166666626930237 0.8020833134651184 0.3166666626930237 0.8010416626930237 0.31481480598449707 0.7989583611488342 0.31481480598449707 0.7979166507720947 0.31296294927597046 0.7947916388511658 0.31296294927597046 0.793749988079071 0.31111112236976624 0.7916666865348816 0.31111112236976624 0.7906249761581421 0.3092592656612396 0.7854166626930237 0.3092592656612396 0.784375011920929 0.31111112236976624 0.78125 0.31111112236976624 0.7791666388511658 0.31481480598449707 0.778124988079071 0.31481480598449707 0.7770833373069763 0.3166666626930237 0.7739583253860474 0.3185185194015503 0.7666666507720947 0.3296296298503876 0.7635416388511658 0.3314814865589142 0.7604166865348816 0.33703702688217163 0.7583333253860474 0.33703702688217163
4 0.8416666388511658 0.47592592239379883 0.8583333492279053 0.47592592239379883 0.859375 0.4740740656852722 0.8614583611488342 0.4740740656852722 0.8635416626930237 0.4703703820705414 0.8656250238418579 0.4703703820705414 0.8645833134651184 0.46851852536201477 0.862500011920929 0.46851852536201477 0.8614583611488342 0.46666666865348816 0.8583333492279053 0.46666666865348816 0.8572916388511658 0.46481481194496155 0.8552083373069763 0.46481481194496155 0.8541666865348816 0.46296295523643494 0.8531249761581421 0.46296295523643494 0.8520833253860474 0.4611110985279083 0.8520833253860474 0.4592592716217041 0.8510416746139526 0.4574074149131775 0.8479166626930237 0.4574074149131775 0.8458333611488342 0.4611110985279083 0.8427083492279053 0.4611110985279083 0.8447916507720947 0.46481481194496155 0.8447916507720947 0.46666666865348816 0.846875011920929 0.4703703820705414 0.846875011920929 0.4722222089767456 0.8458333611488342 0.4740740656852722 0.84375 0.4740740656852722 0.8427083492279053 0.47592592239379883
4 0.6729166507720947 0.4277777671813965 0.6822916865348816 0.4314814805984497 0.6885416507720947 0.4407407343387604 0.6947916746139526 0.442592591047287 0.699999988079071 0.4481481611728668 0.7093750238418579 0.4462963044643402 0.71875 0.44999998807907104 0.7291666865348816 0.4574074149131775 0.75 0.4592592716217041 0.7614583373069763 0.46666666865348816 0.7697916626930237 0.46666666865348816 0.7833333611488342 0.4740740656852722 0.8052083253860474 0.4740740656852722 0.8062499761581421 0.47592592239379883 0.8177083134651184 0.47592592239379883 0.8187500238418579 0.47777777910232544 0.8302083611488342 0.47777777910232544 0.831250011920929 0.47592592239379883 0.824999988079071 0.4740740656852722 0.8166666626930237 0.46481481194496155 0.8177083134651184 0.4574074149131775 0.824999988079071 0.45185184478759766 0.8135416507720947 0.4407407343387604 0.7979166507720947 0.43888887763023376 0.793749988079071 0.442592591047287 0.793749988079071 0.45185184478759766 0.7895833253860474 0.4592592716217041 0.78125 0.4592592716217041 0.7749999761581421 0.45370370149612427 0.75 0.45185184478759766 0.7489583492279053 0.4444444477558136 0.7541666626930237 0.43518519401550293 0.762499988079071 0.43703705072402954 0.7666666507720947 0.4314814805984497 0.7635416388511658 0.4296296238899231 0.7520833611488342 0.4296296238899231 0.7510416507720947 0.4277777671813965 0.7447916865348816 0.4277777671813965 0.7437499761581421 0.4296296238899231 0.7427083253860474 0.4277777671813965 0.7406250238418579 0.4296296238899231 0.7302083373069763 0.42592594027519226 0.6947916746139526 0.42592594027519226 0.6937500238418579 0.42407408356666565 0.6791666746139526 0.42407408356666565
