0 0.949999988079071 0.4037036895751953 0.953125 0.4037036895751953 0.9541666507720947 0.4055555462837219 0.9583333134651184 0.4055555462837219 0.9593750238418579 0.40740740299224854 0.9614583253860474 0.40740740299224854 0.9624999761581421 0.40925925970077515 0.965624988079071 0.40925925970077515 0.9666666388511658 0.41111111640930176 0.9697916507720947 0.41111111640930176 0.9708333611488342 0.41296297311782837 0.9750000238418579 0.41296297311782837 0.9760416746139526 0.4148148000240326 0.9791666865348816 0.4148148000240326 0.9802083373069763 0.4166666567325592 0.9833333492279053 0.4166666567325592 0.984375 0.4185185134410858 0.9895833134651184 0.4185185134410858 0.9906250238418579 0.4203703701496124 0.9927083253860474 0.4203703701496124 0.9937499761581421 0.42222222685813904 0.9958333373069763 0.42222222685813904 0.996874988079071 0.42407408356666565 0.9989583492279053 0.42407408356666565 0.9989583492279053 0.4185185134410858 0.9979166388511658 0.4166666567325592 0.9916666746139526 0.4166666567325592 0.9906250238418579 0.4148148000240326 0.987500011920929 0.4148148000240326 0.9854166507720947 0.41111111640930176 0.9864583611488342 0.40925925970077515 0.984375 0.40925925970077515 0.9833333492279053 0.40740740299224854 0.9770833253860474 0.40740740299224854 0.9760416746139526 0.4055555462837219 0.9708333611488342 0.4055555462837219 0.9697916507720947 0.4037036895751953
0 0.0 0.40925925970077515 0.00937500037252903 0.40740740299224854 0.010416666977107525 0.4055555462837219 0.01666666753590107 0.4055555462837219 0.01770833320915699 0.4037036895751953 0.02395833283662796 0.4037036895751953 0.02500000037252903 0.4018518626689911 0.03958333283662796 0.4000000059604645 0.04062499850988388 0.39814814925193787 0.06458333134651184 0.39259257912635803 0.07083333283662796 0.3888888955116272 0.0833333358168602 0.3870370388031006 0.06562499701976776 0.3888888955116272 0.06458333134651184 0.3907407522201538 0.05833333358168602 0.39259257912635803 0.0572916679084301 0.3907407522201538 0.06041666492819786 0.385185182094574 0.06979166716337204 0.37962964177131653 0.07395832985639572 0.37962964177131653 0.078125 0.38333332538604736 0.08749999850988388 0.38333332538604736 0.0885416641831398 0.38148146867752075 0.09166666865348816 0.38148146867752075 0.07916666567325592 0.3740740716457367 0.07395832985639572 0.3740740716457367 0.06875000149011612 0.3777777850627899 0.0625 0.3777777850627899 0.06145833432674408 0.3759259283542633 0.06041666492819786 0.3777777850627899 0.03437500074505806 0.37962964177131653 0.03333333507180214 0.3777777850627899 0.03437500074505806 0.3759259283542633 0.04062499850988388 0.3722222149372101 0.04791666567325592 0.3722222149372101 0.04895833507180214 0.37037035822868347 0.06041666492819786 0.3722222149372101 0.06145833432674408 0.37037035822868347 0.06458333134651184 0.37037035822868347 0.04062499850988388 0.37037035822868347 0.03958333283662796 0.3722222149372101 0.03750000149011612 0.37037035822868347 0.02812499925494194 0.37037035822868347 0.02708333358168602 0.3722222149372101 0.0 0.3740740716457367 0.0 0.3888888955116272 0.0020833334419876337 0.3870370388031006 0.0072916666977107525 0.3870370388031006 0.008333333767950535 0.3888888955116272 0.0052083334885537624 0.3907407522201538 0.0020833334419876337 0.39629629254341125 0.0 0.39629629254341125 0.0020833334419876337 0.39814814925193787 0.0 0.4000000059604645
0 0.0 0.8111110925674438 0.25312501192092896 0.46666666865348816 0.2770833373069763 0.4740740656852722 0.24895833432674408 0.4962962865829468 0.2822916805744171 0.4981481432914734 0.3114583194255829 0.442592591047287 0.3395833373069763 0.4444444477558136 0.3854166567325592 0.4018518626689911 0.4052083194255829 0.4055555462837219 0.3656249940395355 0.44999998807907104 0.36770832538604736 0.42592594027519226 0.36145833134651184 0.4277777671813965 0.34166666865348816 0.48148149251937866 0.3552083373069763 0.4722222089767456 0.3895833194255829 0.49074074625968933 0.39270833134651184 0.5092592835426331 0.3791666626930237 0.5351851582527161 0.5854166746139526 0.585185170173645 0.7760416865348816 0.5370370149612427 0.7614583373069763 0.5148147940635681 0.7718750238418579 0.5129629373550415 0.765625 0.4722222089767456 0.793749988079071 0.48148149251937866 0.7958333492279053 0.4703703820705414 0.7406250238418579 0.4018518626689911 0.5947916507720947 0.36666667461395264 0.5333333611488342 0.3740740716457367 0.4906249940395355 0.40740740299224854 0.4749999940395355 0.3759259283542633 0.37812501192092896 0.385185182094574 0.38229167461395264 0.364814817905426 0.32604166865348816 0.3759259283542633 0.35729166865348816 0.3740740716457367 0.34166666865348816 0.385185182094574 0.30416667461395264 0.37962964177131653 0.2760416567325592 0.39444443583488464 0.2802083194255829 0.4018518626689911 0.2593750059604645 0.4203703701496124 0.18333333730697632 0.4185185134410858 0.08749999850988388 0.4444444477558136 0.03750000149011612 0.4703703820705414 0.14791665971279144 0.48148149251937866 0.140625 0.4981481432914734 0.22187499701976776 0.49259260296821594 0.0 0.6555555462837219
0 0.9395833611488342 0.35370370745658875 0.940625011920929 0.35370370745658875 0.9416666626930237 0.35555556416511536 0.9520833492279053 0.35555556416511536 0.953125 0.35740742087364197 0.9583333134651184 0.35740742087364197 0.9593750238418579 0.3592592477798462 0.9729166626930237 0.3592592477798462 0.9739583134651184 0.3611111044883728 0.9854166507720947 0.3611111044883728 0.9864583611488342 0.3592592477798462 0.9906250238418579 0.3592592477798462 0.9916666746139526 0.3611111044883728 0.9906250238418579 0.3629629611968994 0.987500011920929 0.3629629611968994 0.9906250238418579 0.3629629611968994 0.9916666746139526 0.3611111044883728 0.9927083253860474 0.3611111044883728 0.9916666746139526 0.3611111044883728 0.9906250238418579 0.3592592477798462 0.9864583611488342 0.3592592477798462 0.9854166507720947 0.35740742087364197 0.9781249761581421 0.35740742087364197 0.9770833253860474 0.35555556416511536 0.96875 0.35555556416511536 0.9677083492279053 0.35370370745658875
0 0.9989583492279053 0.35555556416511536 0.9989583492279053 0.3444444537162781 0.9947916865348816 0.3444444537162781 0.9937499761581421 0.3462963104248047 0.971875011920929 0.3462963104248047 0.9770833253860474 0.3462963104248047 0.9781249761581421 0.3481481373310089 0.9822916388511658 0.3481481373310089 0.9833333492279053 0.3499999940395355 0.987500011920929 0.3499999940395355 0.9885416626930237 0.35185185074806213 0.987500011920929 0.35370370745658875 0.9822916388511658 0.35370370745658875 0.996874988079071 0.35370370745658875 0.9979166388511658 0.35555556416511536
0 0.7437499761581421 0.3462963104248047 0.8260416388511658 0.3722222149372101 0.7718750238418579 0.38333332538604736 0.7760416865348816 0.3888888955116272 0.8447916507720947 0.40925925970077515 0.9989583492279053 0.47777777910232544 0.9989583492279053 0.4555555582046509 0.9114583134651184 0.40925925970077515 0.9072916507720947 0.39814814925193787 0.921875 0.39814814925193787 0.8895833492279053 0.39259257912635803 0.8958333134651184 0.38333332538604736 0.859375 0.3740740716457367 0.8354166746139526 0.35555556416511536 0.8614583611488342 0.35370370745658875 0.8833333253860474 0.3629629611968994 0.8947916626930237 0.3592592477798462 0.8979166746139526 0.364814817905426 0.8958333134651184 0.36851853132247925 0.9083333611488342 0.3629629611968994 0.9166666865348816 0.36851853132247925 0.9281250238418579 0.36666667461395264 0.9395833611488342 0.3759259283542633 0.9604166746139526 0.3777777850627899 0.9635416865348816 0.38148146867752075 0.9614583253860474 0.3888888955116272 0.9916666746139526 0.3722222149372101 0.9468749761581421 0.3722222149372101 0.8177083134651184 0.34074074029922485
0 0.8989583253860474 0.33888888359069824 0.8989583253860474 0.34074074029922485 0.8999999761581421 0.34259259700775146 0.8999999761581421 0.3444444537162781 0.9010416865348816 0.3462963104248047 0.9010416865348816 0.3499999940395355 0.9072916507720947 0.3499999940395355 0.909375011920929 0.3462963104248047 0.9104166626930237 0.3462963104248047 0.9114583134651184 0.3444444537162781 0.9135416746139526 0.3444444537162781 0.9125000238418579 0.3444444537162781 0.9114583134651184 0.34259259700775146 0.9125000238418579 0.34074074029922485 0.9145833253860474 0.34074074029922485 0.9041666388511658 0.34074074029922485 0.903124988079071 0.33888888359069824
0 0.3135416805744171 0.3351851999759674 0.3062500059604645 0.32777777314186096 0.2760416567325592 0.3185185194015503 0.2614583373069763 0.32777777314186096 0.2541666626930237 0.32777777314186096 0.2541666626930237 0.3222222328186035 0.24687500298023224 0.3203703761100769 0.2395833283662796 0.32407405972480774 0.24375000596046448 0.32777777314186096 0.24270834028720856 0.3314814865589142 0.23229166865348816 0.3314814865589142 0.23125000298023224 0.32777777314186096 0.20937499403953552 0.3333333432674408 0.20624999701976776 0.3314814865589142 0.2083333283662796 0.3296296298503876 0.19583334028720856 0.32777777314186096 0.13333334028720856 0.3296296298503876 0.13124999403953552 0.3314814865589142 0.13750000298023224 0.3351851999759674 0.13958333432674408 0.3314814865589142 0.15312500298023224 0.3314814865589142 0.16041666269302368 0.3351851999759674 0.12708333134651184 0.34259259700775146 0.15208333730697632 0.33888888359069824 0.1666666716337204 0.34074074029922485 0.16770833730697632 0.33703702688217163 0.17083333432674408 0.33888888359069824 0.19062499701976776 0.3314814865589142 0.20520833134651184 0.3333333432674408 0.20729166269302368 0.34074074029922485 0.21875 0.34259259700775146 0.21770833432674408 0.33703702688217163 0.22187499701976776 0.3333333432674408 0.2291666716337204 0.34074074029922485 0.2395833283662796 0.34074074029922485 0.24166665971279144 0.3444444537162781 0.24062499403953552 0.3462963104248047 0.23020833730697632 0.3462963104248047 0.25208333134651184 0.3462963104248047 0.24375000596046448 0.3462963104248047 0.24270834028720856 0.34259259700775146 0.24583333730697632 0.33888888359069824 0.2541666626930237 0.33888888359069824 0.2562499940395355 0.3351851999759674 0.25208333134651184 0.33888888359069824 0.23749999701976776 0.33703702688217163 0.25208333134651184 0.32592591643333435 0.2604166567325592 0.3314814865589142 0.2718749940395355 0.3296296298503876 0.2718749940395355 0.3351851999759674 0.26875001192092896 0.3333333432674408 0.26249998807907104 0.33703702688217163 0.2770833373069763 0.3333333432674408 0.27812498807907104 0.33703702688217163 0.29479166865348816 0.33888888359069824 0.29479166865348816 0.34259259700775146 0.2916666567325592 0.34259259700775146 0.31041666865348816 0.33888888359069824
1 0.7604166865348816 0.8314814567565918 0.7604166865348816 0.8333333134651184 0.7614583373069763 0.835185170173645 0.7614583373069763 0.8370370268821716 0.7635416388511658 0.8407407402992249 0.7645833492279053 0.8407407402992249 0.7666666507720947 0.8370370268821716 0.7666666507720947 0.835185170173645 0.7645833492279053 0.8314814567565918 0.7635416388511658 0.8314814567565918 0.762499988079071 0.8296296000480652 0.7614583373069763 0.8314814567565918
1 0.7979166507720947 0.8092592358589172 0.796875 0.8111110925674438 0.7958333492279053 0.8111110925674438 0.7947916388511658 0.8129629492759705 0.7947916388511658 0.8148148059844971 0.793749988079071 0.8166666626930237 0.793749988079071 0.8222222328186035 0.7927083373069763 0.8240740895271301 0.793749988079071 0.8259259462356567 0.793749988079071 0.8333333134651184 0.7927083373069763 0.835185170173645 0.793749988079071 0.8370370268821716 0.793749988079071 0.8425925970077515 0.796875 0.8481481671333313 0.7979166507720947 0.8481481671333313 0.7989583611488342 0.8500000238418579 0.800000011920929 0.8500000238418579 0.8010416626930237 0.8518518805503845 0.8020833134651184 0.8518518805503845 0.8041666746139526 0.855555534362793 0.8041666746139526 0.8574073910713196 0.8031250238418579 0.8592592477798462 0.8020833134651184 0.8592592477798462 0.8010416626930237 0.8611111044883728 0.800000011920929 0.8611111044883728 0.8072916865348816 0.8611111044883728 0.8083333373069763 0.8592592477798462 0.8072916865348816 0.8592592477798462 0.8062499761581421 0.8574073910713196 0.8072916865348816 0.855555534362793 0.8072916865348816 0.8537036776542664 0.8062499761581421 0.8518518805503845 0.8072916865348816 0.8500000238418579 0.8072916865348816 0.8425925970077515 0.8062499761581421 0.8407407402992249 0.8072916865348816 0.8388888835906982 0.8083333373069763 0.8388888835906982 0.8083333373069763 0.8314814567565918 0.8072916865348816 0.8296296000480652 0.8072916865348816 0.8222222328186035 0.8083333373069763 0.8203703761100769 0.8083333373069763 0.8185185194015503 0.8072916865348816 0.8166666626930237 0.8072916865348816 0.8148148059844971 0.8083333373069763 0.8129629492759705 0.8072916865348816 0.8111110925674438 0.8083333373069763 0.8092592358589172 0.809374988079071 0.8092592358589172
1 0.8125 0.6629629731178284 0.8062499761581421 0.6629629731178284 0.8062499761581421 0.6666666865348816 0.809374988079071 0.6703703999519348 0.809374988079071 0.6722221970558167 0.8083333373069763 0.6740740537643433 0.8072916865348816 0.6740740537643433 0.8041666746139526 0.6777777671813965 0.796875 0.6777777671813965 0.7958333492279053 0.6796296238899231 0.7927083373069763 0.6814814805984497 0.7802083492279053 0.7037037014961243 0.7791666388511658 0.7037037014961243 0.7749999761581421 0.7111111283302307 0.7739583253860474 0.7111111283302307 0.7729166746139526 0.7129629850387573 0.7708333134651184 0.7129629850387573 0.7666666507720947 0.7185184955596924 0.7666666507720947 0.7259259223937988 0.7677083611488342 0.7277777791023254 0.7677083611488342 0.729629635810852 0.7697916626930237 0.7333333492279053 0.7697916626930237 0.7351852059364319 0.7760416865348816 0.7462962865829468 0.7770833373069763 0.7462962865829468 0.78125 0.7518518567085266 0.7864583134651184 0.7555555701255798 0.7916666865348816 0.7629629373550415 0.7927083373069763 0.7629629373550415 0.793749988079071 0.7648147940635681 0.7947916388511658 0.7648147940635681 0.8062499761581421 0.7759259343147278 0.8083333373069763 0.7759259343147278 0.809374988079071 0.7777777910232544 0.8114583492279053 0.7740740776062012 0.8114583492279053 0.7722222208976746 0.8104166388511658 0.770370364189148 0.8104166388511658 0.7611111402511597 0.809374988079071 0.7592592835426331 0.809374988079071 0.7574074268341064 0.8104166388511658 0.7555555701255798 0.8114583492279053 0.7555555701255798 0.8114583492279053 0.7537037134170532 0.8104166388511658 0.7518518567085266 0.8104166388511658 0.7481481432914734 0.8114583492279053 0.7462962865829468 0.8114583492279053 0.7407407164573669 0.8104166388511658 0.7388888597488403 0.8104166388511658 0.7370370626449585 0.8125 0.7333333492279053 0.8125 0.7277777791023254 0.8114583492279053 0.7259259223937988 0.8114583492279053 0.7222222089767456 0.8125 0.720370352268219 0.8114583492279053 0.7185184955596924 0.8125 0.7166666388511658 0.8125 0.7111111283302307 0.8135416507720947 0.7092592716217041 0.8125 0.7074074149131775 0.8135416507720947 0.7055555582046509 0.8125 0.7037037014961243 0.8135416507720947 0.7018518447875977 0.8125 0.699999988079071 0.8135416507720947 0.6981481313705444 0.8145833611488342 0.6981481313705444 0.8135416507720947 0.6962962746620178 0.8145833611488342 0.6944444179534912 0.8135416507720947 0.6925926208496094 0.8145833611488342 0.6907407641410828 0.8135416507720947 0.6851851940155029 0.8145833611488342 0.6833333373069763 0.8145833611488342 0.6814814805984497 0.815625011920929 0.6796296238899231 0.8166666626930237 0.6796296238899231 0.8166666626930237 0.6740740537643433 0.815625011920929 0.6722221970558167 0.8166666626930237 0.6703703999519348 0.815625011920929 0.6685185432434082 0.8166666626930237 0.6666666865348816 0.815625011920929 0.664814829826355 0.8135416507720947 0.664814829826355
1 0.18958333134651184 0.5185185074806213 0.18645833432674408 0.5222222208976746 0.17083333432674408 0.529629647731781 0.16354165971279144 0.5370370149612427 0.14687499403953552 0.5444444417953491 0.11562500149011612 0.5481481552124023 0.109375 0.5425925850868225 0.10625000298023224 0.5425925850868225 0.09687499701976776 0.5481481552124023 0.0833333358168602 0.550000011920929 0.06875000149011612 0.5574073791503906 0.03854166716337204 0.5666666626930237 0.0 0.5888888835906982 0.0 0.6537036895751953 0.0020833334419876337 0.6555555462837219 0.0 0.6574074029922485 0.0062500000931322575 0.6537036895751953 0.004166666883975267 0.6518518328666687 0.0062500000931322575 0.6481481194496155 0.01145833358168602 0.6499999761581421 0.01770833320915699 0.6462963223457336 0.02395833283662796 0.6370370388031006 0.03958333283662796 0.6277777552604675 0.04583333432674408 0.6203703880310059 0.05312500149011612 0.6166666746139526 0.05416666716337204 0.6129629611968994 0.0625 0.605555534362793 0.1354166716337204 0.5592592358589172 0.13958333432674408 0.5537037253379822 0.16249999403953552 0.5388888716697693 0.17812499403953552 0.5314815044403076
1 0.39270833134651184 0.4722222089767456 0.390625 0.4722222089767456 0.3895833194255829 0.4740740656852722 0.38854166865348816 0.4740740656852722 0.38749998807907104 0.47592592239379883 0.3864583373069763 0.47592592239379883 0.3854166567325592 0.47777777910232544 0.3843750059604645 0.47777777910232544 0.38333332538604736 0.47962963581085205 0.38333332538604736 0.48148149251937866 0.390625 0.48148149251937866 0.3916666805744171 0.47962963581085205 0.3916666805744171 0.47777777910232544 0.39270833134651184 0.47592592239379883
1 0.2760416567325592 0.4703703820705414 0.27395832538604736 0.4703703820705414 0.27291667461395264 0.46851852536201477 0.26354166865348816 0.46851852536201477 0.26249998807907104 0.46666666865348816 0.2562499940395355 0.46666666865348816 0.2552083432674408 0.46851852536201477 0.25312501192092896 0.46851852536201477 0.2510416805744171 0.4722222089767456 0.25 0.4722222089767456 0.24791666865348816 0.47592592239379883 0.24687500298023224 0.47592592239379883 0.24687500298023224 0.47777777910232544 0.24583333730697632 0.47962963581085205 0.2447916716337204 0.47962963581085205 0.2447916716337204 0.48148149251937866 0.24270834028720856 0.4851851761341095 0.24166665971279144 0.4851851761341095 0.2395833283662796 0.4888888895511627 0.23854166269302368 0.4888888895511627 0.23541666567325592 0.49444442987442017 0.24062499403953552 0.49444442987442017 0.24166665971279144 0.4962962865829468 0.24791666865348816 0.4962962865829468 0.24895833432674408 0.49444442987442017 0.2510416805744171 0.49444442987442017 0.25208333134651184 0.49259260296821594 0.25312501192092896 0.49259260296821594 0.2541666626930237 0.49074074625968933 0.2562499940395355 0.49074074625968933 0.25729167461395264 0.4888888895511627 0.25833332538604736 0.4888888895511627 0.2593750059604645 0.4870370328426361 0.2614583373069763 0.4870370328426361 0.26249998807907104 0.4851851761341095 0.265625 0.4851851761341095 0.2666666805744171 0.4833333194255829 0.26770833134651184 0.4833333194255829 0.26875001192092896 0.48148149251937866 0.2697916626930237 0.48148149251937866 0.2708333432674408 0.47962963581085205 0.2718749940395355 0.47962963581085205 0.27291667461395264 0.47777777910232544 0.27395832538604736 0.47777777910232544 0.2760416567325592 0.4740740656852722
1 0.40416666865348816 0.4037036895751953 0.3854166567325592 0.4037036895751953 0.375 0.40925925970077515 0.3656249940395355 0.4166666567325592 0.3552083373069763 0.4296296238899231 0.34687501192092896 0.4314814805984497 0.3427083194255829 0.43518519401550293 0.3447916805744171 0.43888887763023376 0.3395833373069763 0.4462963044643402 0.3239583373069763 0.43888887763023376 0.32083332538604736 0.442592591047287 0.3135416805744171 0.442592591047287 0.28437501192092896 0.49444442987442017 0.28333333134651184 0.5 0.37812501192092896 0.5351851582527161 0.3812499940395355 0.5314815044403076 0.3791666626930237 0.5277777910232544 0.3916666805744171 0.5092592835426331 0.3916666805744171 0.4981481432914734 0.3895833194255829 0.49259260296821594 0.3812499940395355 0.4851851761341095 0.36770832538604736 0.47962963581085205 0.3604166805744171 0.47962963581085205 0.3552083373069763 0.4740740656852722 0.3427083194255829 0.4833333194255829 0.34062498807907104 0.48148149251937866 0.3489583432674408 0.46666666865348816 0.3479166626930237 0.46481481194496155 0.3499999940395355 0.4592592716217041 0.35624998807907104 0.44999998807907104 0.35729166865348816 0.4444444477558136 0.3645833432674408 0.4314814805984497 0.3604166805744171 0.4277777671813965 0.3656249940395355 0.42407408356666565 0.3687500059604645 0.42592594027519226 0.36250001192092896 0.44999998807907104 0.37187498807907104 0.442592591047287 0.3895833194255829 0.4166666567325592 0.40312498807907104 0.40740740299224854
1 0.8572916388511658 0.39814814925193787 0.8614583611488342 0.39814814925193787 0.862500011920929 0.4000000059604645 0.8697916865348816 0.4000000059604645 0.8708333373069763 0.4018518626689911 0.8802083134651184 0.4018518626689911 0.8822916746139526 0.4055555462837219 0.8854166865348816 0.4055555462837219 0.8864583373069763 0.40740740299224854 0.890625 0.40740740299224854 0.8916666507720947 0.40925925970077515 0.8968750238418579 0.40925925970077515 0.8979166746139526 0.41111111640930176 0.9020833373069763 0.41111111640930176 0.903124988079071 0.41296297311782837 0.9072916507720947 0.41296297311782837 0.9083333611488342 0.4148148000240326 0.9135416746139526 0.4148148000240326 0.9145833253860474 0.4166666567325592 0.9177083373069763 0.4166666567325592 0.9156249761581421 0.4166666567325592 0.9145833253860474 0.4148148000240326 0.9114583134651184 0.4148148000240326 0.9104166626930237 0.41296297311782837 0.9083333611488342 0.41296297311782837 0.9072916507720947 0.41111111640930176 0.90625 0.41111111640930176 0.9052083492279053 0.40925925970077515 0.9041666388511658 0.40925925970077515 0.903124988079071 0.40740740299224854 0.9020833373069763 0.40740740299224854 0.9010416865348816 0.4055555462837219 0.903124988079071 0.4018518626689911 0.9041666388511658 0.4018518626689911 0.9041666388511658 0.4000000059604645 0.8947916626930237 0.4000000059604645 0.893750011920929 0.39814814925193787 0.893750011920929 0.39629629254341125 0.8927083611488342 0.39629629254341125 0.8916666507720947 0.39444443583488464 0.8822916746139526 0.39444443583488464 0.8812500238418579 0.39629629254341125 0.8791666626930237 0.39629629254341125 0.8791666626930237 0.39814814925193787 0.878125011920929 0.4000000059604645 0.8770833611488342 0.39814814925193787 0.875 0.39814814925193787 0.8739583492279053 0.4000000059604645 0.8687499761581421 0.4000000059604645 0.8677083253860474 0.39814814925193787
1 0.4739583432674408 0.39444443583488464 0.46145832538604736 0.39259257912635803 0.46041667461395264 0.39444443583488464 0.45520833134651184 0.39444443583488464 0.4541666805744171 0.39629629254341125 0.45104166865348816 0.39629629254341125 0.4479166567325592 0.4000000059604645 0.44583332538604736 0.4000000059604645 0.4416666626930237 0.4055555462837219 0.4385416805744171 0.40740740299224854 0.43541666865348816 0.41296297311782837 0.43020832538604736 0.4185185134410858 0.42395833134651184 0.4314814805984497 0.4229166805744171 0.4314814805984497 0.4166666567325592 0.4407407343387604 0.4166666567325592 0.47962963581085205 0.4177083373069763 0.48148149251937866 0.4166666567325592 0.4833333194255829 0.4177083373069763 0.4851851761341095 0.4166666567325592 0.4870370328426361 0.4177083373069763 0.4888888895511627 0.4166666567325592 0.49074074625968933 0.4177083373069763 0.49259260296821594 0.4177083373069763 0.5018518567085266 0.41979166865348816 0.5018518567085266 0.4208333194255829 0.5 0.42500001192092896 0.5 0.4260416626930237 0.4981481432914734 0.4333333373069763 0.4981481432914734 0.43437498807907104 0.4962962865829468 0.4375 0.4962962865829468 0.43958333134651184 0.49259260296821594 0.4416666626930237 0.4851851761341095 0.44583332538604736 0.48148149251937866 0.44999998807907104 0.48148149251937866 0.45104166865348816 0.47962963581085205 0.45104166865348816 0.47777777910232544 0.4375 0.47777777910232544 0.4364583194255829 0.47592592239379883 0.4312500059604645 0.47592592239379883 0.4281249940395355 0.4703703820705414 0.4312500059604645 0.46481481194496155 0.4364583194255829 0.4611110985279083 0.4416666626930237 0.45370370149612427 0.44583332538604736 0.45185184478759766 0.4468750059604645 0.44999998807907104 0.453125 0.44999998807907104 0.4541666805744171 0.45185184478759766 0.4572916626930237 0.45185184478759766 0.4583333432674408 0.45370370149612427 0.4635416567325592 0.4555555582046509 0.4583333432674408 0.45370370149612427 0.4468750059604645 0.442592591047287 0.4489583373069763 0.43888887763023376 0.44999998807907104 0.43888887763023376 0.45104166865348816 0.43518519401550293 0.4583333432674408 0.4277777671813965 0.46145832538604736 0.42222222685813904 0.4625000059604645 0.41296297311782837 0.4645833373069763 0.40925925970077515 0.4645833373069763 0.40740740299224854 0.46666666865348816 0.4037036895751953 0.4697916805744171 0.4018518626689911 0.4729166626930237 0.39629629254341125 0.4739583432674408 0.39629629254341125
1 0.7177083492279053 0.3907407522201538 0.7562500238418579 0.41111111640930176 0.796875 0.4703703820705414 0.793749988079071 0.4833333194255829 0.7749999761581421 0.48148149251937866 0.7666666507720947 0.4722222089767456 0.7708333134651184 0.47777777910232544 0.7666666507720947 0.4833333194255829 0.768750011920929 0.49259260296821594 0.765625 0.5018518567085266 0.7729166746139526 0.5166666507720947 0.796875 0.5333333611488342 0.793749988079071 0.5351851582527161 0.8114583492279053 0.550000011920929 0.8927083611488342 0.5981481671333313 0.9208333492279053 0.6259258985519409 0.9833333492279053 0.6629629731178284 0.9989583492279053 0.6666666865348816 0.9989583492279053 0.5944444537162781 0.9333333373069763 0.5462962985038757 0.8927083611488342 0.5444444417953491 0.8708333373069763 0.5351851582527161 0.8604166507720947 0.520370364189148 0.9989583492279053 0.5388888716697693 0.9989583492279053 0.47962963581085205 0.9385416507720947 0.44999998807907104 0.9114583134651184 0.4462963044643402 0.9125000238418579 0.4407407343387604 0.8645833134651184 0.4277777671813965 0.8354166746139526 0.41296297311782837 0.8374999761581421 0.40925925970077515 0.7749999761581421 0.3888888955116272 0.7635416388511658 0.39259257912635803 0.765625 0.3888888955116272 0.7479166388511658 0.38333332538604736 0.7552083134651184 0.3907407522201538
1 0.3697916567325592 0.38148146867752075 0.3531250059604645 0.38148146867752075 0.35208332538604736 0.38333332538604736 0.3479166626930237 0.38333332538604736 0.34687501192092896 0.385185182094574 0.34375 0.385185182094574 0.3427083194255829 0.3870370388031006 0.3395833373069763 0.3870370388031006 0.3385416567325592 0.3888888955116272 0.3343749940395355 0.3888888955116272 0.33125001192092896 0.39259257912635803 0.3291666805744171 0.39259257912635803 0.328125 0.39444443583488464 0.32604166865348816 0.39444443583488464 0.32499998807907104 0.39629629254341125 0.3229166567325592 0.39629629254341125 0.31979167461395264 0.4000000059604645 0.3177083432674408 0.4000000059604645 0.3166666626930237 0.4018518626689911 0.31458333134651184 0.4018518626689911 0.3135416805744171 0.4037036895751953 0.3114583194255829 0.4037036895751953 0.31041666865348816 0.4055555462837219 0.3072916567325592 0.40740740299224854 0.30520832538604736 0.41111111640930176 0.30416667461395264 0.41111111640930176 0.3031249940395355 0.41296297311782837 0.3020833432674408 0.41296297311782837 0.29895833134651184 0.4166666567325592 0.296875 0.4166666567325592 0.2979166805744171 0.4166666567325592 0.29895833134651184 0.4185185134410858 0.3062500059604645 0.4185185134410858 0.3072916567325592 0.4166666567325592 0.3187499940395355 0.4166666567325592 0.31979167461395264 0.4185185134410858 0.32083332538604736 0.4185185134410858 0.3218750059604645 0.4166666567325592 0.3239583373069763 0.4166666567325592 0.32499998807907104 0.4148148000240326 0.3270833194255829 0.4148148000240326 0.328125 0.41296297311782837 0.33020833134651184 0.41296297311782837 0.33125001192092896 0.41111111640930176 0.3333333432674408 0.41111111640930176 0.3343749940395355 0.40925925970077515 0.33541667461395264 0.40925925970077515 0.33645832538604736 0.40740740299224854 0.3375000059604645 0.40740740299224854 0.3385416567325592 0.4055555462837219 0.34166666865348816 0.4037036895751953 0.34687501192092896 0.39629629254341125 0.3489583432674408 0.39629629254341125 0.3499999940395355 0.39444443583488464 0.35104167461395264 0.39444443583488464 0.3541666567325592 0.3907407522201538 0.35624998807907104 0.3907407522201538 0.35729166865348816 0.3888888955116272 0.359375 0.3888888955116272 0.3604166805744171 0.3870370388031006 0.36250001192092896 0.3870370388031006 0.36145833134651184 0.385185182094574 0.36250001192092896 0.38333332538604736 0.3645833432674408 0.38333332538604736 0.3656249940395355 0.385185182094574 0.36666667461395264 0.38333332538604736 0.3687500059604645 0.38333332538604736
1 0.846875011920929 0.385185182094574 0.8479166626930237 0.385185182094574 0.8489583134651184 0.3870370388031006 0.8583333492279053 0.3870370388031006 0.859375 0.3888888955116272 0.8645833134651184 0.3888888955116272 0.8645833134651184 0.385185182094574 0.862500011920929 0.38148146867752075 0.8614583611488342 0.38148146867752075 0.8604166507720947 0.37962964177131653 0.8510416746139526 0.37962964177131653 0.8489583134651184 0.38333332538604736 0.8479166626930237 0.38333332538604736
1 0.21458333730697632 0.3888888955116272 0.16875000298023224 0.3888888955116272 0.1666666716337204 0.38333332538604736 0.19166666269302368 0.385185182094574 0.20416666567325592 0.37962964177131653 0.19062499701976776 0.37962964177131653 0.18541666865348816 0.385185182094574 0.171875 0.3759259283542633 0.15520833432674408 0.37962964177131653 0.11770833283662796 0.3759259283542633 0.08749999850988388 0.385185182094574 0.06979166716337204 0.38148146867752075 0.05833333358168602 0.3907407522201538 0.0833333358168602 0.385185182094574 0.0833333358168602 0.3888888955116272 0.0 0.41111111640930176 0.0 0.4444444477558136 0.04270833358168602 0.4462963044643402 0.06562499701976776 0.4333333373069763 0.125 0.42407408356666565 0.140625 0.4185185134410858 0.1510416716337204 0.40740740299224854 0.17395833134651184 0.4037036895751953 0.14687499403953552 0.4037036895751953 0.13229165971279144 0.40925925970077515 0.12812499701976776 0.4055555462837219 0.13124999403953552 0.4037036895751953 0.11354167014360428 0.4018518626689911 0.09479166567325592 0.40740740299224854 0.09270833432674408 0.4018518626689911 0.09583333134651184 0.4000000059604645 0.04895833507180214 0.4037036895751953 0.05104166641831398 0.39814814925193787 0.12916666269302368 0.38333332538604736 0.15625 0.38333332538604736 0.15729166567325592 0.3907407522201538 0.13750000298023224 0.3888888955116272 0.13229165971279144 0.39259257912635803 0.13750000298023224 0.39629629254341125
1 0.07395832985639572 0.3722222149372101 0.06979166716337204 0.3722222149372101 0.06875000149011612 0.37037035822868347 0.06562499701976776 0.37037035822868347 0.06458333134651184 0.3722222149372101 0.06145833432674408 0.3722222149372101 0.06041666492819786 0.3740740716457367 0.0572916679084301 0.3740740716457367 0.05624999850988388 0.3722222149372101 0.04895833507180214 0.3722222149372101 0.04791666567325592 0.3740740716457367 0.04062499850988388 0.3740740716457367 0.03958333283662796 0.3759259283542633 0.03750000149011612 0.3759259283542633 0.0364583320915699 0.3777777850627899 0.03437500074505806 0.3777777850627899 0.04374999925494194 0.3777777850627899 0.04479166492819786 0.3759259283542633 0.06041666492819786 0.3759259283542633 0.06145833432674408 0.3740740716457367 0.0625 0.3759259283542633 0.06875000149011612 0.3759259283542633 0.06979166716337204 0.3740740716457367 0.0729166641831398 0.3740740716457367
1 0.3031249940395355 0.37962964177131653 0.29895833134651184 0.37962964177131653 0.2979166805744171 0.3777777850627899 0.29374998807907104 0.3777777850627899 0.2927083373069763 0.3759259283542633 0.2874999940395355 0.3759259283542633 0.2864583432674408 0.3740740716457367 0.28333333134651184 0.3740740716457367 0.2822916805744171 0.3722222149372101 0.2770833373069763 0.3722222149372101 0.2760416567325592 0.37037035822868347 0.2614583373069763 0.37037035822868347 0.2604166567325592 0.36851853132247925 0.2593750059604645 0.37037035822868347 0.25833332538604736 0.36851853132247925 0.2552083432674408 0.36851853132247925 0.2541666626930237 0.36666667461395264 0.2552083432674408 0.364814817905426 0.26770833134651184 0.364814817905426 0.26249998807907104 0.364814817905426 0.2614583373069763 0.3629629611968994 0.2604166567325592 0.364814817905426 0.25 0.364814817905426 0.24895833432674408 0.36666667461395264 0.24375000596046448 0.36666667461395264 0.24270834028720856 0.36851853132247925 0.24375000596046448 0.3722222149372101 0.24375000596046448 0.3759259283542633 0.24062499403953552 0.37962964177131653 0.23749999701976776 0.37962964177131653 0.23645833134651184 0.3777777850627899 0.23125000298023224 0.37962964177131653 0.22604165971279144 0.3888888955116272 0.22499999403953552 0.39259257912635803 0.23333333432674408 0.39444443583488464 0.23645833134651184 0.4018518626689911 0.23541666567325592 0.4037036895751953 0.2291666716337204 0.4055555462837219 0.22291666269302368 0.4148148000240326 0.2562499940395355 0.4148148000240326 0.25729167461395264 0.4185185134410858 0.2593750059604645 0.4185185134410858 0.26770833134651184 0.41111111640930176 0.2697916626930237 0.40740740299224854 0.2718749940395355 0.40740740299224854 0.2802083194255829 0.4000000059604645 0.2802083194255829 0.39629629254341125 0.2760416567325592 0.39629629254341125 0.2750000059604645 0.39444443583488464 0.2760416567325592 0.39259257912635803 0.28125 0.39259257912635803 0.2822916805744171 0.3907407522201538 0.2916666567325592 0.3888888955116272 0.2864583432674408 0.3888888955116272 0.2854166626930237 0.3870370388031006 0.2864583432674408 0.385185182094574 0.2927083373069763 0.385185182094574 0.29479166865348816 0.3870370388031006 0.296875 0.385185182094574 0.29895833134651184 0.37962964177131653
1 0.918749988079071 0.3611111044883728 0.9197916388511658 0.3629629611968994 0.9260416626930237 0.3629629611968994 0.9270833134651184 0.364814817905426 0.9312499761581421 0.364814817905426 0.9322916865348816 0.36666667461395264 0.9395833611488342 0.36666667461395264 0.940625011920929 0.36851853132247925 0.9458333253860474 0.36851853132247925 0.9468749761581421 0.37037035822868347 0.9697916507720947 0.37037035822868347 0.9708333611488342 0.36851853132247925 0.971875011920929 0.36851853132247925 0.9729166626930237 0.37037035822868347 0.9937499761581421 0.37037035822868347 0.996874988079071 0.36666667461395264 0.9989583492279053 0.36666667461395264 0.984375 0.36666667461395264 0.9833333492279053 0.364814817905426 0.9791666865348816 0.364814817905426 0.9781249761581421 0.3629629611968994 0.9739583134651184 0.3629629611968994 0.9729166626930237 0.3611111044883728 0.9593750238418579 0.3611111044883728 0.9583333134651184 0.3592592477798462 0.953125 0.3592592477798462 0.9520833492279053 0.35740742087364197 0.9302083253860474 0.35740742087364197 0.9291666746139526 0.3592592477798462 0.9229166507720947 0.3592592477798462 0.921875 0.3611111044883728
1 0.8364583253860474 0.35555556416511536 0.8416666388511658 0.3611111044883728 0.8583333492279053 0.36851853132247925 0.859375 0.3722222149372101 0.8687499761581421 0.3722222149372101 0.8833333253860474 0.37962964177131653 0.8958333134651184 0.38148146867752075 0.8958333134651184 0.385185182094574 0.8895833492279053 0.3907407522201538 0.921875 0.39629629254341125 0.921875 0.4000000059604645 0.9072916507720947 0.4000000059604645 0.9114583134651184 0.40740740299224854 0.9645833373069763 0.43703705072402954 0.9927083253860474 0.4481481611728668 0.9989583492279053 0.45370370149612427 0.9989583492279053 0.42592594027519226 0.9489583373069763 0.4037036895751953 0.9697916507720947 0.4018518626689911 0.9864583611488342 0.40740740299224854 0.987500011920929 0.41296297311782837 0.9989583492279053 0.4166666567325592 0.9989583492279053 0.39629629254341125 0.9854166507720947 0.39259257912635803 0.9677083492279053 0.39259257912635803 0.9677083492279053 0.3888888955116272 0.9614583253860474 0.3907407522201538 0.9593750238418579 0.385185182094574 0.9624999761581421 0.385185182094574 0.9624999761581421 0.38148146867752075 0.9604166746139526 0.37962964177131653 0.9395833611488342 0.3777777850627899 0.9281250238418579 0.36851853132247925 0.9166666865348816 0.37037035822868347 0.9135416746139526 0.364814817905426 0.8958333134651184 0.37037035822868347 0.8947916626930237 0.36851853132247925 0.8968750238418579 0.364814817905426 0.8947916626930237 0.3611111044883728 0.8833333253860474 0.364814817905426 0.8614583611488342 0.35555556416511536
1 0.6708333492279053 0.37037035822868347 0.6864583492279053 0.36851853132247925 0.6875 0.36666667461395264 0.690625011920929 0.36666667461395264 0.6916666626930237 0.36851853132247925 0.715624988079071 0.36851853132247925 0.7166666388511658 0.37037035822868347 0.71875 0.36851853132247925 0.731249988079071 0.37037035822868347 0.7322916388511658 0.36851853132247925 0.7979166507720947 0.36851853132247925 0.7989583611488342 0.36666667461395264 0.8031250238418579 0.36666667461395264 0.800000011920929 0.36666667461395264 0.7906249761581421 0.3611111044883728 0.7760416865348816 0.3592592477798462 0.7749999761581421 0.35740742087364197 0.75 0.3592592477798462 0.7489583492279053 0.35740742087364197 0.737500011920929 0.35555556416511536 0.7354166507720947 0.35185185074806213 0.7260416746139526 0.35185185074806213 0.7250000238418579 0.35370370745658875 0.71875 0.35370370745658875 0.7177083492279053 0.35555556416511536 0.6968749761581421 0.35555556416511536 0.6958333253860474 0.35740742087364197 0.690625011920929 0.35740742087364197 0.6864583492279053 0.35370370745658875 0.6822916865348816 0.35740742087364197 0.675000011920929 0.35555556416511536 0.6729166507720947 0.35740742087364197 0.703125 0.3592592477798462 0.7041666507720947 0.3611111044883728 0.7093750238418579 0.3611111044883728 0.7166666388511658 0.364814817905426 0.715624988079071 0.36666667461395264 0.7072916626930237 0.36666667461395264 0.706250011920929 0.364814817905426 0.6989583373069763 0.364814817905426 0.6979166865348816 0.36666667461395264 0.6958333253860474 0.364814817905426 0.6739583611488342 0.364814817905426 0.6770833134651184 0.36666667461395264 0.6760416626930237 0.36851853132247925 0.6708333492279053 0.36851853132247925
1 0.8479166626930237 0.3481481373310089 0.8541666865348816 0.3481481373310089 0.8552083373069763 0.3499999940395355 0.862500011920929 0.3499999940395355 0.8635416626930237 0.35185185074806213 0.8708333373069763 0.35185185074806213 0.871874988079071 0.35370370745658875 0.878125011920929 0.35370370745658875 0.8791666626930237 0.35555556416511536 0.887499988079071 0.35555556416511536 0.8885416388511658 0.35740742087364197 0.8958333134651184 0.35740742087364197 0.8968750238418579 0.3592592477798462 0.9041666388511658 0.3592592477798462 0.90625 0.35555556416511536 0.9072916507720947 0.35555556416511536 0.9083333611488342 0.35370370745658875 0.9072916507720947 0.35185185074806213 0.8885416388511658 0.35185185074806213 0.887499988079071 0.3499999940395355 0.8854166865348816 0.3499999940395355 0.8843749761581421 0.3481481373310089 0.8854166865348816 0.3462963104248047 0.8864583373069763 0.3462963104248047 0.8697916865348816 0.3462963104248047 0.8687499761581421 0.3481481373310089
1 0.34062498807907104 0.3333333432674408 0.33645832538604736 0.3314814865589142 0.3333333432674408 0.3351851999759674 0.31458333134651184 0.33703702688217163 0.31041666865348816 0.34074074029922485 0.30416667461395264 0.34074074029922485 0.3031249940395355 0.34259259700775146 0.2958333194255829 0.34259259700775146 0.2916666567325592 0.33888888359069824 0.28958332538604736 0.34074074029922485 0.28854167461395264 0.33888888359069824 0.2593750059604645 0.34074074029922485 0.25208333134651184 0.3481481373310089 0.24895833432674408 0.3481481373310089 0.25 0.3481481373310089 0.25312501192092896 0.35370370745658875 0.25208333134651184 0.35555556416511536 0.24791666865348816 0.35555556416511536 0.24687500298023224 0.35370370745658875 0.24583333730697632 0.35555556416511536 0.23854166269302368 0.35555556416511536 0.23541666567325592 0.35185185074806213 0.23333333432674408 0.35555556416511536 0.2239583283662796 0.35555556416511536 0.22708334028720856 0.35555556416511536 0.22812500596046448 0.35740742087364197 0.24375000596046448 0.35740742087364197 0.2447916716337204 0.35555556416511536 0.25312501192092896 0.35555556416511536 0.2552083432674408 0.35370370745658875 0.2562499940395355 0.35555556416511536 0.2552083432674408 0.35740742087364197 0.25833332538604736 0.35740742087364197 0.2593750059604645 0.35555556416511536 0.265625 0.35555556416511536 0.2666666805744171 0.35370370745658875 0.27291667461395264 0.35370370745658875 0.27395832538604736 0.35185185074806213 0.27812498807907104 0.35185185074806213 0.27916666865348816 0.3499999940395355 0.2822916805744171 0.3499999940395355 0.28333333134651184 0.3481481373310089 0.28958332538604736 0.3481481373310089 0.2906250059604645 0.3462963104248047 0.3031249940395355 0.3444444537162781 0.30416667461395264 0.34259259700775146 0.3125 0.34074074029922485 0.3135416805744171 0.33888888359069824 0.3187499940395355 0.33888888359069824 0.31979167461395264 0.33703702688217163 0.33020833134651184 0.33703702688217163 0.33125001192092896 0.3351851999759674
1 0.18020834028720856 0.3333333432674408 0.17916665971279144 0.3333333432674408 0.17812499403953552 0.3314814865589142 0.1770833283662796 0.3333333432674408 0.17499999701976776 0.3296296298503876 0.17395833134651184 0.3314814865589142 0.16875000298023224 0.3314814865589142 0.16770833730697632 0.3333333432674408 0.16041666269302368 0.3333333432674408 0.15937499701976776 0.3351851999759674 0.15416666865348816 0.3351851999759674 0.15312500298023224 0.3333333432674408 0.15208333730697632 0.3333333432674408 0.1510416716337204 0.3351851999759674 0.140625 0.3351851999759674 0.13958333432674408 0.3333333432674408 0.13750000298023224 0.33703702688217163 0.13645833730697632 0.3351851999759674 0.13229165971279144 0.3351851999759674 0.1302083283662796 0.3314814865589142 0.12187500298023224 0.3314814865589142 0.12604166567325592 0.3314814865589142 0.12708333134651184 0.3333333432674408 0.125 0.33703702688217163 0.11874999850988388 0.33703702688217163 0.11770833283662796 0.3351851999759674 0.11770833283662796 0.3333333432674408 0.11666666716337204 0.3351851999759674 0.10833333432674408 0.3351851999759674 0.10729166865348816 0.33703702688217163 0.09687499701976776 0.33703702688217163 0.09583333134651184 0.3351851999759674 0.09375 0.3351851999759674 0.09270833432674408 0.33703702688217163 0.09166666865348816 0.33703702688217163 0.09270833432674408 0.33703702688217163 0.09375 0.33888888359069824 0.09479166567325592 0.33703702688217163 0.10104166716337204 0.33703702688217163 0.10208333283662796 0.33888888359069824 0.11354167014360428 0.33888888359069824 0.1145833358168602 0.34074074029922485 0.12708333134651184 0.34074074029922485 0.12812499701976776 0.33888888359069824 0.13645833730697632 0.33888888359069824 0.13750000298023224 0.33703702688217163 0.14687499403953552 0.33703702688217163 0.14791665971279144 0.3351851999759674 0.15937499701976776 0.3351851999759674 0.16041666269302368 0.3333333432674408 0.1614583283662796 0.3351851999759674 0.17291666567325592 0.3351851999759674 0.17395833134651184 0.3333333432674408
2 0.8614583611488342 0.520370364189148 0.8645833134651184 0.5222222208976746 0.8656250238418579 0.5240740776062012 0.8656250238418579 0.5277777910232544 0.8708333373069763 0.5333333611488342 0.8739583492279053 0.5333333611488342 0.875 0.5351851582527161 0.878125011920929 0.5351851582527161 0.8791666626930237 0.5370370149612427 0.8822916746139526 0.5370370149612427 0.887499988079071 0.5407407283782959 0.8916666507720947 0.5407407283782959 0.8927083611488342 0.5425925850868225 0.8999999761581421 0.5425925850868225 0.9010416865348816 0.5407407283782959 0.9239583611488342 0.5407407283782959 0.9291666746139526 0.5444444417953491 0.9333333373069763 0.5444444417953491 0.9427083134651184 0.5518518686294556 0.9447916746139526 0.5518518686294556 0.949999988079071 0.5574073791503906 0.9520833492279053 0.5574073791503906 0.9593750238418579 0.5648148059844971 0.9614583253860474 0.5648148059844971 0.9729166626930237 0.5759259462356567 0.9750000238418579 0.5759259462356567 0.9781249761581421 0.5796296000480652 0.9854166507720947 0.5833333134651184 0.9906250238418579 0.5888888835906982 0.9989583492279053 0.5925925970077515 0.9989583492279053 0.5407407283782959 0.996874988079071 0.5407407283782959 0.9958333373069763 0.5388888716697693 0.9822916388511658 0.5388888716697693 0.981249988079071 0.5370370149612427 0.9468749761581421 0.5370370149612427 0.9458333253860474 0.5351851582527161 0.9333333373069763 0.5351851582527161 0.9322916865348816 0.5333333611488342 0.918749988079071 0.5333333611488342 0.9177083373069763 0.5314815044403076 0.9104166626930237 0.5314815044403076 0.909375011920929 0.529629647731781 0.9020833373069763 0.529629647731781 0.9010416865348816 0.5277777910232544 0.893750011920929 0.5277777910232544 0.8927083611488342 0.5259259343147278 0.8843749761581421 0.5259259343147278 0.8833333253860474 0.5240740776062012 0.8760416507720947 0.5240740776062012 0.875 0.5222222208976746
2 0.0 0.8129629492759705 0.0 0.9981481432914734 0.9989583492279053 0.9981481432914734 0.9989583492279053 0.6685185432434082 0.9208333492279053 0.6277777552604675 0.7645833492279053 0.5129629373550415 0.7760416865348816 0.5388888716697693 0.5854166746139526 0.5870370268821716 0.3947916626930237 0.5425925850868225 0.2770833373069763 0.4981481432914734 0.23333333432674408 0.4962962865829468
2 0.0 0.5870370268821716 0.03854166716337204 0.5648148059844971 0.10625000298023224 0.5407407283782959 0.11562500149011612 0.5462962985038757 0.14687499403953552 0.5425925850868225 0.18645833432674408 0.520370364189148 0.22083333134651184 0.49259260296821594 0.1822916716337204 0.4888888895511627 0.17291666567325592 0.49444442987442017 0.140625 0.5 0.13750000298023224 0.49444442987442017 0.14166666567325592 0.4870370328426361 0.14791665971279144 0.4833333194255829 0.12812499701976776 0.47777777910232544 0.0729166641831398 0.4703703820705414 0.05833333358168602 0.46481481194496155 0.04895833507180214 0.4722222089767456 0.03750000149011612 0.4722222089767456 0.03750000149011612 0.46851852536201477 0.04479166492819786 0.46296295523643494 0.07500000298023224 0.4555555582046509 0.05833333358168602 0.45185184478759766 0.0572916679084301 0.4444444477558136 0.04479166492819786 0.44999998807907104 0.008333333767950535 0.4444444477558136 0.0 0.4462963044643402
2 0.41458332538604736 0.38333332538604736 0.4156250059604645 0.385185182094574 0.4156250059604645 0.3907407522201538 0.41874998807907104 0.3907407522201538 0.41979166865348816 0.39259257912635803 0.42500001192092896 0.39259257912635803 0.4260416626930237 0.39444443583488464 0.43020832538604736 0.39444443583488464 0.4312500059604645 0.39629629254341125 0.43541666865348816 0.39629629254341125 0.4364583194255829 0.39814814925193787 0.4385416805744171 0.39814814925193787 0.4375 0.39814814925193787 0.4364583194255829 0.39629629254341125 0.43437498807907104 0.39629629254341125 0.4333333373069763 0.39444443583488464 0.4322916567325592 0.39444443583488464 0.4312500059604645 0.39259257912635803 0.4312500059604645 0.3907407522201538 0.43020832538604736 0.3888888955116272 0.42500001192092896 0.3888888955116272 0.42395833134651184 0.3870370388031006 0.42500001192092896 0.385185182094574 0.4312500059604645 0.385185182094574 0.4312500059604645 0.38333332538604736 0.41874998807907104 0.38333332538604736 0.4177083373069763 0.385185182094574 0.4156250059604645 0.385185182094574
2 0.7947916388511658 0.37962964177131653 0.6708333492279053 0.3722222149372101 0.715624988079071 0.364814817905426 0.6187499761581421 0.34259259700775146 0.40937501192092896 0.32592591643333435 0.25833332538604736 0.3592592477798462 0.04479166492819786 0.3314814865589142 0.0 0.33888888359069824 0.0 0.3722222149372101 0.21250000596046448 0.385185182094574 0.05104166641831398 0.4000000059604645 0.17395833134651184 0.4018518626689911 0.06041666492819786 0.43703705072402954 0.0885416641831398 0.4444444477558136 0.22187499701976776 0.4148148000240326 0.23541666567325592 0.4018518626689911 0.2239583283662796 0.39259257912635803 0.23125000298023224 0.3777777850627899 0.2614583373069763 0.3611111044883728 0.33645832538604736 0.38333332538604736 0.35729166865348816 0.3759259283542633 0.33125001192092896 0.37037035822868347 0.38229167461395264 0.3629629611968994 0.3791666626930237 0.385185182094574 0.4749999940395355 0.3740740716457367 0.4906249940395355 0.4055555462837219 0.5197916626930237 0.3777777850627899 0.5854166746139526 0.364814817905426 0.7104166746139526 0.3888888955116272
3 0.9989583492279053 0.36851853132247925 0.996874988079071 0.36851853132247925 0.9958333373069763 0.37037035822868347 0.9947916865348816 0.37037035822868347 0.9937499761581421 0.3722222149372101 0.9927083253860474 0.3722222149372101 0.9906250238418579 0.3759259283542633 0.9895833134651184 0.3759259283542633 0.9885416626930237 0.3777777850627899 0.9864583611488342 0.3777777850627899 0.9854166507720947 0.37962964177131653 0.9822916388511658 0.37962964177131653 0.981249988079071 0.38148146867752075 0.9781249761581421 0.38148146867752075 0.9770833253860474 0.38333332538604736 0.9750000238418579 0.38333332538604736 0.9739583134651184 0.385185182094574 0.9729166626930237 0.385185182094574 0.971875011920929 0.3870370388031006 0.9708333611488342 0.3870370388031006 0.9697916507720947 0.3888888955116272 0.96875 0.3888888955116272 0.9677083492279053 0.3907407522201538 0.9854166507720947 0.3907407522201538 0.9864583611488342 0.39259257912635803 0.9916666746139526 0.39259257912635803 0.9927083253860474 0.39444443583488464 0.9989583492279053 0.39444443583488464
4 0.5552083253860474 0.41111111640930176 0.5562499761581421 0.41296297311782837 0.5572916865348816 0.41296297311782837 0.5583333373069763 0.4148148000240326 0.559374988079071 0.4148148000240326 0.5604166388511658 0.4166666567325592 0.5708333253860474 0.4166666567325592 0.5718749761581421 0.4148148000240326 0.5729166865348816 0.4148148000240326 0.574999988079071 0.41111111640930176 0.5760416388511658 0.41111111640930176 0.574999988079071 0.41111111640930176 0.5729166865348816 0.40740740299224854 0.5677083134651184 0.40740740299224854 0.5666666626930237 0.40925925970077515 0.565625011920929 0.40740740299224854 0.5645833611488342 0.40740740299224854 0.5635416507720947 0.40925925970077515 0.559374988079071 0.40925925970077515 0.5583333373069763 0.41111111640930176
4 0.578125 0.42222222685813904 0.5822916626930237 0.42592594027519226 0.5885416865348816 0.42592594027519226 0.5895833373069763 0.4277777671813965 0.6010416746139526 0.4277777671813965 0.6020833253860474 0.42592594027519226 0.609375 0.42592594027519226 0.6104166507720947 0.4277777671813965 0.6187499761581421 0.4296296238899231 0.6197916865348816 0.4314814805984497 0.621874988079071 0.4296296238899231 0.6260416507720947 0.4296296238899231 0.6270833611488342 0.4277777671813965 0.6364583373069763 0.4277777671813965 0.640625 0.4314814805984497 0.6458333134651184 0.4314814805984497 0.6468750238418579 0.4333333373069763 0.653124988079071 0.4333333373069763 0.6541666388511658 0.4314814805984497 0.6656249761581421 0.4314814805984497 0.6666666865348816 0.4333333373069763 0.6729166507720947 0.4333333373069763 0.6739583611488342 0.43518519401550293 0.6770833134651184 0.43518519401550293 0.6781250238418579 0.43703705072402954 0.6854166388511658 0.43703705072402954 0.6875 0.4333333373069763 0.6895833611488342 0.43518519401550293 0.6937500238418579 0.43518519401550293 0.6958333253860474 0.4314814805984497 0.6916666626930237 0.4277777671813965 0.6885416507720947 0.4277777671813965 0.6875 0.42592594027519226 0.6822916865348816 0.42592594027519226 0.6812499761581421 0.42407408356666565 0.6781250238418579 0.42407408356666565 0.6770833134651184 0.42222222685813904 0.6708333492279053 0.4203703701496124 0.6697916388511658 0.4185185134410858 0.6656249761581421 0.4185185134410858 0.6645833253860474 0.4166666567325592 0.6583333611488342 0.4166666567325592 0.6572916507720947 0.4148148000240326 0.6520833373069763 0.4148148000240326 0.6510416865348816 0.41296297311782837 0.6458333134651184 0.41296297311782837 0.6447916626930237 0.41111111640930176 0.640625 0.41111111640930176 0.6364583373069763 0.40740740299224854 0.6312500238418579 0.40740740299224854 0.6302083134651184 0.4055555462837219 0.6072916388511658 0.4055555462837219 0.606249988079071 0.40740740299224854 0.590624988079071 0.40740740299224854 0.5885416865348816 0.4055555462837219 0.5874999761581421 0.40740740299224854 0.5843750238418579 0.40740740299224854 0.5833333134651184 0.40925925970077515 0.5822916626930237 0.40740740299224854 0.5802083611488342 0.41111111640930176 0.581250011920929 0.41111111640930176 0.5843750238418579 0.4166666567325592 0.5843750238418579 0.4185185134410858 0.5822916626930237 0.42222222685813904
