0 0.9541666507720947 0.6925926208496094 0.9552083611488342 0.6925926208496094 0.956250011920929 0.6944444179534912 0.9572916626930237 0.6944444179534912 0.9583333134651184 0.6962962746620178 0.9593750238418579 0.6962962746620178 0.9604166746139526 0.6981481313705444 0.9624999761581421 0.6981481313705444 0.9635416865348816 0.699999988079071 0.965624988079071 0.699999988079071 0.9677083492279053 0.7037037014961243 0.9708333611488342 0.7037037014961243 0.971875011920929 0.7055555582046509 0.9729166626930237 0.7055555582046509 0.9739583134651184 0.7074074149131775 0.9750000238418579 0.7074074149131775 0.9760416746139526 0.7092592716217041 0.984375 0.7092592716217041 0.9854166507720947 0.7074074149131775 0.9895833134651184 0.7074074149131775 0.9885416626930237 0.7055555582046509 0.9895833134651184 0.7037037014961243 0.9937499761581421 0.7037037014961243 0.9947916865348816 0.7018518447875977 0.9979166388511658 0.7018518447875977 0.996874988079071 0.699999988079071 0.9947916865348816 0.699999988079071 0.9937499761581421 0.6981481313705444 0.9916666746139526 0.6981481313705444 0.9906250238418579 0.6962962746620178 0.9885416626930237 0.6962962746620178 0.987500011920929 0.6944444179534912 0.9854166507720947 0.6944444179534912 0.984375 0.6925926208496094 0.981249988079071 0.6925926208496094 0.9802083373069763 0.6907407641410828 0.9781249761581421 0.6907407641410828 0.9770833253860474 0.6888889074325562 0.9750000238418579 0.6888889074325562 0.9739583134651184 0.6870370507240295 0.971875011920929 0.6870370507240295 0.9708333611488342 0.6851851940155029 0.9697916507720947 0.6851851940155029 0.96875 0.6870370507240295 0.965624988079071 0.6870370507240295 0.9645833373069763 0.6888889074325562 0.9593750238418579 0.6888889074325562 0.9572916626930237 0.6925926208496094
0 0.3489583432674408 0.5240740776062012 0.3489583432674408 0.5259259343147278 0.35104167461395264 0.5259259343147278 0.35208332538604736 0.5277777910232544 0.35208332538604736 0.529629647731781 0.3531250059604645 0.529629647731781 0.3541666567325592 0.5314815044403076 0.35624998807907104 0.5314815044403076 0.35729166865348816 0.5333333611488342 0.3583333194255829 0.5333333611488342 0.359375 0.5351851582527161 0.359375 0.5370370149612427 0.36250001192092896 0.5370370149612427 0.3645833432674408 0.5407407283782959 0.3656249940395355 0.5407407283782959 0.3697916567325592 0.5333333611488342 0.3697916567325592 0.5314815044403076 0.3708333373069763 0.529629647731781 0.3697916567325592 0.529629647731781 0.3687500059604645 0.5277777910232544 0.36666667461395264 0.5277777910232544 0.3656249940395355 0.5259259343147278 0.3645833432674408 0.5259259343147278 0.3635416626930237 0.5240740776062012 0.3583333194255829 0.5240740776062012 0.35729166865348816 0.5222222208976746 0.35729166865348816 0.520370364189148 0.3552083373069763 0.5166666507720947 0.35104167461395264 0.5166666507720947 0.35104167461395264 0.5185185074806213 0.3499999940395355 0.520370364189148 0.3499999940395355 0.5222222208976746
0 0.4020833373069763 0.4462963044643402 0.3229166567325592 0.4407407343387604 0.3187499940395355 0.4333333373069763 0.3270833194255829 0.43518519401550293 0.30937498807907104 0.4296296238899231 0.29895833134651184 0.4407407343387604 0.234375 0.4462963044643402 0.0 0.5092592835426331 0.0 0.5703703761100769 0.004166666883975267 0.5703703761100769 0.0 0.5777778029441833 0.0 0.5944444537162781 0.014583333395421505 0.5907407402992249 0.02916666679084301 0.6000000238418579 0.04062499850988388 0.5907407402992249 0.04583333432674408 0.5796296000480652 0.03958333283662796 0.585185170173645 0.03854166716337204 0.5759259462356567 0.02916666679084301 0.5777778029441833 0.06041666492819786 0.5537037253379822 0.04895833507180214 0.5518518686294556 0.05000000074505806 0.5462962985038757 0.07187499850988388 0.5351851582527161 0.06354166567325592 0.5370370149612427 0.06458333134651184 0.529629647731781 0.05833333358168602 0.529629647731781 0.05416666716337204 0.520370364189148 0.08541666716337204 0.4981481432914734 0.26875001192092896 0.46851852536201477 0.2697916626930237 0.4740740656852722 0.2874999940395355 0.4722222089767456 0.31041666865348816 0.48148149251937866 0.3062500059604645 0.4870370328426361 0.2760416567325592 0.48148149251937866 0.2593750059604645 0.4870370328426361 0.2593750059604645 0.5037037134170532 0.27812498807907104 0.5370370149612427 0.28958332538604736 0.5277777910232544 0.29479166865348816 0.5388888716697693 0.30937498807907104 0.5166666507720947 0.2916666567325592 0.5166666507720947 0.2906250059604645 0.5074074268341064 0.3270833194255829 0.4981481432914734 0.3333333432674408 0.4870370328426361 0.2927083373069763 0.4703703820705414 0.36770832538604736 0.4574074149131775 0.3760416805744171 0.4462963044643402
0 0.42916667461395264 0.43518519401550293 0.4270833432674408 0.43518519401550293 0.4260416626930237 0.4333333373069763 0.42500001192092896 0.4333333373069763 0.4229166805744171 0.4296296238899231 0.42395833134651184 0.4277777671813965 0.4229166805744171 0.4277777671813965 0.421875 0.4296296238899231 0.4208333194255829 0.4296296238899231 0.41979166865348816 0.4277777671813965 0.41874998807907104 0.4296296238899231 0.4177083373069763 0.4277777671813965 0.4166666567325592 0.4277777671813965 0.4177083373069763 0.4296296238899231 0.4166666567325592 0.4314814805984497 0.4156250059604645 0.4314814805984497 0.4156250059604645 0.43518519401550293 0.41354167461395264 0.43888887763023376 0.41354167461395264 0.442592591047287 0.4124999940395355 0.4444444477558136 0.4114583432674408 0.442592591047287 0.40833333134651184 0.442592591047287 0.4072916805744171 0.4444444477558136 0.40416666865348816 0.4444444477558136 0.41354167461395264 0.4444444477558136 0.41458332538604736 0.4462963044643402 0.4177083373069763 0.4462963044643402 0.41874998807907104 0.4444444477558136 0.4208333194255829 0.4444444477558136 0.421875 0.442592591047287 0.4229166805744171 0.442592591047287 0.4229166805744171 0.4407407343387604 0.42395833134651184 0.43888887763023376 0.42500001192092896 0.43888887763023376 0.4260416626930237 0.43703705072402954 0.4281249940395355 0.43703705072402954
0 0.9802083373069763 0.4055555462837219 0.9822916388511658 0.4055555462837219 0.9833333492279053 0.40740740299224854 0.984375 0.40740740299224854 0.9854166507720947 0.40925925970077515 0.9916666746139526 0.40925925970077515 0.9927083253860474 0.41111111640930176 0.996874988079071 0.41111111640930176 0.9979166388511658 0.41296297311782837 0.9989583492279053 0.41296297311782837 0.9989583492279053 0.40925925970077515 0.9979166388511658 0.40925925970077515 0.996874988079071 0.40740740299224854 0.9937499761581421 0.40740740299224854 0.9916666746139526 0.4037036895751953 0.9916666746139526 0.4018518626689911 0.9906250238418579 0.4000000059604645 0.9885416626930237 0.4037036895751953 0.987500011920929 0.4018518626689911 0.9833333492279053 0.4018518626689911 0.9833333492279053 0.4037036895751953 0.9822916388511658 0.4055555462837219
0 0.890625 0.36666667461395264 0.9010416865348816 0.36666667461395264 0.9020833373069763 0.364814817905426 0.903124988079071 0.36666667461395264 0.9072916507720947 0.36666667461395264 0.9083333611488342 0.364814817905426 0.9114583134651184 0.364814817905426 0.9125000238418579 0.3629629611968994 0.9135416746139526 0.3629629611968994 0.903124988079071 0.3629629611968994 0.9020833373069763 0.3611111044883728 0.8958333134651184 0.3611111044883728 0.8947916626930237 0.3592592477798462 0.8927083611488342 0.3592592477798462 0.8927083611488342 0.3611111044883728 0.8916666507720947 0.3629629611968994 0.8916666507720947 0.364814817905426
0 0.0 0.39814814925193787 0.4020833373069763 0.38148146867752075 0.3239583373069763 0.4185185134410858 0.6208333373069763 0.43888887763023376 0.4427083432674408 0.44999998807907104 0.512499988079071 0.5444444417953491 0.3854166567325592 0.5407407283782959 0.4104166626930237 0.5870370268821716 0.3802083432674408 0.6462963223457336 0.3968749940395355 0.7555555701255798 0.2927083373069763 0.6666666865348816 0.3166666626930237 0.5944444537162781 0.25208333134651184 0.6092592477798462 0.24166665971279144 0.6611111164093018 0.0 0.7777777910232544 0.0 0.9981481432914734 0.9989583492279053 0.9981481432914734 0.9979166388511658 0.914814829826355 0.893750011920929 0.8870370388031006 0.878125011920929 0.855555534362793 0.8989583253860474 0.8074073791503906 0.8229166865348816 0.7240740656852722 0.9156249761581421 0.699999988079071 0.7104166746139526 0.5574073791503906 0.5302083492279053 0.5407407283782959 0.5489583611488342 0.5018518567085266 0.5947916507720947 0.520370364189148 0.5541666746139526 0.4851851761341095 0.6822916865348816 0.46481481194496155 0.6239583492279053 0.4333333373069763 0.6572916507720947 0.4166666567325592 0.9989583492279053 0.5314815044403076 0.9989583492279053 0.49074074625968933 0.9208333492279053 0.43518519401550293 0.9989583492279053 0.44999998807907104 0.9645833373069763 0.42407408356666565 0.9989583492279053 0.4166666567325592 0.4802083373069763 0.33703702688217163 0.5333333611488342 0.3444444537162781 0.49687498807907104 0.36666667461395264 0.4989583194255829 0.4148148000240326 0.4333333373069763 0.39629629254341125 0.44479167461395264 0.3629629611968994
0 0.0 0.33703702688217163 0.0062500000931322575 0.33703702688217163 0.0072916666977107525 0.33888888359069824 0.01354166679084301 0.33888888359069824 0.014583333395421505 0.33703702688217163 0.015625 0.33703702688217163 0.01666666753590107 0.33888888359069824 0.03437500074505806 0.33888888359069824 0.03541666641831398 0.33703702688217163 0.0364583320915699 0.33888888359069824 0.03750000149011612 0.33888888359069824 0.03854166716337204 0.33703702688217163 0.0625 0.33703702688217163 0.06354166567325592 0.3351851999759674 0.07187499850988388 0.3351851999759674 0.06875000149011612 0.3351851999759674 0.0677083358168602 0.3333333432674408 0.0052083334885537624 0.3333333432674408 0.004166666883975267 0.3351851999759674 0.0 0.3351851999759674
0 0.2760416567325592 0.3314814865589142 0.2770833373069763 0.3333333432674408 0.27812498807907104 0.3333333432674408 0.27916666865348816 0.3351851999759674 0.27916666865348816 0.33703702688217163 0.2958333194255829 0.33703702688217163 0.2979166805744171 0.34074074029922485 0.29895833134651184 0.33888888359069824 0.30416667461395264 0.33888888359069824 0.30520832538604736 0.33703702688217163 0.3062500059604645 0.33888888359069824 0.3072916567325592 0.33703702688217163 0.3125 0.33703702688217163 0.3135416805744171 0.3351851999759674 0.32499998807907104 0.3351851999759674 0.32604166865348816 0.3333333432674408 0.3333333432674408 0.3333333432674408 0.31562501192092896 0.3333333432674408 0.31458333134651184 0.3314814865589142 0.30416667461395264 0.3314814865589142 0.3031249940395355 0.3333333432674408 0.2979166805744171 0.3333333432674408 0.296875 0.3314814865589142 0.29374998807907104 0.3314814865589142 0.2927083373069763 0.3333333432674408 0.2770833373069763 0.3333333432674408
0 0.3187499940395355 0.35740742087364197 0.28958332538604736 0.35740742087364197 0.2750000059604645 0.3499999940395355 0.28333333134651184 0.34259259700775146 0.2541666626930237 0.3481481373310089 0.24687500298023224 0.34074074029922485 0.19895833730697632 0.35185185074806213 0.19895833730697632 0.3629629611968994 0.1822916716337204 0.3629629611968994 0.19062499701976776 0.35555556416511536 0.12291666865348816 0.35740742087364197 0.13333334028720856 0.35370370745658875 0.13229165971279144 0.3481481373310089 0.15520833432674408 0.34259259700775146 0.1614583283662796 0.3481481373310089 0.1822916716337204 0.3462963104248047 0.1875 0.34074074029922485 0.16041666269302368 0.34259259700775146 0.16562500596046448 0.3314814865589142 0.19166666269302368 0.3351851999759674 0.18958333134651184 0.34259259700775146 0.19583334028720856 0.3351851999759674 0.20624999701976776 0.34074074029922485 0.21041665971279144 0.3351851999759674 0.24583333730697632 0.3314814865589142 0.09270833432674408 0.3351851999759674 0.11770833283662796 0.34259259700775146 0.11874999850988388 0.3481481373310089 0.09375 0.3499999940395355 0.09791667014360428 0.34259259700775146 0.08541666716337204 0.33888888359069824 0.0833333358168602 0.3462963104248047 0.02812499925494194 0.35370370745658875 0.0 0.3481481373310089 0.00937500037252903 0.35555556416511536 0.0 0.3592592477798462 0.01979166641831398 0.3592592477798462 0.0 0.364814817905426 0.0 0.3777777850627899 0.06145833432674408 0.3722222149372101 0.05937499925494194 0.36666667461395264 0.18020834028720856 0.3611111044883728 0.17083333432674408 0.364814817905426 0.21250000596046448 0.36666667461395264 0.2708333432674408 0.35740742087364197 0.296875 0.364814817905426
1 0.6197916865348816 0.5240740776062012 0.6885416507720947 0.5555555820465088 0.7104166746139526 0.5555555820465088 0.7104166746139526 0.5629629492759705 0.7906249761581421 0.5944444537162781 0.996874988079071 0.6981481313705444 0.9895833134651184 0.7092592716217041 0.9760416746139526 0.7111111283302307 0.9427083134651184 0.6870370507240295 0.8645833134651184 0.7333333492279053 0.8354166746139526 0.7111111283302307 0.8239583373069763 0.7240740656852722 0.8572916388511658 0.7611111402511597 0.875 0.7685185074806213 0.8999999761581421 0.8074073791503906 0.90625 0.8259259462356567 0.8885416388511658 0.8370370268821716 0.8791666626930237 0.855555534362793 0.893750011920929 0.885185182094574 0.9510416388511658 0.9037036895751953 0.9645833373069763 0.9018518328666687 0.96875 0.8888888955116272 0.9989583492279053 0.914814829826355 0.9989583492279053 0.5333333611488342 0.984375 0.5259259343147278 0.987500011920929 0.520370364189148 0.7947916388511658 0.4703703820705414 0.8395833373069763 0.5018518567085266 0.831250011920929 0.5074074268341064 0.7281249761581421 0.4703703820705414 0.71875 0.4592592716217041 0.6989583373069763 0.4592592716217041 0.6875 0.46666666865348816 0.668749988079071 0.4611110985279083
1 0.6239583492279053 0.4277777671813965 0.625 0.4333333373069763 0.6291666626930237 0.43888887763023376 0.6333333253860474 0.43888887763023376 0.6427083611488342 0.4444444477558136 0.6656249761581421 0.4481481611728668 0.671875 0.45185184478759766 0.6864583492279053 0.45185184478759766 0.6875 0.45370370149612427 0.6947916746139526 0.442592591047287 0.6979166865348816 0.4407407343387604 0.699999988079071 0.442592591047287 0.703125 0.43518519401550293 0.7114583253860474 0.4407407343387604 0.7197916507720947 0.442592591047287 0.7302083373069763 0.4481481611728668 0.7437499761581421 0.44999998807907104 0.7447916865348816 0.45185184478759766 0.7510416507720947 0.44999998807907104 0.7635416388511658 0.4592592716217041 0.7895833253860474 0.4574074149131775 0.7906249761581421 0.4555555582046509 0.800000011920929 0.45370370149612427 0.8041666746139526 0.44999998807907104 0.7833333611488342 0.43518519401550293 0.7739583253860474 0.43518519401550293 0.7708333134651184 0.4314814805984497 0.7614583373069763 0.4314814805984497 0.7572916746139526 0.4277777671813965 0.7291666865348816 0.42592594027519226 0.7281249761581421 0.42222222685813904 0.6958333253860474 0.42222222685813904 0.6947916746139526 0.4203703701496124 0.6645833253860474 0.4203703701496124 0.6635416746139526 0.4185185134410858 0.6572916507720947 0.4185185134410858 0.65625 0.4203703701496124 0.6416666507720947 0.42222222685813904 0.640625 0.42407408356666565 0.6364583373069763 0.42222222685813904 0.6354166865348816 0.42407408356666565 0.6291666626930237 0.42407408356666565 0.6270833611488342 0.4277777671813965
1 0.6197916865348816 0.43888887763023376 0.6000000238418579 0.41296297311782837 0.5833333134651184 0.4166666567325592 0.574999988079071 0.4296296238899231 0.5625 0.4333333373069763 0.5093749761581421 0.41111111640930176 0.5083333253860474 0.42222222685813904 0.46562498807907104 0.43703705072402954 0.46562498807907104 0.4314814805984497 0.4468750059604645 0.4333333373069763 0.44999998807907104 0.42222222685813904 0.44062501192092896 0.4277777671813965 0.4260416626930237 0.4166666567325592 0.33541667461395264 0.4148148000240326 0.3125 0.4277777671813965 0.328125 0.4333333373069763 0.3218750059604645 0.43703705072402954 0.4010416567325592 0.442592591047287 0.4166666567325592 0.42222222685813904 0.43020832538604736 0.43518519401550293 0.4177083373069763 0.4481481611728668 0.2958333194255829 0.4703703820705414 0.3270833194255829 0.47777777910232544 0.3343749940395355 0.4888888895511627 0.3270833194255829 0.5 0.2906250059604645 0.5129629373550415 0.31041666865348816 0.5166666507720947 0.2958333194255829 0.5407407283782959 0.31562501192092896 0.5314815044403076 0.34062498807907104 0.5074074268341064 0.36145833134651184 0.5037037134170532 0.35624998807907104 0.5166666507720947 0.3583333194255829 0.5222222208976746 0.3802083432674408 0.5240740776062012 0.3895833194255829 0.5425925850868225 0.4072916805744171 0.5407407283782959 0.4322916567325592 0.5185185074806213 0.4468750059604645 0.5314815044403076 0.4437499940395355 0.5537037253379822 0.453125 0.5574073791503906 0.4854166805744171 0.5425925850868225 0.48750001192092896 0.5351851582527161 0.5093749761581421 0.5333333611488342 0.4427083432674408 0.4481481611728668 0.48124998807907104 0.4444444477558136 0.4958333373069763 0.4481481611728668 0.49791666865348816 0.4574074149131775 0.5708333253860474 0.46481481194496155 0.596875011920929 0.43703705072402954
1 0.5489583611488342 0.40925925970077515 0.550000011920929 0.41111111640930176 0.5687500238418579 0.41111111640930176 0.5677083134651184 0.40925925970077515 0.5645833611488342 0.40925925970077515 0.5635416507720947 0.40740740299224854 0.550000011920929 0.40740740299224854
1 0.2906250059604645 0.42592594027519226 0.2614583373069763 0.42407408356666565 0.2593750059604645 0.4166666567325592 0.24166665971279144 0.40925925970077515 0.203125 0.40740740299224854 0.16249999403953552 0.4148148000240326 0.12187500298023224 0.4296296238899231 0.06979166716337204 0.43888887763023376 0.03333333507180214 0.4333333373069763 0.0 0.4333333373069763 0.0 0.4703703820705414 0.1354166716337204 0.46481481194496155 0.13958333432674408 0.4611110985279083 0.16458334028720856 0.46296295523643494 0.18125000596046448 0.4574074149131775 0.1875 0.4592592716217041 0.1875 0.4555555582046509 0.203125 0.4555555582046509 0.234375 0.4444444477558136 0.2854166626930237 0.43888887763023376 0.2906250059604645 0.4333333373069763
1 0.7166666388511658 0.3888888955116272 0.7208333611488342 0.39259257912635803 0.71875 0.39629629254341125 0.7166666388511658 0.39444443583488464 0.7208333611488342 0.39814814925193787 0.7197916507720947 0.4000000059604645 0.7208333611488342 0.39814814925193787 0.7260416746139526 0.4018518626689911 0.7302083373069763 0.4018518626689911 0.731249988079071 0.4000000059604645 0.734375 0.4018518626689911 0.746874988079071 0.4018518626689911 0.7479166388511658 0.4037036895751953 0.7562500238418579 0.4037036895751953 0.7572916746139526 0.4055555462837219 0.7833333611488342 0.40740740299224854 0.784375011920929 0.40925925970077515 0.8031250238418579 0.41111111640930176 0.8041666746139526 0.41296297311782837 0.8333333134651184 0.4148148000240326 0.8343750238418579 0.4166666567325592 0.8458333611488342 0.4166666567325592 0.846875011920929 0.4185185134410858 0.8572916388511658 0.4185185134410858 0.8583333492279053 0.4203703701496124 0.8687499761581421 0.4203703701496124 0.8697916865348816 0.42222222685813904 0.8822916746139526 0.42222222685813904 0.8833333253860474 0.42407408356666565 0.8864583373069763 0.42407408356666565 0.8833333253860474 0.42407408356666565 0.8791666626930237 0.4203703701496124 0.8729166388511658 0.4203703701496124 0.871874988079071 0.4185185134410858 0.8541666865348816 0.4185185134410858 0.8531249761581421 0.4166666567325592 0.8395833373069763 0.4166666567325592 0.8385416865348816 0.4148148000240326 0.8302083611488342 0.4148148000240326 0.8291666507720947 0.41296297311782837 0.7864583134651184 0.40925925970077515 0.778124988079071 0.4037036895751953 0.7677083611488342 0.4018518626689911 0.7666666507720947 0.4000000059604645 0.734375 0.4018518626689911 0.7281249761581421 0.39814814925193787 0.7229166626930237 0.3907407522201538 0.7208333611488342 0.39259257912635803 0.7197916507720947 0.3907407522201538 0.7208333611488342 0.3888888955116272 0.71875 0.3870370388031006
1 0.5770833492279053 0.3907407522201538 0.574999988079071 0.3870370388031006 0.574999988079071 0.385185182094574 0.5739583373069763 0.38333332538604736 0.5729166865348816 0.38333332538604736 0.5718749761581421 0.385185182094574 0.5677083134651184 0.385185182094574 0.5666666626930237 0.38333332538604736 0.5645833611488342 0.38333332538604736 0.5635416507720947 0.385185182094574 0.5510416626930237 0.385185182094574 0.550000011920929 0.3870370388031006 0.5552083253860474 0.3870370388031006 0.5562499761581421 0.3888888955116272 0.5729166865348816 0.3888888955116272 0.5739583373069763 0.3907407522201538
1 0.621874988079071 0.364814817905426 0.621874988079071 0.36666667461395264 0.6260416507720947 0.36666667461395264 0.6270833611488342 0.36851853132247925 0.6260416507720947 0.37037035822868347 0.625 0.37037035822868347 0.6239583492279053 0.3722222149372101 0.6229166388511658 0.3722222149372101 0.6239583492279053 0.3722222149372101 0.625 0.37037035822868347 0.628125011920929 0.37037035822868347 0.6291666626930237 0.3722222149372101 0.6354166865348816 0.3722222149372101 0.6364583373069763 0.3740740716457367 0.6385416388511658 0.3740740716457367 0.6395833492279053 0.3722222149372101 0.637499988079071 0.3722222149372101 0.6343749761581421 0.36666667461395264 0.6322916746139526 0.36666667461395264 0.6312500238418579 0.364814817905426 0.6239583492279053 0.364814817905426 0.6229166388511658 0.36666667461395264
1 0.5614583492279053 0.3611111044883728 0.5635416507720947 0.364814817905426 0.565625011920929 0.364814817905426 0.5666666626930237 0.36666667461395264 0.5718749761581421 0.36666667461395264 0.5729166865348816 0.36851853132247925 0.5739583373069763 0.36851853132247925 0.5739583373069763 0.36666667461395264 0.574999988079071 0.364814817905426 0.5739583373069763 0.364814817905426 0.5729166865348816 0.3629629611968994 0.5697916746139526 0.3629629611968994 0.5687500238418579 0.3611111044883728
1 0.4906249940395355 0.3481481373310089 0.4937500059604645 0.35370370745658875 0.4937500059604645 0.35555556416511536 0.4947916567325592 0.35740742087364197 0.4947916567325592 0.3592592477798462 0.4958333373069763 0.3611111044883728 0.4958333373069763 0.3629629611968994 0.4989583194255829 0.3629629611968994 0.4989583194255829 0.3611111044883728 0.5 0.3592592477798462 0.5072916746139526 0.3592592477798462 0.5083333253860474 0.35740742087364197 0.5145833492279053 0.35740742087364197 0.515625 0.35555556416511536 0.5249999761581421 0.35555556416511536 0.5260416865348816 0.35370370745658875 0.528124988079071 0.35370370745658875 0.5239583253860474 0.35370370745658875 0.5229166746139526 0.35185185074806213 0.5177083611488342 0.35185185074806213 0.5166666507720947 0.3499999940395355 0.512499988079071 0.3499999940395355 0.5114583373069763 0.3481481373310089
1 0.19895833730697632 0.3611111044883728 0.19895833730697632 0.3592592477798462 0.19374999403953552 0.3499999940395355 0.19374999403953552 0.3481481373310089 0.17812499403953552 0.3481481373310089 0.1770833283662796 0.3499999940395355 0.15937499701976776 0.3499999940395355 0.15833333134651184 0.35185185074806213 0.14791665971279144 0.35185185074806213 0.14687499403953552 0.35370370745658875 0.1354166716337204 0.35370370745658875 0.13437500596046448 0.35185185074806213 0.13333334028720856 0.35185185074806213 0.13437500596046448 0.35370370745658875 0.13333334028720856 0.35555556416511536 0.12291666865348816 0.35555556416511536 0.14687499403953552 0.35555556416511536 0.14791665971279144 0.35370370745658875 0.14895834028720856 0.35555556416511536 0.18541666865348816 0.35555556416511536 0.18645833432674408 0.35370370745658875 0.19062499701976776 0.35370370745658875 0.19166666269302368 0.35555556416511536 0.19062499701976776 0.35740742087364197 0.18854166567325592 0.35740742087364197 0.18645833432674408 0.3611111044883728 0.1822916716337204 0.3611111044883728 0.1875 0.3611111044883728 0.18854166567325592 0.3592592477798462 0.19687500596046448 0.3592592477798462 0.1979166716337204 0.3611111044883728
1 0.6385416388511658 0.3629629611968994 0.6416666507720947 0.3629629611968994 0.6427083611488342 0.364814817905426 0.6458333134651184 0.3611111044883728 0.6479166746139526 0.3629629611968994 0.6499999761581421 0.3611111044883728 0.65625 0.3611111044883728 0.6572916507720947 0.3629629611968994 0.6781250238418579 0.3629629611968994 0.6791666746139526 0.364814817905426 0.684374988079071 0.364814817905426 0.6854166388511658 0.3629629611968994 0.6864583492279053 0.36851853132247925 0.684374988079071 0.37037035822868347 0.6864583492279053 0.37037035822868347 0.6927083134651184 0.37962964177131653 0.6958333253860474 0.37962964177131653 0.690625011920929 0.3722222149372101 0.6916666626930237 0.37037035822868347 0.6958333253860474 0.3722222149372101 0.6989583373069763 0.3777777850627899 0.703125 0.38148146867752075 0.7072916626930237 0.38148146867752075 0.7072916626930237 0.37962964177131653 0.7093750238418579 0.3777777850627899 0.7072916626930237 0.3740740716457367 0.7093750238418579 0.3722222149372101 0.7104166746139526 0.3740740716457367 0.7135416865348816 0.3740740716457367 0.7145833373069763 0.3759259283542633 0.7291666865348816 0.38148146867752075 0.7302083373069763 0.38333332538604736 0.7270833253860474 0.385185182094574 0.7270833253860474 0.3870370388031006 0.7333333492279053 0.3907407522201538 0.7364583611488342 0.3907407522201538 0.7416666746139526 0.39444443583488464 0.7562500238418579 0.39444443583488464 0.7520833611488342 0.39444443583488464 0.7489583492279053 0.3907407522201538 0.737500011920929 0.3870370388031006 0.7364583611488342 0.385185182094574 0.737500011920929 0.38333332538604736 0.7406250238418579 0.38333332538604736 0.7416666746139526 0.38148146867752075 0.7406250238418579 0.38333332538604736 0.7354166507720947 0.38333332538604736 0.734375 0.385185182094574 0.731249988079071 0.3777777850627899 0.7333333492279053 0.3759259283542633 0.7270833253860474 0.3759259283542633 0.7208333611488342 0.37037035822868347 0.71875 0.37037035822868347 0.7145833373069763 0.364814817905426 0.7114583253860474 0.364814817905426 0.7114583253860474 0.36851853132247925 0.715624988079071 0.3722222149372101 0.7145833373069763 0.3740740716457367 0.7114583253860474 0.3740740716457367 0.703125 0.36851853132247925 0.6989583373069763 0.36851853132247925 0.6979166865348816 0.37037035822868347 0.6968749761581421 0.36851853132247925 0.6916666626930237 0.36851853132247925 0.6895833611488342 0.3629629611968994 0.6791666746139526 0.3611111044883728 0.6739583611488342 0.35555556416511536 0.6708333492279053 0.35555556416511536 0.6697916388511658 0.35740742087364197 0.6635416746139526 0.35555556416511536 0.659375011920929 0.3499999940395355 0.65625 0.3499999940395355 0.653124988079071 0.3462963104248047 0.6510416865348816 0.3481481373310089 0.6520833373069763 0.3499999940395355 0.6489583253860474 0.35370370745658875 0.6468750238418579 0.3499999940395355 0.6395833492279053 0.35370370745658875 0.640625 0.3592592477798462
1 0.5625 0.34259259700775146 0.565625011920929 0.34259259700775146 0.5666666626930237 0.3444444537162781 0.565625011920929 0.3462963104248047 0.5770833492279053 0.3462963104248047 0.578125 0.3481481373310089 0.5770833492279053 0.3499999940395355 0.574999988079071 0.3499999940395355 0.5739583373069763 0.35185185074806213 0.5729166865348816 0.35185185074806213 0.5729166865348816 0.35370370745658875 0.5760416388511658 0.35370370745658875 0.5770833492279053 0.35555556416511536 0.581250011920929 0.35555556416511536 0.5822916626930237 0.35370370745658875 0.5833333134651184 0.35370370745658875 0.5843750238418579 0.35185185074806213 0.5854166746139526 0.35370370745658875 0.5895833373069763 0.35370370745658875 0.590624988079071 0.35185185074806213 0.5916666388511658 0.35370370745658875 0.5927083492279053 0.35185185074806213 0.59375 0.35370370745658875 0.5958333611488342 0.35370370745658875 0.5958333611488342 0.35185185074806213 0.5947916507720947 0.3499999940395355 0.5927083492279053 0.3499999940395355 0.5916666388511658 0.3481481373310089 0.5927083492279053 0.3462963104248047 0.6010416746139526 0.3462963104248047 0.59375 0.3462963104248047 0.5927083492279053 0.3444444537162781 0.5843750238418579 0.3444444537162781 0.5833333134651184 0.34259259700775146 0.5791666507720947 0.34259259700775146 0.578125 0.3444444537162781 0.5760416388511658 0.3444444537162781 0.574999988079071 0.34259259700775146
1 0.0833333358168602 0.3444444537162781 0.08229167014360428 0.34259259700775146 0.08229167014360428 0.34074074029922485 0.07708333432674408 0.34074074029922485 0.07395832985639572 0.33703702688217163 0.06354166567325592 0.33703702688217163 0.0625 0.33888888359069824 0.03854166716337204 0.33888888359069824 0.03750000149011612 0.34074074029922485 0.0364583320915699 0.34074074029922485 0.03541666641831398 0.33888888359069824 0.03437500074505806 0.34074074029922485 0.01666666753590107 0.34074074029922485 0.015625 0.33888888359069824 0.014583333395421505 0.33888888359069824 0.01354166679084301 0.34074074029922485 0.0072916666977107525 0.34074074029922485 0.0062500000931322575 0.33888888359069824 0.0 0.33888888359069824 0.0 0.3462963104248047 0.0062500000931322575 0.3462963104248047 0.0072916666977107525 0.3444444537162781 0.008333333767950535 0.3444444537162781 0.01145833358168602 0.3481481373310089 0.010416666977107525 0.3499999940395355 0.0062500000931322575 0.3499999940395355 0.0052083334885537624 0.35185185074806213 0.0 0.35185185074806213 0.0 0.35370370745658875 0.0010416667209938169 0.35370370745658875 0.0020833334419876337 0.35185185074806213 0.0052083334885537624 0.35185185074806213 0.0062500000931322575 0.3499999940395355 0.02500000037252903 0.3499999940395355 0.02604166604578495 0.35185185074806213 0.02812499925494194 0.35185185074806213 0.02916666679084301 0.3499999940395355 0.04479166492819786 0.3499999940395355 0.04583333432674408 0.3481481373310089 0.06145833432674408 0.3481481373310089 0.0625 0.3462963104248047 0.07500000298023224 0.3462963104248047 0.07604166865348816 0.3444444537162781
1 0.4697916805744171 0.34259259700775146 0.453125 0.34074074029922485 0.4385416805744171 0.3499999940395355 0.4260416626930237 0.33703702688217163 0.421875 0.33888888359069824 0.4322916567325592 0.34259259700775146 0.41979166865348816 0.3499999940395355 0.4010416567325592 0.3351851999759674 0.2854166626930237 0.33888888359069824 0.2906250059604645 0.3462963104248047 0.27812498807907104 0.3499999940395355 0.3187499940395355 0.35555556416511536 0.30937498807907104 0.3611111044883728 0.3177083432674408 0.3611111044883728 0.3166666626930237 0.36851853132247925 0.2708333432674408 0.3592592477798462 0.21250000596046448 0.36851853132247925 0.16979166865348816 0.364814817905426 0.18020834028720856 0.3629629611968994 0.05937499925494194 0.36851853132247925 0.06145833432674408 0.3740740716457367 0.0 0.37962964177131653 0.015625 0.385185182094574 0.0062500000931322575 0.3870370388031006 0.014583333395421505 0.3907407522201538 0.0 0.3888888955116272 0.0 0.39629629254341125 0.18125000596046448 0.38333332538604736 0.22083333134651184 0.3888888955116272 0.22499999403953552 0.3777777850627899 0.28125 0.37962964177131653 0.30000001192092896 0.3722222149372101 0.32499998807907104 0.3740740716457367 0.32499998807907104 0.36851853132247925 0.3322916626930237 0.36666667461395264 0.35104167461395264 0.36851853132247925 0.33541667461395264 0.3611111044883728 0.3499999940395355 0.35370370745658875 0.39895832538604736 0.35740742087364197 0.4375 0.35185185074806213 0.4541666805744171 0.35740742087364197
1 0.6468750238418579 0.3314814865589142 0.6458333134651184 0.3296296298503876 0.6447916626930237 0.3296296298503876 0.643750011920929 0.3314814865589142 0.6427083611488342 0.3314814865589142 0.6416666507720947 0.3333333432674408 0.640625 0.3333333432674408 0.637499988079071 0.33888888359069824 0.6364583373069763 0.33703702688217163 0.6302083134651184 0.33703702688217163 0.6291666626930237 0.33888888359069824 0.628125011920929 0.33703702688217163 0.6270833611488342 0.33703702688217163 0.6260416507720947 0.33888888359069824 0.6197916865348816 0.33888888359069824 0.6187499761581421 0.34074074029922485 0.606249988079071 0.34074074029922485 0.6083333492279053 0.34074074029922485 0.609375 0.34259259700775146 0.628125011920929 0.34259259700775146 0.6291666626930237 0.34074074029922485 0.6312500238418579 0.34074074029922485 0.6322916746139526 0.33888888359069824 0.6395833492279053 0.33888888359069824 0.640625 0.33703702688217163 0.6447916626930237 0.33703702688217163 0.6458333134651184 0.3351851999759674 0.6458333134651184 0.3333333432674408
1 0.6677083373069763 0.3333333432674408 0.6770833134651184 0.3333333432674408 0.7197916507720947 0.35370370745658875 0.7281249761581421 0.364814817905426 0.737500011920929 0.36851853132247925 0.7385416626930237 0.364814817905426 0.7510416507720947 0.364814817905426 0.7729166746139526 0.3722222149372101 0.7947916388511658 0.37037035822868347 0.8145833611488342 0.37962964177131653 0.8500000238418579 0.385185182094574 0.8479166626930237 0.3888888955116272 0.8656250238418579 0.3907407522201538 0.878125011920929 0.39814814925193787 0.8843749761581421 0.39814814925193787 0.887499988079071 0.39259257912635803 0.8802083134651184 0.3907407522201538 0.8916666507720947 0.385185182094574 0.9020833373069763 0.3907407522201538 0.8999999761581421 0.3870370388031006 0.9072916507720947 0.38148146867752075 0.9364583492279053 0.39814814925193787 0.965624988079071 0.39814814925193787 0.9791666865348816 0.4055555462837219 0.9833333492279053 0.4000000059604645 0.9989583492279053 0.4000000059604645 0.9989583492279053 0.3499999940395355 0.9489583373069763 0.34074074029922485 0.9302083253860474 0.3333333432674408 0.9156249761581421 0.3333333432674408 0.8833333253860474 0.32407405972480774 0.8229166865348816 0.3185185194015503
2 0.3791666626930237 0.6814814805984497 0.3791666626930237 0.6851851940155029 0.3812499940395355 0.6888889074325562 0.3802083432674408 0.6907407641410828 0.3791666626930237 0.6907407641410828 0.37812501192092896 0.6925926208496094 0.37708333134651184 0.6925926208496094 0.37812501192092896 0.6944444179534912 0.3802083432674408 0.6944444179534912 0.3812499940395355 0.6925926208496094 0.38229167461395264 0.6925926208496094 0.38333332538604736 0.6944444179534912 0.38229167461395264 0.6962962746620178 0.38229167461395264 0.699999988079071 0.3812499940395355 0.7018518447875977 0.3812499940395355 0.7037037014961243 0.38333332538604736 0.7037037014961243 0.3843750059604645 0.7055555582046509 0.38333332538604736 0.7074074149131775 0.38333332538604736 0.7092592716217041 0.3843750059604645 0.7111111283302307 0.3843750059604645 0.7185184955596924 0.3854166567325592 0.720370352268219 0.3854166567325592 0.7240740656852722 0.3864583373069763 0.7259259223937988 0.3864583373069763 0.7277777791023254 0.38749998807907104 0.729629635810852 0.38749998807907104 0.7314814925193787 0.38854166865348816 0.7333333492279053 0.38854166865348816 0.7407407164573669 0.3895833194255829 0.7425925731658936 0.3895833194255829 0.75 0.390625 0.75 0.3916666805744171 0.7518518567085266 0.39270833134651184 0.7518518567085266 0.39375001192092896 0.7537037134170532 0.3968749940395355 0.7537037134170532 0.39791667461395264 0.7555555701255798 0.3916666805744171 0.7444444298744202 0.3916666805744171 0.7425925731658936 0.3895833194255829 0.7388888597488403 0.3895833194255829 0.7333333492279053 0.390625 0.7314814925193787 0.390625 0.7259259223937988 0.3916666805744171 0.7240740656852722 0.3916666805744171 0.720370352268219 0.39270833134651184 0.7185184955596924 0.39270833134651184 0.7166666388511658 0.3916666805744171 0.7148148417472839 0.3916666805744171 0.7092592716217041 0.3895833194255829 0.7055555582046509 0.3895833194255829 0.7037037014961243 0.39375001192092896 0.6962962746620178 0.39375001192092896 0.6925926208496094 0.3916666805744171 0.6888889074325562 0.38854166865348816 0.6888889074325562 0.38749998807907104 0.6870370507240295 0.38749998807907104 0.6851851940155029 0.3864583373069763 0.6833333373069763 0.3864583373069763 0.6796296238899231 0.38333332538604736 0.6796296238899231 0.38229167461395264 0.6814814805984497
2 0.31562501192092896 0.5981481671333313 0.3177083432674408 0.5962963104248047 0.3218750059604645 0.5962963104248047 0.3229166567325592 0.5944444537162781 0.328125 0.5944444537162781 0.3291666805744171 0.5925925970077515 0.34062498807907104 0.5907407402992249 0.34166666865348816 0.5925925970077515 0.3385416567325592 0.5962963104248047 0.3385416567325592 0.6000000238418579 0.34166666865348816 0.6000000238418579 0.3427083194255829 0.5981481671333313 0.34583333134651184 0.6018518805503845 0.35208332538604736 0.6018518805503845 0.3531250059604645 0.6037036776542664 0.3583333194255829 0.6037036776542664 0.359375 0.605555534362793 0.3635416626930237 0.605555534362793 0.3645833432674408 0.6074073910713196 0.37291666865348816 0.6074073910713196 0.37812501192092896 0.6129629611968994 0.3812499940395355 0.6129629611968994 0.38333332538604736 0.6166666746139526 0.38854166865348816 0.6166666746139526 0.3895833194255829 0.6185185313224792 0.3895833194255829 0.614814817905426 0.39270833134651184 0.6092592477798462 0.39270833134651184 0.6018518805503845 0.3947916626930237 0.5962963104248047 0.4000000059604645 0.5962963104248047 0.4010416567325592 0.5981481671333313 0.40416666865348816 0.5981481671333313 0.4020833373069763 0.5981481671333313 0.4010416567325592 0.5962963104248047 0.40937501192092896 0.5888888835906982 0.40937501192092896 0.5870370268821716 0.4072916805744171 0.5870370268821716 0.40625 0.585185170173645 0.4010416567325592 0.5907407402992249 0.39895832538604736 0.5907407402992249 0.3968749940395355 0.5870370268821716 0.4000000059604645 0.5833333134651184 0.4000000059604645 0.5796296000480652 0.3968749940395355 0.5796296000480652 0.3958333432674408 0.5777778029441833 0.39791667461395264 0.5759259462356567 0.39895832538604736 0.5703703761100769 0.3958333432674408 0.5666666626930237 0.3947916626930237 0.5685185194015503 0.390625 0.5685185194015503 0.3864583373069763 0.5648148059844971 0.3854166567325592 0.5666666626930237 0.3812499940395355 0.5666666626930237 0.3802083432674408 0.5648148059844971 0.3802083432674408 0.5592592358589172 0.3812499940395355 0.5574073791503906 0.3802083432674408 0.5574073791503906 0.37812501192092896 0.5518518686294556 0.37708333134651184 0.5537037253379822 0.37291666865348816 0.5537037253379822 0.3708333373069763 0.550000011920929 0.36770832538604736 0.550000011920929 0.36666667461395264 0.5518518686294556 0.36250001192092896 0.5537037253379822 0.36145833134651184 0.5518518686294556 0.359375 0.5518518686294556 0.35624998807907104 0.5444444417953491 0.3479166626930237 0.5407407283782959
2 0.16249999403953552 0.46481481194496155 0.14687499403953552 0.46481481194496155 0.1458333283662796 0.46296295523643494 0.14374999701976776 0.46481481194496155 0.14166666567325592 0.46296295523643494 0.13645833730697632 0.46481481194496155 0.1354166716337204 0.46296295523643494 0.13645833730697632 0.46481481194496155 0.1354166716337204 0.46666666865348816 0.13229165971279144 0.46481481194496155 0.13124999403953552 0.46666666865348816 0.11145833134651184 0.46666666865348816 0.11041666567325592 0.46851852536201477 0.07708333432674408 0.46851852536201477 0.07604166865348816 0.4703703820705414 0.0729166641831398 0.46851852536201477 0.07187499850988388 0.4703703820705414 0.0416666679084301 0.4703703820705414 0.04062499850988388 0.4722222089767456 0.0 0.4722222089767456 0.0 0.5074074268341064 0.0072916666977107525 0.5055555701255798 0.012500000186264515 0.5018518567085266 0.02395833283662796 0.5 0.02500000037252903 0.4981481432914734 0.03333333507180214 0.4981481432914734 0.03437500074505806 0.4962962865829468 0.0416666679084301 0.4962962865829468 0.04270833358168602 0.49444442987442017 0.05104166641831398 0.49444442987442017 0.0520833320915699 0.49259260296821594 0.07604166865348816 0.4888888895511627 0.08229167014360428 0.4851851761341095 0.10000000149011612 0.4833333194255829 0.10104166716337204 0.48148149251937866 0.10625000298023224 0.48148149251937866 0.10729166865348816 0.47962963581085205 0.11666666716337204 0.47777777910232544 0.12708333134651184 0.4722222089767456 0.13229165971279144 0.4722222089767456 0.13750000298023224 0.46666666865348816 0.13854166865348816 0.46851852536201477 0.1458333283662796 0.46851852536201477 0.14687499403953552 0.46666666865348816
2 0.703125 0.4592592716217041 0.7041666507720947 0.4611110985279083 0.7114583253860474 0.4611110985279083 0.7124999761581421 0.4592592716217041 0.7145833373069763 0.4592592716217041 0.715624988079071 0.4574074149131775 0.71875 0.4574074149131775 0.7197916507720947 0.4592592716217041 0.7197916507720947 0.4611110985279083 0.721875011920929 0.4611110985279083 0.7229166626930237 0.46296295523643494 0.7239583134651184 0.4611110985279083 0.7281249761581421 0.4611110985279083 0.7291666865348816 0.4592592716217041 0.731249988079071 0.4592592716217041 0.7302083373069763 0.4574074149131775 0.7302083373069763 0.4555555582046509 0.731249988079071 0.45370370149612427 0.737500011920929 0.45370370149612427 0.737500011920929 0.45185184478759766 0.7364583611488342 0.45185184478759766 0.7354166507720947 0.44999998807907104 0.7302083373069763 0.44999998807907104 0.7291666865348816 0.4481481611728668 0.7250000238418579 0.4481481611728668 0.7239583134651184 0.4462963044643402 0.7208333611488342 0.4462963044643402 0.7197916507720947 0.4444444477558136 0.715624988079071 0.4444444477558136 0.7145833373069763 0.442592591047287 0.7104166746139526 0.442592591047287 0.7093750238418579 0.4407407343387604 0.7083333134651184 0.4407407343387604 0.7093750238418579 0.442592591047287 0.7093750238418579 0.4444444477558136 0.7083333134651184 0.4462963044643402 0.7093750238418579 0.4481481611728668 0.7093750238418579 0.44999998807907104 0.7072916626930237 0.45370370149612427 0.7072916626930237 0.4574074149131775 0.706250011920929 0.4592592716217041
2 0.4104166626930237 0.3870370388031006 0.39791667461395264 0.38333332538604736 0.3489583432674408 0.3888888955116272 0.3479166626930237 0.385185182094574 0.3447916805744171 0.3907407522201538 0.328125 0.39629629254341125 0.3010416626930237 0.39444443583488464 0.3083333373069763 0.39814814925193787 0.3010416626930237 0.4018518626689911 0.296875 0.39814814925193787 0.265625 0.4018518626689911 0.25833332538604736 0.39259257912635803 0.0 0.41111111640930176 0.0 0.4314814805984497 0.06979166716337204 0.43703705072402954 0.12187500298023224 0.4277777671813965 0.17916665971279144 0.40925925970077515 0.23020833730697632 0.4055555462837219 0.2593750059604645 0.4148148000240326 0.2614583373069763 0.42222222685813904 0.2906250059604645 0.42407408356666565 0.2916666567325592 0.4333333373069763 0.2864583432674408 0.43888887763023376 0.29895833134651184 0.43888887763023376 0.3031249940395355 0.4296296238899231 0.3229166567325592 0.4203703701496124 0.3229166567325592 0.4166666567325592 0.30520832538604736 0.41296297311782837 0.31041666865348816 0.4055555462837219 0.34687501192092896 0.39444443583488464 0.36770832538604736 0.39629629254341125 0.3812499940395355 0.3888888955116272
2 0.6020833253860474 0.3722222149372101 0.6031249761581421 0.3740740716457367 0.6052083373069763 0.3740740716457367 0.606249988079071 0.3759259283542633 0.6156250238418579 0.3759259283542633 0.6166666746139526 0.3777777850627899 0.6291666626930237 0.3777777850627899 0.6302083134651184 0.37962964177131653 0.6520833373069763 0.37962964177131653 0.653124988079071 0.38148146867752075 0.65625 0.38148146867752075 0.6572916507720947 0.37962964177131653 0.6583333611488342 0.38148146867752075 0.659375011920929 0.38148146867752075 0.6604166626930237 0.37962964177131653 0.6614583134651184 0.37962964177131653 0.6625000238418579 0.38148146867752075 0.6677083373069763 0.38148146867752075 0.668749988079071 0.38333332538604736 0.6770833134651184 0.38333332538604736 0.671875 0.38333332538604736 0.6708333492279053 0.38148146867752075 0.6666666865348816 0.38148146867752075 0.6656249761581421 0.37962964177131653 0.6583333611488342 0.37962964177131653 0.6572916507720947 0.3777777850627899 0.6458333134651184 0.3777777850627899 0.6447916626930237 0.3759259283542633 0.6364583373069763 0.3759259283542633 0.6354166865348816 0.3740740716457367 0.6291666626930237 0.3740740716457367 0.628125011920929 0.3722222149372101 0.625 0.3722222149372101 0.6239583492279053 0.3740740716457367 0.6072916388511658 0.3740740716457367 0.606249988079071 0.3722222149372101
3 0.9145833253860474 0.635185182094574 0.9177083373069763 0.6407407522201538 0.918749988079071 0.6407407522201538 0.9197916388511658 0.6425926089286804 0.9208333492279053 0.6425926089286804 0.921875 0.644444465637207 0.9229166507720947 0.644444465637207 0.9239583611488342 0.6462963223457336 0.925000011920929 0.6462963223457336 0.9260416626930237 0.6481481194496155 0.9270833134651184 0.6481481194496155 0.9281250238418579 0.6499999761581421 0.9291666746139526 0.6499999761581421 0.9302083253860474 0.6518518328666687 0.9322916865348816 0.6518518328666687 0.9333333373069763 0.6537036895751953 0.9364583492279053 0.6537036895751953 0.9375 0.6555555462837219 0.940625011920929 0.6555555462837219 0.9416666626930237 0.6574074029922485 0.9447916746139526 0.6574074029922485 0.9458333253860474 0.6592592597007751 0.9614583253860474 0.6592592597007751 0.9624999761581421 0.6574074029922485 0.9739583134651184 0.6574074029922485 0.9750000238418579 0.6555555462837219 0.9729166626930237 0.6518518328666687 0.971875011920929 0.6518518328666687 0.9708333611488342 0.6499999761581421 0.96875 0.6499999761581421 0.9677083492279053 0.6481481194496155 0.9666666388511658 0.6481481194496155 0.965624988079071 0.6462963223457336 0.9635416865348816 0.6462963223457336 0.9624999761581421 0.644444465637207 0.9614583253860474 0.644444465637207 0.9604166746139526 0.6425926089286804 0.9593750238418579 0.6425926089286804 0.9583333134651184 0.6407407522201538 0.956250011920929 0.6407407522201538 0.9552083611488342 0.6388888955116272 0.953125 0.6388888955116272 0.9520833492279053 0.6370370388031006 0.9489583373069763 0.6370370388031006 0.9479166865348816 0.635185182094574 0.9447916746139526 0.635185182094574 0.9437500238418579 0.6333333253860474 0.940625011920929 0.6333333253860474 0.9395833611488342 0.6314814686775208 0.934374988079071 0.6314814686775208 0.9333333373069763 0.6296296119689941 0.918749988079071 0.6296296119689941 0.9177083373069763 0.6314814686775208 0.9166666865348816 0.6314814686775208
3 0.7989583611488342 0.6203703880310059 0.8010416626930237 0.6296296119689941 0.8062499761581421 0.6388888955116272 0.8229166865348816 0.6592592597007751 0.824999988079071 0.6592592597007751 0.8291666507720947 0.664814829826355 0.8343750238418579 0.6666666865348816 0.8364583253860474 0.6703703999519348 0.8583333492279053 0.6833333373069763 0.8635416626930237 0.6833333373069763 0.8645833134651184 0.6851851940155029 0.8677083253860474 0.6833333373069763 0.875 0.6870370507240295 0.8822916746139526 0.6870370507240295 0.887499988079071 0.6925926208496094 0.8979166746139526 0.6944444179534912 0.8989583253860474 0.6962962746620178 0.909375011920929 0.6962962746620178 0.9104166626930237 0.6981481313705444 0.9239583611488342 0.6962962746620178 0.9281250238418579 0.6925926208496094 0.9364583492279053 0.6907407641410828 0.9375 0.6870370507240295 0.9416666626930237 0.6870370507240295 0.9427083134651184 0.6851851940155029 0.9458333253860474 0.6888889074325562 0.9489583373069763 0.6888889074325562 0.953125 0.6925926208496094 0.9572916626930237 0.6907407641410828 0.9593750238418579 0.6870370507240295 0.96875 0.6851851940155029 0.9114583134651184 0.6537036895751953 0.8552083373069763 0.6296296119689941 0.8520833253860474 0.6259258985519409 0.8489583134651184 0.6259258985519409 0.8447916507720947 0.6222222447395325 0.828125 0.614814817905426 0.809374988079071 0.6129629611968994 0.8083333373069763 0.614814817905426 0.8031250238418579 0.614814817905426
3 0.5458333492279053 0.5074074268341064 0.550000011920929 0.5148147940635681 0.5489583611488342 0.5166666507720947 0.5541666746139526 0.5222222208976746 0.5572916865348816 0.5222222208976746 0.5614583492279053 0.5185185074806213 0.5625 0.5148147940635681 0.5687500238418579 0.5148147940635681 0.5760416388511658 0.520370364189148 0.5833333134651184 0.5314815044403076 0.581250011920929 0.5351851582527161 0.590624988079071 0.5481481552124023 0.5895833373069763 0.550000011920929 0.590624988079071 0.5518518686294556 0.6020833253860474 0.5518518686294556 0.6104166507720947 0.5592592358589172 0.6239583492279053 0.5592592358589172 0.628125011920929 0.5555555820465088 0.6322916746139526 0.5555555820465088 0.6364583373069763 0.550000011920929 0.643750011920929 0.5481481552124023 0.6364583373069763 0.5444444417953491 0.6343749761581421 0.5407407283782959 0.637499988079071 0.5370370149612427 0.6395833492279053 0.5370370149612427 0.640625 0.5407407283782959 0.6458333134651184 0.5425925850868225 0.6458333134651184 0.5388888716697693 0.6427083611488342 0.5351851582527161 0.6229166388511658 0.5277777910232544 0.6187499761581421 0.5240740776062012 0.6385416388511658 0.4981481432914734 0.6291666626930237 0.4962962865829468 0.625 0.5 0.6135416626930237 0.5 0.612500011920929 0.4981481432914734 0.6000000238418579 0.5 0.5989583134651184 0.4981481432914734 0.5864583253860474 0.4981481432914734 0.5739583373069763 0.4888888895511627 0.565625011920929 0.49074074625968933 0.5541666746139526 0.4870370328426361 0.5531250238418579 0.49259260296821594 0.5697916746139526 0.4962962865829468 0.5833333134651184 0.5055555701255798 0.5854166746139526 0.5092592835426331 0.5833333134651184 0.5111111402511597 0.5885416865348816 0.5092592835426331 0.5958333611488342 0.5148147940635681 0.5947916507720947 0.5222222208976746 0.5874999761581421 0.5222222208976746 0.5864583253860474 0.5240740776062012 0.5791666507720947 0.5222222208976746 0.578125 0.520370364189148 0.5802083611488342 0.5166666507720947 0.574999988079071 0.5092592835426331 0.5729166865348816 0.5092592835426331 0.5687500238418579 0.5148147940635681 0.565625011920929 0.5111111402511597 0.5666666626930237 0.5092592835426331 0.565625011920929 0.5074074268341064 0.5625 0.5074074268341064 0.5583333373069763 0.5037037134170532 0.5489583611488342 0.5037037134170532
3 0.8052083253860474 0.4444444477558136 0.8072916865348816 0.4444444477558136 0.8083333373069763 0.4462963044643402 0.8104166388511658 0.4462963044643402 0.8114583492279053 0.4481481611728668 0.8270833492279053 0.4481481611728668 0.828125 0.44999998807907104 0.8354166746139526 0.44999998807907104 0.8364583253860474 0.45185184478759766 0.8427083492279053 0.45185184478759766 0.8385416865348816 0.45185184478759766 0.8374999761581421 0.44999998807907104 0.831250011920929 0.44999998807907104 0.8302083611488342 0.4481481611728668 0.8218749761581421 0.4481481611728668 0.8208333253860474 0.4462963044643402 0.8145833611488342 0.4462963044643402 0.8135416507720947 0.4444444477558136
3 0.918749988079071 0.4333333373069763 0.9239583611488342 0.43518519401550293 0.9260416626930237 0.43888887763023376 0.9281250238418579 0.43888887763023376 0.9322916865348816 0.4444444477558136 0.9364583492279053 0.4462963044643402 0.9552083611488342 0.46296295523643494 0.9583333134651184 0.46296295523643494 0.9593750238418579 0.46481481194496155 0.9604166746139526 0.46296295523643494 0.9697916507720947 0.4611110985279083 0.9708333611488342 0.46296295523643494 0.9739583134651184 0.46296295523643494 0.9750000238418579 0.46481481194496155 0.9791666865348816 0.46481481194496155 0.981249988079071 0.46851852536201477 0.981249988079071 0.4703703820705414 0.9802083373069763 0.4722222089767456 0.9729166626930237 0.4722222089767456 0.9770833253860474 0.4740740656852722 0.9781249761581421 0.47592592239379883 0.9770833253860474 0.47777777910232544 0.9750000238418579 0.47777777910232544 0.9854166507720947 0.47777777910232544 0.9864583611488342 0.47962963581085205 0.9895833134651184 0.47962963581085205 0.9937499761581421 0.4851851761341095 0.9927083253860474 0.4870370328426361 0.9895833134651184 0.4870370328426361 0.984375 0.48148149251937866 0.9791666865348816 0.48148149251937866 0.9854166507720947 0.4833333194255829 0.9895833134651184 0.4870370328426361 0.9947916865348816 0.4870370328426361 0.9958333373069763 0.4888888895511627 0.996874988079071 0.4870370328426361 0.9989583492279053 0.4888888895511627 0.9989583492279053 0.45185184478759766 0.9791666865348816 0.44999998807907104 0.9781249761581421 0.4481481611728668 0.9708333611488342 0.4481481611728668 0.9697916507720947 0.4462963044643402 0.9593750238418579 0.4462963044643402 0.9583333134651184 0.4481481611728668 0.956250011920929 0.4481481611728668 0.9552083611488342 0.4462963044643402 0.9520833492279053 0.4462963044643402 0.9510416388511658 0.4444444477558136 0.9437500238418579 0.4444444477558136 0.9427083134651184 0.442592591047287 0.9385416507720947 0.442592591047287 0.9375 0.4407407343387604 0.9322916865348816 0.4407407343387604 0.9312499761581421 0.43888887763023376 0.9291666746139526 0.43888887763023376 0.925000011920929 0.43518519401550293
3 0.4312500059604645 0.38333332538604736 0.4312500059604645 0.3870370388031006 0.4322916567325592 0.3888888955116272 0.4322916567325592 0.39259257912635803 0.4333333373069763 0.39444443583488464 0.44062501192092896 0.39444443583488464 0.4437499940395355 0.3907407522201538 0.44999998807907104 0.3907407522201538 0.45104166865348816 0.39259257912635803 0.4541666805744171 0.39259257912635803 0.4572916626930237 0.39814814925193787 0.45625001192092896 0.4000000059604645 0.46145832538604736 0.4000000059604645 0.4645833373069763 0.4037036895751953 0.4677083194255829 0.4037036895751953 0.46875 0.4055555462837219 0.4729166626930237 0.4055555462837219 0.4739583432674408 0.4037036895751953 0.4833333194255829 0.4037036895751953 0.484375 0.4055555462837219 0.48645833134651184 0.4055555462837219 0.4885416626930237 0.40925925970077515 0.4895833432674408 0.40925925970077515 0.49270832538604736 0.41296297311782837 0.4989583194255829 0.41296297311782837 0.5010416507720947 0.40925925970077515 0.5020833611488342 0.41111111640930176 0.5041666626930237 0.41111111640930176 0.5072916746139526 0.40740740299224854 0.5072916746139526 0.4037036895751953 0.5062500238418579 0.4018518626689911 0.5052083134651184 0.39629629254341125 0.503125011920929 0.39259257912635803 0.503125011920929 0.3907407522201538 0.5020833611488342 0.3888888955116272 0.5020833611488342 0.38333332538604736 0.4989583194255829 0.3777777850627899 0.49791666865348816 0.3722222149372101 0.4958333373069763 0.36851853132247925 0.4958333373069763 0.364814817905426 0.4947916567325592 0.3629629611968994 0.49270832538604736 0.35370370745658875 0.4895833432674408 0.3481481373310089 0.48750001192092896 0.3481481373310089 0.48645833134651184 0.3462963104248047 0.4833333194255829 0.3462963104248047 0.48229166865348816 0.3481481373310089 0.4791666567325592 0.3481481373310089 0.4781250059604645 0.3462963104248047 0.4749999940395355 0.3462963104248047 0.4739583432674408 0.3481481373310089 0.4729166626930237 0.3481481373310089 0.47187501192092896 0.3462963104248047 0.4677083194255829 0.3462963104248047 0.4645833373069763 0.3499999940395355 0.4593749940395355 0.35185185074806213 0.4593749940395355 0.35370370745658875 0.4583333432674408 0.35555556416511536 0.4572916626930237 0.35555556416511536 0.4541666805744171 0.3592592477798462 0.4520833194255829 0.3592592477798462 0.45104166865348816 0.3611111044883728 0.44999998807907104 0.3611111044883728 0.4479166567325592 0.364814817905426 0.4468750059604645 0.364814817905426 0.44583332538604736 0.3629629611968994 0.4437499940395355 0.36666667461395264 0.4427083432674408 0.364814817905426 0.4416666626930237 0.36666667461395264 0.43958333134651184 0.36666667461395264 0.4385416805744171 0.36851853132247925 0.4375 0.36851853132247925 0.4333333373069763 0.3759259283542633 0.4322916567325592 0.3759259283542633 0.4322916567325592 0.38148146867752075
3 0.5416666865348816 0.33888888359069824 0.5416666865348816 0.34074074029922485 0.5614583492279053 0.34074074029922485 0.5572916865348816 0.34074074029922485 0.5562499761581421 0.33888888359069824 0.5531250238418579 0.33888888359069824 0.5520833134651184 0.33703702688217163 0.5489583611488342 0.33703702688217163 0.5479166507720947 0.3351851999759674 0.5447916388511658 0.3351851999759674 0.543749988079071 0.33703702688217163 0.5427083373069763 0.33703702688217163
4 0.296875 0.36666667461395264 0.3166666626930237 0.36666667461395264 0.3177083432674408 0.364814817905426 0.3177083432674408 0.3629629611968994 0.3062500059604645 0.3629629611968994 0.30520832538604736 0.364814817905426 0.2979166805744171 0.364814817905426
4 0.45104166865348816 0.3592592477798462 0.4416666626930237 0.3592592477798462 0.4375 0.35370370745658875 0.4364583194255829 0.35555556416511536 0.4333333373069763 0.35555556416511536 0.4322916567325592 0.35370370745658875 0.421875 0.35370370745658875 0.4208333194255829 0.35555556416511536 0.4104166626930237 0.35555556416511536 0.40937501192092896 0.35740742087364197 0.4000000059604645 0.35740742087364197 0.39895832538604736 0.3592592477798462 0.39791667461395264 0.35740742087364197 0.39270833134651184 0.35740742087364197 0.3916666805744171 0.3592592477798462 0.390625 0.35740742087364197 0.3854166567325592 0.35740742087364197 0.3843750059604645 0.3592592477798462 0.38229167461395264 0.3592592477798462 0.3812499940395355 0.35740742087364197 0.3802083432674408 0.3592592477798462 0.3760416805744171 0.3592592477798462 0.37291666865348816 0.35555556416511536 0.37187498807907104 0.35740742087364197 0.3708333373069763 0.35555556416511536 0.3541666567325592 0.35555556416511536 0.3531250059604645 0.35740742087364197 0.35104167461395264 0.35740742087364197 0.3499999940395355 0.35555556416511536 0.3489583432674408 0.35740742087364197 0.34583333134651184 0.35740742087364197 0.3447916805744171 0.3592592477798462 0.3395833373069763 0.3592592477798462 0.3385416567325592 0.3611111044883728 0.33645832538604736 0.3611111044883728 0.3395833373069763 0.3611111044883728 0.34062498807907104 0.3629629611968994 0.34687501192092896 0.3629629611968994 0.3479166626930237 0.364814817905426 0.3552083373069763 0.364814817905426 0.35624998807907104 0.36666667461395264 0.3697916567325592 0.36666667461395264 0.3708333373069763 0.364814817905426 0.3947916626930237 0.364814817905426 0.39791667461395264 0.36851853132247925 0.39895832538604736 0.36666667461395264 0.4020833373069763 0.36851853132247925 0.40312498807907104 0.36666667461395264 0.4124999940395355 0.36666667461395264 0.41354167461395264 0.364814817905426 0.4260416626930237 0.364814817905426 0.4270833432674408 0.3629629611968994 0.43437498807907104 0.3629629611968994 0.43541666865348816 0.3611111044883728 0.4489583373069763 0.3611111044883728
