0 0.6260416507720947 0.3740740716457367 0.7489583492279053 0.39814814925193787 0.8229166865348816 0.4018518626689911 0.9104166626930237 0.4314814805984497 0.8979166746139526 0.43518519401550293 0.7281249761581421 0.4000000059604645 0.6885416507720947 0.41296297311782837 0.643750011920929 0.41296297311782837 0.703125 0.4166666567325592 0.699999988079071 0.4203703701496124 0.9989583492279053 0.5814814567565918 0.9989583492279053 0.49444442987442017 0.956250011920929 0.46851852536201477 0.9635416865348816 0.4592592716217041 0.9989583492279053 0.46296295523643494 0.9979166388511658 0.42407408356666565 0.8802083134651184 0.39259257912635803 0.8385416865348816 0.39629629254341125
0 0.0 0.3907407522201538 0.0010416667209938169 0.3907407522201538 0.0020833334419876337 0.39259257912635803 0.0052083334885537624 0.39259257912635803 0.0062500000931322575 0.3907407522201538 0.015625 0.3907407522201538 0.01666666753590107 0.3888888955116272 0.02187499962747097 0.3888888955116272 0.02291666716337204 0.3870370388031006 0.02500000037252903 0.3870370388031006 0.02395833283662796 0.3870370388031006 0.02291666716337204 0.385185182094574 0.02500000037252903 0.38148146867752075 0.02604166604578495 0.38333332538604736 0.02708333358168602 0.38333332538604736 0.03020833246409893 0.37962964177131653 0.03958333283662796 0.37962964177131653 0.04062499850988388 0.3777777850627899 0.04583333432674408 0.3777777850627899 0.046875 0.3759259283542633 0.05416666716337204 0.3759259283542633 0.05520833283662796 0.3740740716457367 0.0625 0.3740740716457367 0.06354166567325592 0.3722222149372101 0.06875000149011612 0.3722222149372101 0.06041666492819786 0.3722222149372101 0.05937499925494194 0.3740740716457367 0.05000000074505806 0.3740740716457367 0.046875 0.37037035822868347 0.04374999925494194 0.37037035822868347 0.04270833358168602 0.3722222149372101 0.02812499925494194 0.3722222149372101 0.02708333358168602 0.3740740716457367 0.02083333395421505 0.3740740716457367 0.01979166641831398 0.3722222149372101 0.01770833320915699 0.3722222149372101 0.014583333395421505 0.36851853132247925 0.01354166679084301 0.37037035822868347 0.0052083334885537624 0.37037035822868347 0.004166666883975267 0.3722222149372101 0.0 0.3722222149372101
0 0.13124999403953552 0.3592592477798462 0.1302083283662796 0.3592592477798462 0.12916666269302368 0.35740742087364197 0.125 0.35740742087364197 0.12395833432674408 0.35555556416511536 0.125 0.35370370745658875 0.12604166567325592 0.35370370745658875 0.125 0.35370370745658875 0.12395833432674408 0.35185185074806213 0.12187500298023224 0.35185185074806213 0.1197916641831398 0.3481481373310089 0.11874999850988388 0.3481481373310089 0.11666666716337204 0.3444444537162781 0.11562500149011612 0.3444444537162781 0.11249999701976776 0.33888888359069824 0.11041666567325592 0.33888888359069824 0.109375 0.34074074029922485 0.10833333432674408 0.33888888359069824 0.1041666641831398 0.33888888359069824 0.1041666641831398 0.34074074029922485 0.10520832985639572 0.34259259700775146 0.1041666641831398 0.3444444537162781 0.10520832985639572 0.3462963104248047 0.1041666641831398 0.3481481373310089 0.10208333283662796 0.3481481373310089 0.10104166716337204 0.3462963104248047 0.10000000149011612 0.3481481373310089 0.10104166716337204 0.3481481373310089 0.10208333283662796 0.3499999940395355 0.10104166716337204 0.35185185074806213 0.0989583358168602 0.35185185074806213 0.09687499701976776 0.35740742087364197 0.09583333134651184 0.35740742087364197 0.09479166567325592 0.35555556416511536 0.09166666865348816 0.3592592477798462 0.0885416641831398 0.3592592477798462 0.08749999850988388 0.35740742087364197 0.08645833283662796 0.3592592477798462 0.08124999701976776 0.3592592477798462 0.08645833283662796 0.3592592477798462 0.08749999850988388 0.3611111044883728 0.08645833283662796 0.3629629611968994 0.08020833134651184 0.3629629611968994 0.07916666567325592 0.3611111044883728 0.07708333432674408 0.3611111044883728 0.078125 0.3629629611968994 0.07708333432674408 0.364814817905426 0.07500000298023224 0.364814817905426 0.08541666716337204 0.364814817905426 0.08645833283662796 0.36666667461395264 0.08541666716337204 0.36851853132247925 0.08229167014360428 0.36851853132247925 0.09062500298023224 0.36851853132247925 0.09166666865348816 0.36666667461395264 0.10104166716337204 0.36666667461395264 0.10208333283662796 0.364814817905426 0.11041666567325592 0.364814817905426 0.11145833134651184 0.3629629611968994 0.1197916641831398 0.3629629611968994 0.12083332985639572 0.3611111044883728 0.12812499701976776 0.3611111044883728 0.12916666269302368 0.3592592477798462
0 0.5802083611488342 0.34074074029922485 0.5822916626930237 0.34074074029922485 0.5833333134651184 0.34259259700775146 0.5979166626930237 0.34259259700775146 0.5989583134651184 0.3444444537162781 0.6010416746139526 0.3444444537162781 0.6020833253860474 0.3462963104248047 0.6010416746139526 0.3481481373310089 0.581250011920929 0.3481481373310089 0.609375 0.3481481373310089 0.6104166507720947 0.3462963104248047 0.6187499761581421 0.3462963104248047 0.6197916865348816 0.3481481373310089 0.6239583492279053 0.3481481373310089 0.625 0.3462963104248047 0.643750011920929 0.3462963104248047 0.6447916626930237 0.3444444537162781 0.6479166746139526 0.3444444537162781 0.6489583253860474 0.34259259700775146 0.6520833373069763 0.34259259700775146 0.653124988079071 0.34074074029922485 0.6541666388511658 0.34259259700775146 0.6572916507720947 0.34259259700775146 0.6541666388511658 0.34259259700775146 0.653124988079071 0.34074074029922485 0.6510416865348816 0.34074074029922485 0.6499999761581421 0.33888888359069824 0.6479166746139526 0.33888888359069824 0.6468750238418579 0.34074074029922485 0.640625 0.34074074029922485 0.6395833492279053 0.33888888359069824 0.6177083253860474 0.33888888359069824 0.6166666746139526 0.33703702688217163 0.6104166507720947 0.33703702688217163 0.6072916388511658 0.34074074029922485
0 0.1197916641831398 0.3314814865589142 0.12083332985639572 0.3333333432674408 0.12812499701976776 0.3333333432674408 0.12916666269302368 0.3314814865589142 0.14270833134651184 0.3314814865589142 0.140625 0.3314814865589142 0.13958333432674408 0.3296296298503876 0.12604166567325592 0.3296296298503876 0.125 0.3314814865589142
0 0.4791666567325592 0.32592591643333435 0.4781250059604645 0.32407405972480774 0.45625001192092896 0.32407405972480774 0.45520833134651184 0.3222222328186035 0.4541666805744171 0.3222222328186035 0.453125 0.32407405972480774 0.4333333373069763 0.32407405972480774 0.4364583194255829 0.32407405972480774 0.4375 0.32592591643333435 0.4364583194255829 0.32777777314186096 0.4229166805744171 0.32777777314186096 0.42395833134651184 0.3296296298503876 0.4229166805744171 0.3314814865589142 0.421875 0.3314814865589142 0.4322916567325592 0.3314814865589142 0.43437498807907104 0.3351851999759674 0.43437498807907104 0.33703702688217163 0.4427083432674408 0.33703702688217163 0.4437499940395355 0.3351851999759674 0.4489583373069763 0.3351851999759674 0.44999998807907104 0.3333333432674408 0.4520833194255829 0.3333333432674408 0.453125 0.3314814865589142 0.4583333432674408 0.3314814865589142 0.4541666805744171 0.3314814865589142 0.453125 0.3296296298503876 0.4541666805744171 0.32777777314186096 0.4645833373069763 0.32777777314186096 0.46562498807907104 0.32592591643333435
0 0.44062501192092896 0.4277777671813965 0.25729167461395264 0.41296297311782837 0.2708333432674408 0.40740740299224854 0.2708333432674408 0.39444443583488464 0.296875 0.3870370388031006 0.2874999940395355 0.385185182094574 0.2958333194255829 0.3722222149372101 0.3499999940395355 0.36851853132247925 0.375 0.35740742087364197 0.3697916567325592 0.35370370745658875 0.3739583194255829 0.3499999940395355 0.421875 0.35370370745658875 0.3916666805744171 0.3499999940395355 0.40312498807907104 0.34259259700775146 0.34583333134651184 0.33703702688217163 0.3645833432674408 0.32592591643333435 0.23541666567325592 0.3296296298503876 0.21041665971279144 0.32407405972480774 0.21979166567325592 0.3296296298503876 0.17499999701976776 0.3444444537162781 0.15520833432674408 0.3722222149372101 0.171875 0.39629629254341125 0.14166666567325592 0.4037036895751953 0.12708333134651184 0.4185185134410858 0.0677083358168602 0.4277777671813965 0.05833333358168602 0.41111111640930176 0.03750000149011612 0.4018518626689911 0.0 0.4037036895751953 0.0 0.42592594027519226 0.03229166567325592 0.4314814805984497 0.0 0.43888887763023376 0.0 0.5018518567085266 0.27291667461395264 0.5333333611488342 0.3968749940395355 0.47592592239379883 0.4322916567325592 0.46851852536201477 0.43020832538604736 0.45185184478759766 0.4208333194255829 0.4444444477558136
0 0.24687500298023224 0.31296294927597046 0.23020833730697632 0.31296294927597046 0.2291666716337204 0.31111112236976624 0.21458333730697632 0.31111112236976624 0.2135416716337204 0.31296294927597046 0.17916665971279144 0.31481480598449707 0.17812499403953552 0.3166666626930237 0.16562500596046448 0.3166666626930237 0.16458334028720856 0.3185185194015503 0.14791665971279144 0.3185185194015503 0.14687499403953552 0.3203703761100769 0.12395833432674408 0.3203703761100769 0.125 0.3222222328186035 0.12708333134651184 0.3222222328186035 0.12812499701976776 0.3203703761100769 0.13645833730697632 0.3203703761100769 0.13750000298023224 0.3222222328186035 0.15312500298023224 0.3222222328186035 0.15416666865348816 0.3203703761100769 0.1875 0.3203703761100769 0.18854166567325592 0.3185185194015503 0.1979166716337204 0.3185185194015503 0.19895833730697632 0.3166666626930237 0.20208333432674408 0.3166666626930237 0.203125 0.31481480598449707 0.21458333730697632 0.31481480598449707 0.21562500298023224 0.31296294927597046 0.22291666269302368 0.31296294927597046 0.2239583283662796 0.31481480598449707 0.22708334028720856 0.31481480598449707 0.22812500596046448 0.31296294927597046
0 0.4791666567325592 0.31296294927597046 0.5135416388511658 0.31296294927597046 0.5145833492279053 0.31111112236976624 0.5427083373069763 0.31111112236976624 0.543749988079071 0.3092592656612396 0.5562499761581421 0.3092592656612396 0.5552083253860474 0.3092592656612396 0.5541666746139526 0.307407408952713 0.5479166507720947 0.307407408952713 0.546875 0.3092592656612396 0.5302083492279053 0.3092592656612396 0.5291666388511658 0.307407408952713 0.5260416865348816 0.307407408952713 0.5249999761581421 0.3092592656612396 0.5072916746139526 0.3092592656612396 0.5062500238418579 0.307407408952713 0.4989583194255829 0.307407408952713 0.49791666865348816 0.3092592656612396 0.49687498807907104 0.3092592656612396 0.503125011920929 0.3092592656612396 0.5041666626930237 0.31111112236976624 0.503125011920929 0.31296294927597046
0 0.3031249940395355 0.307407408952713 0.28958332538604736 0.307407408952713 0.28854167461395264 0.3055555522441864 0.2802083194255829 0.3055555522441864 0.27916666865348816 0.307407408952713 0.2645833194255829 0.307407408952713 0.26354166865348816 0.3092592656612396 0.2604166567325592 0.3092592656612396 0.2593750059604645 0.31111112236976624 0.25208333134651184 0.31111112236976624 0.2552083432674408 0.31111112236976624 0.2562499940395355 0.31296294927597046 0.25729167461395264 0.31111112236976624 0.26354166865348816 0.31111112236976624 0.2645833194255829 0.31296294927597046 0.26875001192092896 0.31296294927597046 0.2697916626930237 0.31111112236976624 0.28125 0.31111112236976624 0.2822916805744171 0.31296294927597046 0.28437501192092896 0.31296294927597046 0.2854166626930237 0.31481480598449707 0.29374998807907104 0.31481480598449707 0.29479166865348816 0.3166666626930237 0.29895833134651184 0.3166666626930237 0.29895833134651184 0.31481480598449707 0.28958332538604736 0.31481480598449707 0.28854167461395264 0.31296294927597046 0.28333333134651184 0.31296294927597046 0.2822916805744171 0.31111112236976624 0.28333333134651184 0.3092592656612396 0.28958332538604736 0.3092592656612396 0.2906250059604645 0.307407408952713 0.29374998807907104 0.307407408952713 0.29479166865348816 0.3092592656612396 0.2958333194255829 0.307407408952713
1 0.11562500149011612 0.7425925731658936 0.1145833358168602 0.7444444298744202 0.11145833134651184 0.7444444298744202 0.11041666567325592 0.7462962865829468 0.10833333432674408 0.7462962865829468 0.10729166865348816 0.7481481432914734 0.10625000298023224 0.7481481432914734 0.10520832985639572 0.75 0.1041666641831398 0.75 0.10104166716337204 0.7555555701255798 0.10520832985639572 0.7555555701255798 0.10625000298023224 0.7537037134170532 0.10833333432674408 0.7537037134170532 0.109375 0.7518518567085266 0.109375 0.75 0.11145833134651184 0.7462962865829468 0.11249999701976776 0.7462962865829468 0.11354167014360428 0.7444444298744202 0.1145833358168602 0.7444444298744202
1 0.21770833432674408 0.6925926208496094 0.2135416716337204 0.6851851940155029 0.21145834028720856 0.6851851940155029 0.21041665971279144 0.6833333373069763 0.20000000298023224 0.6833333373069763 0.203125 0.6907407641410828 0.203125 0.6925926208496094 0.20520833134651184 0.6962962746620178 0.203125 0.6981481313705444 0.203125 0.699999988079071 0.20104166865348816 0.7037037014961243 0.19479165971279144 0.7037037014961243 0.18854166567325592 0.7092592716217041 0.18541666865348816 0.7092592716217041 0.18437500298023224 0.7111111283302307 0.18020834028720856 0.7111111283302307 0.17916665971279144 0.7129629850387573 0.1770833283662796 0.7129629850387573 0.17604166269302368 0.7185184955596924 0.17395833134651184 0.7222222089767456 0.17083333432674408 0.7240740656852722 0.1666666716337204 0.7333333492279053 0.16458334028720856 0.7333333492279053 0.16041666269302368 0.7370370626449585 0.16041666269302368 0.7388888597488403 0.15833333134651184 0.7425925731658936 0.15416666865348816 0.7462962865829468 0.15312500298023224 0.7481481432914734 0.15416666865348816 0.7518518567085266 0.15312500298023224 0.7555555701255798 0.1614583283662796 0.7555555701255798 0.16249999403953552 0.7537037134170532 0.171875 0.7537037134170532 0.17291666567325592 0.7555555701255798 0.17499999701976776 0.7555555701255798 0.17812499403953552 0.7592592835426331 0.17812499403953552 0.7629629373550415 0.17916665971279144 0.7629629373550415 0.18333333730697632 0.770370364189148 0.18437500298023224 0.7740740776062012 0.18541666865348816 0.7740740776062012 0.18854166567325592 0.779629647731781 0.19166666269302368 0.7814815044403076 0.19062499701976776 0.7814815044403076 0.1875 0.7759259343147278 0.18541666865348816 0.7685185074806213 0.18958333134651184 0.7629629373550415 0.19062499701976776 0.7629629373550415 0.1927083283662796 0.7592592835426331 0.19374999403953552 0.7592592835426331 0.19583334028720856 0.7555555701255798 0.20416666567325592 0.7481481432914734 0.20416666567325592 0.7462962865829468 0.20937499403953552 0.7388888597488403 0.21458333730697632 0.7351852059364319 0.21666666865348816 0.7314814925193787 0.22291666269302368 0.7259259223937988 0.2239583283662796 0.7222222089767456 0.22187499701976776 0.7148148417472839 0.21875 0.7092592716217041 0.21666666865348816 0.7074074149131775 0.21458333730697632 0.7074074149131775 0.21250000596046448 0.7092592716217041 0.21041665971279144 0.7018518447875977 0.21145834028720856 0.699999988079071 0.2135416716337204 0.699999988079071 0.21770833432674408 0.6962962746620178
1 0.0 0.5055555701255798 0.0 0.7962962985038757 0.03541666641831398 0.7722222208976746 0.06145833432674408 0.7629629373550415 0.078125 0.7314814925193787 0.08229167014360428 0.7314814925193787 0.08229167014360428 0.7240740656852722 0.09375 0.7314814925193787 0.1197916641831398 0.7277777791023254 0.1145833358168602 0.7333333492279053 0.13333334028720856 0.7314814925193787 0.140625 0.7240740656852722 0.13750000298023224 0.7185184955596924 0.13958333432674408 0.7129629850387573 0.17083333432674408 0.7074074149131775 0.18854166567325592 0.6851851940155029 0.17812499403953552 0.6870370507240295 0.15937499701976776 0.7037037014961243 0.16041666269302368 0.6981481313705444 0.17604166269302368 0.6851851940155029 0.16979166865348816 0.6888889074325562 0.1510416716337204 0.6851851940155029 0.14479166269302368 0.664814829826355 0.12708333134651184 0.6462963223457336 0.14270833134651184 0.6185185313224792 0.11770833283662796 0.5962963104248047 0.09583333134651184 0.5981481671333313 0.0677083358168602 0.5759259462356567 0.0520833320915699 0.5759259462356567 0.04374999925494194 0.5814814567565918 0.0416666679084301 0.5777778029441833 0.06354166567325592 0.5574073791503906 0.06041666492819786 0.5462962985038757 0.06979166716337204 0.5370370149612427 0.09479166567325592 0.5351851582527161 0.1145833358168602 0.5444444417953491 0.13645833730697632 0.5462962985038757 0.14374999701976776 0.5407407283782959 0.140625 0.5240740776062012 0.02916666679084301 0.5037037134170532
1 0.10208333283662796 0.4574074149131775 0.10520832985639572 0.4592592716217041 0.10312499850988388 0.4611110985279083 0.10625000298023224 0.46481481194496155 0.11249999701976776 0.46481481194496155 0.1145833358168602 0.46851852536201477 0.1197916641831398 0.46851852536201477 0.12083332985639572 0.4703703820705414 0.1197916641831398 0.46851852536201477 0.12187500298023224 0.46666666865348816 0.12395833432674408 0.4703703820705414 0.1302083283662796 0.4740740656852722 0.1354166716337204 0.4740740656852722 0.14270833134651184 0.4888888895511627 0.14479166269302368 0.4888888895511627 0.15000000596046448 0.4981481432914734 0.14791665971279144 0.5 0.14895834028720856 0.5018518567085266 0.15208333730697632 0.5018518567085266 0.15312500298023224 0.5037037134170532 0.17916665971279144 0.5037037134170532 0.18020834028720856 0.5018518567085266 0.1875 0.5018518567085266 0.18854166567325592 0.5 0.19374999403953552 0.5 0.19479165971279144 0.4981481432914734 0.20000000298023224 0.4981481432914734 0.20104166865348816 0.4962962865829468 0.22083333134651184 0.49074074625968933 0.23749999701976776 0.47962963581085205 0.23854166269302368 0.47777777910232544 0.23854166269302368 0.4703703820705414 0.24062499403953552 0.46851852536201477 0.24062499403953552 0.46666666865348816 0.23645833134651184 0.46296295523643494 0.23645833134651184 0.4592592716217041 0.2291666716337204 0.45370370149612427 0.22812500596046448 0.4555555582046509 0.21979166567325592 0.4481481611728668 0.21145834028720856 0.4462963044643402 0.20104166865348816 0.4407407343387604 0.20000000298023224 0.43888887763023376 0.20104166865348816 0.43703705072402954 0.21875 0.43703705072402954 0.22083333134651184 0.43518519401550293 0.2083333283662796 0.43518519401550293 0.20729166269302368 0.4333333373069763 0.203125 0.4333333373069763 0.1979166716337204 0.4296296238899231 0.19166666269302368 0.4296296238899231 0.19062499701976776 0.4277777671813965 0.16249999403953552 0.4296296238899231 0.1614583283662796 0.4314814805984497 0.15208333730697632 0.4333333373069763 0.14166666567325592 0.43888887763023376 0.125 0.442592591047287 0.12083332985639572 0.4462963044643402 0.109375 0.4462963044643402 0.11041666567325592 0.4481481611728668 0.10520832985639572 0.4555555582046509 0.10312499850988388 0.45370370149612427
1 0.03854166716337204 0.4055555462837219 0.04062499850988388 0.40740740299224854 0.04583333432674408 0.40740740299224854 0.046875 0.40925925970077515 0.05520833283662796 0.40925925970077515 0.05624999850988388 0.41111111640930176 0.05833333358168602 0.40925925970077515 0.05937499925494194 0.41296297311782837 0.0625 0.41296297311782837 0.06458333134651184 0.4166666567325592 0.06458333134651184 0.4185185134410858 0.06666667014360428 0.4203703701496124 0.06666667014360428 0.42407408356666565 0.0677083358168602 0.42592594027519226 0.08437500149011612 0.42592594027519226 0.08541666716337204 0.42407408356666565 0.09583333134651184 0.42407408356666565 0.09687499701976776 0.42222222685813904 0.10625000298023224 0.42222222685813904 0.10729166865348816 0.4203703701496124 0.1145833358168602 0.4203703701496124 0.11562500149011612 0.4185185134410858 0.12187500298023224 0.4185185134410858 0.12291666865348816 0.4166666567325592 0.12708333134651184 0.4166666567325592 0.12812499701976776 0.4148148000240326 0.13333334028720856 0.41296297311782837 0.1354166716337204 0.40925925970077515 0.13750000298023224 0.40925925970077515 0.13645833730697632 0.40740740299224854 0.13854166865348816 0.4055555462837219 0.13645833730697632 0.40740740299224854 0.1354166716337204 0.4055555462837219 0.12916666269302368 0.4055555462837219 0.12812499701976776 0.4037036895751953 0.125 0.4037036895751953 0.12395833432674408 0.4018518626689911 0.12187500298023224 0.4018518626689911 0.11874999850988388 0.39814814925193787 0.109375 0.39814814925193787 0.10833333432674408 0.39629629254341125 0.10312499850988388 0.39629629254341125 0.10208333283662796 0.39444443583488464 0.0989583358168602 0.39444443583488464 0.09791667014360428 0.39259257912635803 0.09375 0.39259257912635803 0.09270833432674408 0.3907407522201538 0.08645833283662796 0.3907407522201538 0.08541666716337204 0.39259257912635803 0.08229167014360428 0.39259257912635803 0.078125 0.39629629254341125 0.0729166641831398 0.39629629254341125 0.07187499850988388 0.39444443583488464 0.0677083358168602 0.39444443583488464 0.06666667014360428 0.39629629254341125 0.05937499925494194 0.39629629254341125 0.05833333358168602 0.39814814925193787 0.04895833507180214 0.39814814925193787 0.04791666567325592 0.4000000059604645 0.03958333283662796 0.4000000059604645 0.046875 0.4000000059604645 0.04791666567325592 0.4018518626689911 0.046875 0.4037036895751953 0.04062499850988388 0.4037036895751953
1 0.05937499925494194 0.3888888955116272 0.05833333358168602 0.3888888955116272 0.0572916679084301 0.3870370388031006 0.04583333432674408 0.3870370388031006 0.04479166492819786 0.3888888955116272 0.04270833358168602 0.3888888955116272 0.0416666679084301 0.3907407522201538 0.03958333283662796 0.3907407522201538 0.03854166716337204 0.39259257912635803 0.03437500074505806 0.39259257912635803 0.03333333507180214 0.39444443583488464 0.02916666679084301 0.39444443583488464 0.02916666679084301 0.39629629254341125 0.02812499925494194 0.39814814925193787 0.02708333358168602 0.39629629254341125 0.02604166604578495 0.39814814925193787 0.02083333395421505 0.39814814925193787 0.01979166641831398 0.4000000059604645 0.01145833358168602 0.4000000059604645 0.010416666977107525 0.4018518626689911 0.0020833334419876337 0.4018518626689911 0.01145833358168602 0.4018518626689911 0.012500000186264515 0.4000000059604645 0.02291666716337204 0.4000000059604645 0.02395833283662796 0.39814814925193787 0.02812499925494194 0.39814814925193787 0.02916666679084301 0.39629629254341125 0.03020833246409893 0.39629629254341125 0.03125 0.39444443583488464 0.0364583320915699 0.39444443583488464 0.03750000149011612 0.39259257912635803 0.04270833358168602 0.39259257912635803 0.04374999925494194 0.3907407522201538 0.05312500149011612 0.3907407522201538 0.05416666716337204 0.3888888955116272
1 0.609375 0.3870370388031006 0.6395833492279053 0.39259257912635803 0.640625 0.39629629254341125 0.6520833373069763 0.4018518626689911 0.65625 0.40925925970077515 0.6541666388511658 0.41111111640930176 0.6885416507720947 0.41111111640930176 0.7052083611488342 0.4018518626689911 0.7281249761581421 0.39814814925193787 0.7322916388511658 0.4018518626689911 0.7666666507720947 0.40925925970077515 0.8166666626930237 0.4148148000240326 0.887499988079071 0.4314814805984497 0.9104166626930237 0.4333333373069763 0.8229166865348816 0.4037036895751953 0.8020833134651184 0.40740740299224854 0.78125 0.39814814925193787 0.7489583492279053 0.4000000059604645 0.715624988079071 0.39444443583488464 0.703125 0.3888888955116272 0.6739583611488342 0.3888888955116272 0.653124988079071 0.37962964177131653 0.6156250238418579 0.37962964177131653
1 0.26354166865348816 0.8444444537162781 0.32604166865348816 0.9981481432914734 0.6229166388511658 0.9981481432914734 0.6510416865348816 0.9203703999519348 0.6989583373069763 0.9648148417472839 0.7020833492279053 0.9462962746620178 0.7333333492279053 0.9555555582046509 0.7322916388511658 0.9333333373069763 0.7739583253860474 0.9185185432434082 0.778124988079071 0.8870370388031006 0.7979166507720947 0.9074074029922485 0.8010416626930237 0.8722222447395325 0.8760416507720947 0.970370352268219 0.8864583373069763 0.9444444179534912 0.9197916388511658 0.9962962865829468 0.9229166507720947 0.9814814925193787 0.9989583492279053 0.9981481432914734 0.9989583492279053 0.8518518805503845 0.9354166388511658 0.8037037253379822 0.8854166865348816 0.7129629850387573 0.8833333253860474 0.7592592835426331 0.8645833134651184 0.7166666388511658 0.721875011920929 0.6277777552604675 0.7354166507720947 0.5814814567565918 0.6697916388511658 0.5407407283782959 0.6489583253860474 0.4870370328426361 0.7364583611488342 0.5111111402511597 0.721875011920929 0.5240740776062012 0.731249988079071 0.5351851582527161 0.7250000238418579 0.5537037253379822 0.737500011920929 0.5685185194015503 0.762499988079071 0.5092592835426331 0.7635416388511658 0.529629647731781 0.800000011920929 0.5555555820465088 0.9020833373069763 0.5833333134651184 0.890625 0.5611110925674438 0.9427083134651184 0.5648148059844971 0.737500011920929 0.4833333194255829 0.6614583134651184 0.4740740656852722 0.6479166746139526 0.45370370149612427 0.6552083492279053 0.43518519401550293 0.5666666626930237 0.3870370388031006 0.5010416507720947 0.42592594027519226 0.4854166805744171 0.4055555462837219 0.4989583194255829 0.37962964177131653 0.46041667461395264 0.3907407522201538 0.4572916626930237 0.4055555462837219 0.4885416626930237 0.4296296238899231 0.6260416507720947 0.46481481194496155 0.43437498807907104 0.770370364189148 0.4885416626930237 0.720370352268219 0.5718749761581421 0.7370370626449585
1 0.856249988079071 0.3870370388031006 0.862500011920929 0.3907407522201538 0.8802083134651184 0.3907407522201538 0.8812500238418579 0.39259257912635803 0.890625 0.39259257912635803 0.8916666507720947 0.39444443583488464 0.8968750238418579 0.39444443583488464 0.8979166746139526 0.39629629254341125 0.9135416746139526 0.39814814925193787 0.9145833253860474 0.4000000059604645 0.9197916388511658 0.4000000059604645 0.9208333492279053 0.4018518626689911 0.9375 0.4037036895751953 0.9416666626930237 0.40740740299224854 0.9645833373069763 0.41111111640930176 0.9739583134651184 0.4166666567325592 0.9906250238418579 0.4203703701496124 0.9916666746139526 0.42222222685813904 0.9979166388511658 0.42222222685813904 0.9989583492279053 0.42407408356666565 0.9989583492279053 0.3907407522201538 0.996874988079071 0.3888888955116272 0.9989583492279053 0.3870370388031006 0.9989583492279053 0.38148146867752075 0.9916666746139526 0.38333332538604736 0.9885416626930237 0.3870370388031006 0.9822916388511658 0.38148146867752075 0.9802083373069763 0.3759259283542633 0.9770833253860474 0.3759259283542633 0.9760416746139526 0.3777777850627899 0.9697916507720947 0.3777777850627899 0.96875 0.3759259283542633 0.956250011920929 0.3759259283542633 0.9552083611488342 0.3777777850627899 0.9510416388511658 0.3777777850627899 0.949999988079071 0.3759259283542633 0.9416666626930237 0.3759259283542633 0.940625011920929 0.3740740716457367 0.9197916388511658 0.3722222149372101 0.918749988079071 0.37037035822868347 0.9135416746139526 0.37037035822868347 0.9083333611488342 0.36666667461395264 0.893750011920929 0.36666667461395264 0.8927083611488342 0.364814817905426 0.8916666507720947 0.36666667461395264 0.890625 0.364814817905426 0.8833333253860474 0.3740740716457367 0.878125011920929 0.3759259283542633 0.8770833611488342 0.3740740716457367 0.878125011920929 0.3722222149372101 0.8770833611488342 0.3722222149372101 0.8666666746139526 0.38333332538604736 0.8635416626930237 0.38333332538604736 0.8604166507720947 0.3870370388031006 0.859375 0.385185182094574
1 0.5208333134651184 0.33888888359069824 0.5218750238418579 0.34074074029922485 0.53125 0.34074074029922485 0.5322916507720947 0.34259259700775146 0.546875 0.34259259700775146 0.5479166507720947 0.3444444537162781 0.578125 0.3444444537162781 0.5791666507720947 0.3462963104248047 0.6010416746139526 0.3462963104248047 0.5989583134651184 0.3462963104248047 0.5979166626930237 0.3444444537162781 0.5833333134651184 0.3444444537162781 0.5822916626930237 0.34259259700775146 0.5791666507720947 0.34259259700775146 0.578125 0.34074074029922485 0.5729166865348816 0.34074074029922485 0.5718749761581421 0.33888888359069824 0.5625 0.33888888359069824 0.5614583492279053 0.34074074029922485 0.559374988079071 0.34074074029922485 0.5583333373069763 0.34259259700775146 0.5541666746139526 0.34259259700775146 0.5531250238418579 0.34074074029922485 0.550000011920929 0.34074074029922485 0.5489583611488342 0.33888888359069824 0.5416666865348816 0.33888888359069824 0.5406249761581421 0.34074074029922485 0.5375000238418579 0.34074074029922485 0.5364583134651184 0.34259259700775146 0.5333333611488342 0.34259259700775146 0.5302083492279053 0.33888888359069824 0.5249999761581421 0.33888888359069824 0.5239583253860474 0.33703702688217163
1 0.6104166507720947 0.3481481373310089 0.6104166507720947 0.3499999940395355 0.6343749761581421 0.3499999940395355 0.6354166865348816 0.35185185074806213 0.6489583253860474 0.35370370745658875 0.6510416865348816 0.35740742087364197 0.6499999761581421 0.3592592477798462 0.6447916626930237 0.3611111044883728 0.6354166865348816 0.37037035822868347 0.6291666626930237 0.3722222149372101 0.6645833253860474 0.37037035822868347 0.671875 0.3740740716457367 0.6812499761581421 0.3740740716457367 0.6822916865348816 0.3722222149372101 0.6833333373069763 0.3740740716457367 0.6885416507720947 0.3722222149372101 0.715624988079071 0.3740740716457367 0.7166666388511658 0.37037035822868347 0.71875 0.37037035822868347 0.7177083492279053 0.36851853132247925 0.7197916507720947 0.364814817905426 0.721875011920929 0.364814817905426 0.7177083492279053 0.35740742087364197 0.7145833373069763 0.35740742087364197 0.7135416865348816 0.3629629611968994 0.7114583253860474 0.364814817905426 0.7104166746139526 0.3611111044883728 0.7010416388511658 0.3611111044883728 0.699999988079071 0.3592592477798462 0.6947916746139526 0.3611111044883728 0.6864583492279053 0.35555556416511536 0.7083333134651184 0.3351851999759674 0.699999988079071 0.3314814865589142 0.6937500238418579 0.3314814865589142 0.6895833611488342 0.3296296298503876 0.6875 0.32592591643333435 0.6802083253860474 0.32777777314186096 0.6791666746139526 0.32592591643333435 0.6708333492279053 0.32592591643333435 0.6656249761581421 0.3222222328186035 0.65625 0.3222222328186035 0.6458333134651184 0.3185185194015503 0.6385416388511658 0.32407405972480774 0.6322916746139526 0.32407405972480774 0.6270833611488342 0.32777777314186096 0.6229166388511658 0.32592591643333435 0.6208333373069763 0.3296296298503876 0.6197916865348816 0.32777777314186096 0.6187499761581421 0.3314814865589142 0.612500011920929 0.3351851999759674 0.6395833492279053 0.33703702688217163 0.640625 0.33888888359069824 0.6499999761581421 0.33703702688217163 0.6541666388511658 0.34074074029922485 0.6520833373069763 0.3444444537162781 0.643750011920929 0.3481481373310089 0.625 0.3481481373310089 0.6239583492279053 0.3499999940395355
1 0.2864583432674408 0.3166666626930237 0.24791666865348816 0.31296294927597046 0.1875 0.3222222328186035 0.125 0.32407405972480774 0.12083332985639572 0.3203703761100769 0.11770833283662796 0.32407405972480774 0.10833333432674408 0.3185185194015503 0.078125 0.31481480598449707 0.06979166716337204 0.3203703761100769 0.03541666641831398 0.32592591643333435 0.0 0.32592591643333435 0.0 0.3444444537162781 0.01666666753590107 0.3462963104248047 0.01875000074505806 0.34074074029922485 0.03229166567325592 0.33703702688217163 0.05104166641831398 0.34259259700775146 0.04062499850988388 0.3481481373310089 0.0 0.35370370745658875 0.0 0.37037035822868347 0.014583333395421505 0.36666667461395264 0.02708333358168602 0.3722222149372101 0.0677083358168602 0.364814817905426 0.0677083358168602 0.3611111044883728 0.07708333432674408 0.3629629611968994 0.07708333432674408 0.3592592477798462 0.08645833283662796 0.3611111044883728 0.08124999701976776 0.3611111044883728 0.08124999701976776 0.35740742087364197 0.09687499701976776 0.35555556416511536 0.10104166716337204 0.3444444537162781 0.1041666641831398 0.3462963104248047 0.1041666641831398 0.33703702688217163 0.10833333432674408 0.33703702688217163 0.10833333432674408 0.34074074029922485 0.11249999701976776 0.33703702688217163 0.11874999850988388 0.3462963104248047 0.125 0.3462963104248047 0.12187500298023224 0.3499999940395355 0.12604166567325592 0.35185185074806213 0.125 0.35555556416511536 0.13645833730697632 0.35555556416511536 0.18125000596046448 0.34259259700775146 0.13333334028720856 0.35370370745658875 0.12604166567325592 0.3462963104248047 0.14270833134651184 0.33703702688217163 0.19687500596046448 0.3314814865589142 0.23020833730697632 0.3222222328186035 0.23854166269302368 0.32592591643333435 0.2614583373069763 0.31296294927597046 0.27291667461395264 0.3166666626930237 0.2750000059604645 0.3222222328186035
1 0.612500011920929 0.31481480598449707 0.6114583611488342 0.31481480598449707 0.6104166507720947 0.31296294927597046 0.6072916388511658 0.31296294927597046 0.606249988079071 0.31111112236976624 0.6010416746139526 0.31111112236976624 0.6000000238418579 0.3092592656612396 0.5989583134651184 0.3092592656612396 0.5979166626930237 0.31111112236976624 0.596875011920929 0.31111112236976624 0.5958333611488342 0.31296294927597046 0.5947916507720947 0.31296294927597046 0.59375 0.31481480598449707 0.5927083492279053 0.31481480598449707 0.5916666388511658 0.3166666626930237 0.590624988079071 0.3166666626930237 0.5895833373069763 0.3185185194015503 0.5885416865348816 0.3185185194015503 0.5874999761581421 0.3203703761100769 0.5864583253860474 0.3203703761100769 0.5854166746139526 0.3222222328186035 0.5843750238418579 0.3222222328186035 0.5833333134651184 0.32407405972480774 0.5822916626930237 0.32407405972480774 0.5833333134651184 0.32407405972480774 0.5843750238418579 0.3222222328186035 0.5854166746139526 0.3222222328186035 0.5864583253860474 0.3203703761100769 0.5885416865348816 0.3203703761100769 0.5895833373069763 0.3222222328186035 0.5895833373069763 0.3203703761100769 0.5916666388511658 0.3166666626930237 0.5947916507720947 0.3166666626930237 0.5958333611488342 0.31481480598449707
1 0.36770832538604736 0.3092592656612396 0.359375 0.3092592656612396 0.3583333194255829 0.307407408952713 0.35729166865348816 0.307407408952713 0.35624998807907104 0.3092592656612396 0.34583333134651184 0.3092592656612396 0.34375 0.3055555522441864 0.34166666865348816 0.3092592656612396 0.3322916626930237 0.3092592656612396 0.33125001192092896 0.307407408952713 0.30416667461395264 0.307407408952713 0.3031249940395355 0.3092592656612396 0.2958333194255829 0.3092592656612396 0.29479166865348816 0.31111112236976624 0.2864583432674408 0.31111112236976624 0.28854167461395264 0.31111112236976624 0.28958332538604736 0.31296294927597046 0.29895833134651184 0.31296294927597046 0.30000001192092896 0.31481480598449707 0.3083333373069763 0.31481480598449707 0.30937498807907104 0.31296294927597046 0.3343749940395355 0.31296294927597046 0.33541667461395264 0.31481480598449707 0.35208332538604736 0.31481480598449707 0.3531250059604645 0.31296294927597046 0.35624998807907104 0.31296294927597046 0.34687501192092896 0.31296294927597046 0.34583333134651184 0.31111112236976624 0.34687501192092896 0.3092592656612396
1 0.32604166865348816 0.3222222328186035 0.3333333432674408 0.32407405972480774 0.33020833134651184 0.32592591643333435 0.3645833432674408 0.32407405972480774 0.3645833432674408 0.32777777314186096 0.35729166865348816 0.3296296298503876 0.3583333194255829 0.3333333432674408 0.34583333134651184 0.3351851999759674 0.35729166865348816 0.3351851999759674 0.3656249940395355 0.34074074029922485 0.43437498807907104 0.33888888359069824 0.4322916567325592 0.3333333432674408 0.421875 0.3333333432674408 0.4229166805744171 0.32592591643333435 0.4541666805744171 0.3203703761100769 0.4781250059604645 0.3222222328186035 0.4791666567325592 0.32777777314186096 0.4541666805744171 0.3296296298503876 0.46145832538604736 0.3333333432674408 0.4697916805744171 0.3314814865589142 0.518750011920929 0.34074074029922485 0.512499988079071 0.34074074029922485 0.5135416388511658 0.33703702688217163 0.5052083134651184 0.3333333432674408 0.5052083134651184 0.3296296298503876 0.5375000238418579 0.32592591643333435 0.5270833373069763 0.32592591643333435 0.5291666388511658 0.3185185194015503 0.5333333611488342 0.3185185194015503 0.4791666567325592 0.31481480598449707 0.4791666567325592 0.31111112236976624 0.503125011920929 0.31111112236976624 0.49687498807907104 0.31111112236976624 0.4989583194255829 0.3055555522441864 0.4947916567325592 0.3037036955356598 0.49166667461395264 0.3092592656612396 0.4781250059604645 0.3092592656612396 0.4635416567325592 0.3037036955356598 0.4281249940395355 0.30000001192092896 0.41979166865348816 0.3055555522441864 0.3791666626930237 0.31481480598449707 0.3916666805744171 0.3185185194015503 0.3916666805744171 0.3222222328186035
2 0.6291666626930237 0.9462962746620178 0.628125011920929 0.9462962746620178 0.6270833611488342 0.9481481313705444 0.6260416507720947 0.9481481313705444 0.6260416507720947 0.9537037014961243 0.628125011920929 0.9574074149131775 0.6312500238418579 0.9518518447875977 0.6312500238418579 0.9481481313705444 0.6302083134651184 0.9481481313705444
2 0.9479166865348816 0.9981481432914734 0.9260416626930237 0.9907407164573669 0.9229166507720947 0.9833333492279053 0.925000011920929 0.9944444298744202 0.9197916388511658 0.9981481432914734 0.9114583134651184 0.9888888597488403 0.9010416865348816 0.9629629850387573 0.893750011920929 0.9611111283302307 0.8864583373069763 0.9462962746620178 0.875 0.9518518447875977 0.8770833611488342 0.9555555582046509 0.8729166388511658 0.9611111283302307 0.878125011920929 0.970370352268219 0.8760416507720947 0.9722222089767456 0.859375 0.9462962746620178 0.8552083373069763 0.9518518447875977 0.846875011920929 0.9462962746620178 0.8427083492279053 0.9351851940155029 0.828125 0.9259259104728699 0.8322916626930237 0.9129629731178284 0.831250011920929 0.9037036895751953 0.8239583373069763 0.8907407522201538 0.8010416626930237 0.8740741014480591 0.7979166507720947 0.8925926089286804 0.800000011920929 0.8907407522201538 0.8020833134651184 0.8962963223457336 0.7989583611488342 0.8981481194496155 0.7979166507720947 0.9092592597007751 0.7916666865348816 0.894444465637207 0.778124988079071 0.8888888955116272 0.7802083492279053 0.8981481194496155 0.7739583253860474 0.9055555462837219 0.7739583253860474 0.9203703999519348 0.7614583373069763 0.9129629731178284 0.765625 0.9259259104728699 0.7645833492279053 0.9314814805984497 0.75 0.9296296238899231 0.7427083253860474 0.9370370507240295 0.7322916388511658 0.9351851940155029 0.7333333492279053 0.9574074149131775 0.721875011920929 0.949999988079071 0.715624988079071 0.9592592716217041 0.7104166746139526 0.949999988079071 0.7020833492279053 0.9481481313705444 0.6989583373069763 0.9518518447875977 0.6989583373069763 0.9666666388511658 0.6510416865348816 0.9222221970558167 0.6468750238418579 0.9574074149131775 0.6447916626930237 0.9592592716217041 0.637499988079071 0.9462962746620178 0.6333333253860474 0.9629629850387573 0.6364583373069763 0.9833333492279053 0.6322916746139526 0.9851852059364319 0.6270833611488342 0.9777777791023254 0.6239583492279053 0.9981481432914734
2 0.5104166865348816 0.6722221970558167 0.512499988079071 0.6722221970558167 0.5135416388511658 0.6703703999519348 0.5135416388511658 0.6685185432434082 0.5145833492279053 0.6666666865348816 0.5177083611488342 0.6666666865348816 0.518750011920929 0.664814829826355 0.5249999761581421 0.664814829826355 0.5260416865348816 0.6629629731178284 0.5270833373069763 0.6629629731178284 0.528124988079071 0.6611111164093018 0.528124988079071 0.6592592597007751 0.5270833373069763 0.6592592597007751 0.5260416865348816 0.6574074029922485 0.5239583253860474 0.6574074029922485 0.5218750238418579 0.6537036895751953 0.5229166746139526 0.6518518328666687 0.5218750238418579 0.6499999761581421 0.5208333134651184 0.6499999761581421 0.5197916626930237 0.6481481194496155 0.5145833492279053 0.6481481194496155 0.5135416388511658 0.6499999761581421 0.5135416388511658 0.6518518328666687 0.5166666507720947 0.6574074029922485 0.5166666507720947 0.6592592597007751 0.5145833492279053 0.6629629731178284 0.5135416388511658 0.6629629731178284 0.512499988079071 0.664814829826355 0.5114583373069763 0.664814829826355 0.5104166865348816 0.6666666865348816
2 0.550000011920929 0.6166666746139526 0.550000011920929 0.6185185313224792 0.5520833134651184 0.6222222447395325 0.5510416626930237 0.6240741014480591 0.5510416626930237 0.6277777552604675 0.5520833134651184 0.6296296119689941 0.5552083253860474 0.6296296119689941 0.5562499761581421 0.6314814686775208 0.5583333373069763 0.6314814686775208 0.559374988079071 0.6296296119689941 0.5614583492279053 0.6296296119689941 0.5625 0.6277777552604675 0.5645833611488342 0.6277777552604675 0.5635416507720947 0.6259258985519409 0.5645833611488342 0.6240741014480591 0.5666666626930237 0.6240741014480591 0.5677083134651184 0.6222222447395325 0.5687500238418579 0.6240741014480591 0.5697916746139526 0.6240741014480591 0.5708333253860474 0.6222222447395325 0.5718749761581421 0.6222222447395325 0.5708333253860474 0.6203703880310059 0.5697916746139526 0.6203703880310059 0.5687500238418579 0.6185185313224792 0.5645833611488342 0.6185185313224792 0.5635416507720947 0.6203703880310059 0.5625 0.6203703880310059 0.5614583492279053 0.6185185313224792 0.559374988079071 0.6185185313224792 0.5583333373069763 0.6203703880310059 0.5531250238418579 0.6203703880310059 0.5520833134651184 0.6185185313224792 0.5520833134651184 0.6166666746139526
2 0.5874999761581421 0.5462962985038757 0.5874999761581421 0.5518518686294556 0.5885416865348816 0.5537037253379822 0.590624988079071 0.5537037253379822 0.59375 0.5574073791503906 0.5947916507720947 0.5555555820465088 0.5989583134651184 0.5555555820465088 0.6020833253860474 0.5592592358589172 0.6010416746139526 0.5611110925674438 0.6020833253860474 0.5629629492759705 0.6020833253860474 0.5648148059844971 0.606249988079071 0.5648148059844971 0.6072916388511658 0.5666666626930237 0.6072916388511658 0.5648148059844971 0.6083333492279053 0.5629629492759705 0.6114583611488342 0.5648148059844971 0.612500011920929 0.5666666626930237 0.612500011920929 0.5703703761100769 0.6135416626930237 0.5722222328186035 0.6135416626930237 0.5740740895271301 0.6145833134651184 0.5722222328186035 0.6187499761581421 0.5722222328186035 0.6208333373069763 0.5759259462356567 0.6239583492279053 0.5759259462356567 0.6239583492279053 0.5740740895271301 0.625 0.5722222328186035 0.6270833611488342 0.5759259462356567 0.6270833611488342 0.5777778029441833 0.6312500238418579 0.5777778029441833 0.6322916746139526 0.5759259462356567 0.6333333253860474 0.5759259462356567 0.6322916746139526 0.5740740895271301 0.6333333253860474 0.5722222328186035 0.6333333253860474 0.5703703761100769 0.6343749761581421 0.5685185194015503 0.6354166865348816 0.5685185194015503 0.6354166865348816 0.5666666626930237 0.6333333253860474 0.5629629492759705 0.6343749761581421 0.5611110925674438 0.637499988079071 0.5611110925674438 0.6385416388511658 0.5592592358589172 0.640625 0.5592592358589172 0.6427083611488342 0.5555555820465088 0.643750011920929 0.5555555820465088 0.6427083611488342 0.5555555820465088 0.640625 0.550000011920929 0.6416666507720947 0.5481481552124023 0.643750011920929 0.5481481552124023 0.643750011920929 0.5462962985038757 0.6354166865348816 0.5462962985038757 0.6343749761581421 0.5444444417953491 0.6333333253860474 0.5444444417953491 0.6322916746139526 0.5462962985038757 0.6291666626930237 0.5462962985038757 0.628125011920929 0.5444444417953491 0.6260416507720947 0.5444444417953491 0.625 0.5425925850868225 0.625 0.5444444417953491 0.6260416507720947 0.5462962985038757 0.6291666626930237 0.5462962985038757 0.6302083134651184 0.5481481552124023 0.6302083134651184 0.5518518686294556 0.6312500238418579 0.5537037253379822 0.628125011920929 0.5574073791503906 0.625 0.5555555820465088 0.6239583492279053 0.5537037253379822 0.6239583492279053 0.5518518686294556 0.6197916865348816 0.5444444417953491 0.6197916865348816 0.5425925850868225 0.6208333373069763 0.5407407283782959 0.6177083253860474 0.5407407283782959 0.6166666746139526 0.5388888716697693 0.6177083253860474 0.5370370149612427 0.6208333373069763 0.5370370149612427 0.621874988079071 0.5351851582527161 0.6208333373069763 0.5333333611488342 0.6177083253860474 0.5333333611488342 0.6156250238418579 0.5370370149612427 0.6145833134651184 0.5370370149612427 0.6135416626930237 0.5351851582527161 0.6114583611488342 0.5351851582527161 0.6104166507720947 0.5333333611488342 0.6072916388511658 0.5333333611488342 0.606249988079071 0.5314815044403076 0.6072916388511658 0.529629647731781 0.6135416626930237 0.529629647731781 0.6145833134651184 0.5277777910232544 0.6145833134651184 0.5259259343147278 0.612500011920929 0.5259259343147278 0.6114583611488342 0.5240740776062012 0.609375 0.5240740776062012 0.6083333492279053 0.5259259343147278 0.596875011920929 0.5259259343147278 0.5947916507720947 0.529629647731781 0.59375 0.529629647731781 0.5916666388511658 0.5333333611488342 0.590624988079071 0.5333333611488342 0.5927083492279053 0.5333333611488342 0.59375 0.5351851582527161 0.59375 0.5370370149612427 0.5916666388511658 0.5425925850868225 0.590624988079071 0.5407407283782959 0.5895833373069763 0.5407407283782959 0.5895833373069763 0.5425925850868225
2 0.0 0.43703705072402954 0.0072916666977107525 0.43703705072402954 0.008333333767950535 0.43518519401550293 0.02083333395421505 0.43518519401550293 0.02187499962747097 0.4333333373069763 0.02916666679084301 0.4333333373069763 0.03020833246409893 0.4314814805984497 0.03125 0.4314814805984497 0.01666666753590107 0.4314814805984497 0.015625 0.4296296238899231 0.004166666883975267 0.4296296238899231 0.0031250000465661287 0.4277777671813965 0.0 0.4277777671813965
2 0.9593750238418579 0.4000000059604645 0.9614583253860474 0.4037036895751953 0.9729166626930237 0.4037036895751953 0.9739583134651184 0.4018518626689911 0.9750000238418579 0.4018518626689911 0.9708333611488342 0.4018518626689911 0.9697916507720947 0.4000000059604645
2 0.9333333373069763 0.39444443583488464 0.9385416507720947 0.39444443583488464 0.9395833611488342 0.39629629254341125 0.9458333253860474 0.39629629254341125 0.9468749761581421 0.39444443583488464 0.9697916507720947 0.39444443583488464 0.9708333611488342 0.39259257912635803 0.9666666388511658 0.39259257912635803 0.965624988079071 0.3907407522201538 0.9604166746139526 0.3907407522201538 0.9593750238418579 0.3888888955116272 0.9489583373069763 0.3888888955116272 0.9479166865348816 0.3907407522201538 0.9427083134651184 0.3907407522201538 0.9416666626930237 0.39259257912635803 0.934374988079071 0.39259257912635803
2 0.6875 0.35555556416511536 0.6947916746139526 0.3592592477798462 0.6958333253860474 0.35740742087364197 0.7104166746139526 0.3592592477798462 0.7114583253860474 0.3629629611968994 0.7145833373069763 0.35555556416511536 0.7177083492279053 0.35555556416511536 0.721875011920929 0.3611111044883728 0.7229166626930237 0.364814817905426 0.721875011920929 0.36666667461395264 0.71875 0.364814817905426 0.7197916507720947 0.37037035822868347 0.7166666388511658 0.3722222149372101 0.715624988079071 0.3759259283542633 0.6885416507720947 0.3740740716457367 0.7010416388511658 0.37962964177131653 0.734375 0.385185182094574 0.7697916626930237 0.385185182094574 0.7854166626930237 0.3888888955116272 0.809374988079071 0.3870370388031006 0.8385416865348816 0.39444443583488464 0.8583333492279053 0.39259257912635803 0.8614583611488342 0.3907407522201538 0.8572916388511658 0.3907407522201538 0.8552083373069763 0.3870370388031006 0.8572916388511658 0.38333332538604736 0.8604166507720947 0.385185182094574 0.8666666746139526 0.38148146867752075 0.8770833611488342 0.37037035822868347 0.8791666626930237 0.3722222149372101 0.878125011920929 0.3740740716457367 0.8854166865348816 0.37037035822868347 0.8333333134651184 0.36666667461395264 0.8031250238418579 0.3592592477798462 0.7427083253860474 0.3629629611968994 0.715624988079071 0.35370370745658875 0.6916666626930237 0.35185185074806213
2 0.171875 0.39444443583488464 0.15729166567325592 0.38333332538604736 0.15208333730697632 0.3759259283542633 0.16770833730697632 0.35370370745658875 0.16875000298023224 0.3499999940395355 0.15520833432674408 0.35370370745658875 0.14270833134651184 0.35370370745658875 0.13645833730697632 0.35740742087364197 0.1302083283662796 0.35740742087364197 0.13229165971279144 0.3592592477798462 0.12812499701976776 0.3629629611968994 0.09062500298023224 0.37037035822868347 0.08229167014360428 0.37037035822868347 0.08124999701976776 0.36851853132247925 0.08229167014360428 0.36666667461395264 0.08541666716337204 0.36666667461395264 0.07395832985639572 0.364814817905426 0.04791666567325592 0.37037035822868347 0.05000000074505806 0.3722222149372101 0.05937499925494194 0.3722222149372101 0.06041666492819786 0.36851853132247925 0.06875000149011612 0.37037035822868347 0.06979166716337204 0.3722222149372101 0.06875000149011612 0.3740740716457367 0.03020833246409893 0.38148146867752075 0.02708333358168602 0.385185182094574 0.02500000037252903 0.38333332538604736 0.02395833283662796 0.385185182094574 0.02604166604578495 0.3870370388031006 0.015625 0.39259257912635803 0.0052083334885537624 0.39444443583488464 0.0 0.39259257912635803 0.0 0.4018518626689911 0.02708333358168602 0.39444443583488464 0.03125 0.4000000059604645 0.03750000149011612 0.4000000059604645 0.03854166716337204 0.4018518626689911 0.0364583320915699 0.4037036895751953 0.046875 0.4018518626689911 0.03958333283662796 0.4018518626689911 0.03854166716337204 0.4000000059604645 0.03958333283662796 0.39814814925193787 0.05833333358168602 0.39629629254341125 0.0677083358168602 0.39259257912635803 0.078125 0.39444443583488464 0.08645833283662796 0.3888888955116272 0.09270833432674408 0.3888888955116272 0.109375 0.39629629254341125 0.11874999850988388 0.39629629254341125 0.125 0.4018518626689911 0.13645833730697632 0.4055555462837219 0.14166666567325592 0.4018518626689911 0.14687499403953552 0.4037036895751953 0.14791665971279144 0.4000000059604645 0.15312500298023224 0.4018518626689911
2 0.05000000074505806 0.34259259700775146 0.04062499850988388 0.34259259700775146 0.03958333283662796 0.34074074029922485 0.03437500074505806 0.34074074029922485 0.03333333507180214 0.33888888359069824 0.03229166567325592 0.33888888359069824 0.03125 0.34074074029922485 0.02500000037252903 0.34074074029922485 0.02395833283662796 0.34259259700775146 0.01875000074505806 0.34259259700775146 0.01979166641831398 0.3444444537162781 0.01875000074505806 0.3462963104248047 0.01770833320915699 0.3462963104248047 0.01666666753590107 0.3481481373310089 0.010416666977107525 0.3481481373310089 0.00937500037252903 0.3462963104248047 0.0 0.3462963104248047 0.0 0.35185185074806213 0.0020833334419876337 0.35185185074806213 0.0031250000465661287 0.3499999940395355 0.01666666753590107 0.3499999940395355 0.01770833320915699 0.3481481373310089 0.02916666679084301 0.3481481373310089 0.03020833246409893 0.3462963104248047 0.04062499850988388 0.3462963104248047 0.0416666679084301 0.3444444537162781 0.04270833358168602 0.3444444537162781 0.04374999925494194 0.34259259700775146
2 0.19583334028720856 0.3314814865589142 0.18958333134651184 0.3314814865589142 0.18854166567325592 0.3333333432674408 0.18541666865348816 0.3333333432674408 0.18437500298023224 0.3351851999759674 0.16875000298023224 0.3351851999759674 0.16770833730697632 0.33703702688217163 0.1510416716337204 0.33703702688217163 0.15000000596046448 0.33888888359069824 0.14270833134651184 0.33888888359069824 0.14166666567325592 0.34074074029922485 0.13750000298023224 0.34074074029922485 0.13437500596046448 0.3444444537162781 0.1302083283662796 0.3444444537162781 0.12916666269302368 0.3462963104248047 0.12708333134651184 0.3462963104248047 0.1302083283662796 0.3462963104248047 0.13124999403953552 0.3481481373310089 0.1302083283662796 0.3499999940395355 0.12812499701976776 0.3499999940395355 0.13229165971279144 0.3499999940395355 0.13333334028720856 0.35185185074806213 0.13437500596046448 0.35185185074806213 0.1354166716337204 0.3499999940395355 0.13854166865348816 0.3499999940395355 0.13958333432674408 0.3481481373310089 0.15520833432674408 0.3481481373310089 0.15625 0.3462963104248047 0.15833333134651184 0.3462963104248047 0.16041666269302368 0.34259259700775146 0.16770833730697632 0.34259259700775146 0.16875000298023224 0.34074074029922485 0.18333333730697632 0.34074074029922485 0.18437500298023224 0.33888888359069824 0.18645833432674408 0.33888888359069824 0.1875 0.33703702688217163 0.19062499701976776 0.33703702688217163 0.19166666269302368 0.3351851999759674 0.1927083283662796 0.3351851999759674
2 0.15000000596046448 0.3314814865589142 0.14791665971279144 0.3314814865589142 0.14687499403953552 0.3296296298503876 0.14791665971279144 0.32777777314186096 0.14895834028720856 0.32777777314186096 0.14791665971279144 0.32777777314186096 0.14687499403953552 0.3296296298503876 0.140625 0.3296296298503876 0.14270833134651184 0.3296296298503876 0.14374999701976776 0.3314814865589142 0.14270833134651184 0.3333333432674408 0.12916666269302368 0.3333333432674408 0.1302083283662796 0.3351851999759674 0.12916666269302368 0.33703702688217163 0.12812499701976776 0.33703702688217163 0.12708333134651184 0.3351851999759674 0.125 0.3351851999759674 0.12395833432674408 0.33703702688217163 0.1302083283662796 0.33703702688217163 0.13124999403953552 0.3351851999759674 0.13958333432674408 0.3351851999759674 0.140625 0.3333333432674408 0.1458333283662796 0.3333333432674408 0.14687499403953552 0.3314814865589142
2 0.22708334028720856 0.3203703761100769 0.21458333730697632 0.3203703761100769 0.2135416716337204 0.3222222328186035 0.18958333134651184 0.3222222328186035 0.18854166567325592 0.32407405972480774 0.18125000596046448 0.32407405972480774 0.18020834028720856 0.32592591643333435 0.171875 0.32592591643333435 0.17083333432674408 0.32777777314186096 0.15729166567325592 0.32777777314186096 0.15833333134651184 0.3296296298503876 0.16041666269302368 0.3296296298503876 0.1614583283662796 0.32777777314186096 0.1666666716337204 0.32777777314186096 0.16875000298023224 0.3314814865589142 0.17812499403953552 0.3314814865589142 0.17916665971279144 0.3296296298503876 0.1875 0.3296296298503876 0.18854166567325592 0.32777777314186096 0.19479165971279144 0.32777777314186096 0.19583334028720856 0.32592591643333435 0.19895833730697632 0.32592591643333435 0.20000000298023224 0.32407405972480774 0.20937499403953552 0.32407405972480774 0.21041665971279144 0.3222222328186035 0.21666666865348816 0.3222222328186035 0.21770833432674408 0.3203703761100769
2 0.11354167014360428 0.3203703761100769 0.1197916641831398 0.3203703761100769 0.12083332985639572 0.3185185194015503 0.12187500298023224 0.3185185194015503 0.12291666865348816 0.3203703761100769 0.12395833432674408 0.3185185194015503 0.14687499403953552 0.3185185194015503 0.14791665971279144 0.3166666626930237 0.16458334028720856 0.3166666626930237 0.140625 0.3166666626930237 0.13958333432674408 0.3185185194015503 0.13854166865348816 0.3185185194015503 0.13750000298023224 0.3166666626930237 0.13645833730697632 0.3185185194015503 0.1354166716337204 0.3166666626930237 0.13437500596046448 0.3166666626930237 0.13333334028720856 0.3185185194015503 0.13229165971279144 0.3185185194015503 0.13124999403953552 0.3166666626930237 0.12395833432674408 0.3166666626930237 0.12291666865348816 0.3185185194015503 0.1145833358168602 0.3185185194015503
2 0.9989583492279053 0.5833333134651184 0.703125 0.4185185134410858 0.643750011920929 0.4148148000240326 0.6104166507720947 0.385185182094574 0.6458333134651184 0.35370370745658875 0.5218750238418579 0.34259259700775146 0.6479166746139526 0.31481480598449707 0.518750011920929 0.31296294927597046 0.5385416746139526 0.32592591643333435 0.2958333194255829 0.3740740716457367 0.25729167461395264 0.41111111640930176 0.4385416805744171 0.42407408356666565 0.421875 0.4444444477558136 0.43541666865348816 0.46481481194496155 0.27291667461395264 0.5351851582527161 0.06145833432674408 0.5462962985038757 0.04374999925494194 0.5796296000480652 0.14374999701976776 0.6185185313224792 0.12812499701976776 0.6462963223457336 0.1510416716337204 0.6833333373069763 0.17604166269302368 0.6870370507240295 0.15937499701976776 0.7018518447875977 0.18958333134651184 0.6851851940155029 0.0 0.7981481552124023 0.0 0.9981481432914734 0.32499998807907104 0.9981481432914734 0.26354166865348816 0.8425925970077515 0.5718749761581421 0.7351852059364319 0.4885416626930237 0.7222222089767456 0.4333333373069763 0.770370364189148 0.625 0.46481481194496155 0.45625001192092896 0.4055555462837219 0.4802083373069763 0.3740740716457367 0.5020833611488342 0.38148146867752075 0.48645833134651184 0.4055555462837219 0.49791666865348816 0.42407408356666565 0.5739583373069763 0.3870370388031006 0.6552083492279053 0.4333333373069763 0.6614583134651184 0.4722222089767456 0.9427083134651184 0.5629629492759705 0.890625 0.5629629492759705 0.9020833373069763 0.585185170173645 0.815625011920929 0.5611110925674438 0.762499988079071 0.5111111402511597 0.737500011920929 0.5703703761100769 0.7250000238418579 0.5 0.6499999761581421 0.4870370328426361 0.6697916388511658 0.5388888716697693 0.7364583611488342 0.5814814567565918 0.721875011920929 0.6259258985519409 0.8645833134651184 0.7148148417472839 0.8833333253860474 0.7574074268341064 0.8854166865348816 0.7111111283302307 0.9354166388511658 0.8018518686294556 0.9979166388511658 0.8500000238418579
2 0.39375001192092896 0.3092592656612396 0.38333332538604736 0.3092592656612396 0.38229167461395264 0.307407408952713 0.3739583194255829 0.307407408952713 0.3708333373069763 0.31111112236976624 0.34687501192092896 0.31111112236976624 0.35624998807907104 0.31111112236976624 0.35729166865348816 0.31296294927597046 0.35624998807907104 0.31481480598449707 0.3531250059604645 0.31481480598449707 0.35208332538604736 0.3166666626930237 0.33541667461395264 0.3166666626930237 0.3343749940395355 0.31481480598449707 0.30937498807907104 0.31481480598449707 0.3083333373069763 0.3166666626930237 0.31458333134651184 0.3166666626930237 0.31562501192092896 0.31481480598449707 0.3166666626930237 0.3166666626930237 0.31979167461395264 0.3166666626930237 0.32083332538604736 0.3185185194015503 0.3218750059604645 0.3166666626930237 0.32604166865348816 0.3166666626930237 0.3270833194255829 0.3185185194015503 0.32604166865348816 0.3203703761100769 0.3239583373069763 0.3203703761100769 0.328125 0.3203703761100769 0.3291666805744171 0.3185185194015503 0.33020833134651184 0.3203703761100769 0.3333333432674408 0.3203703761100769 0.3343749940395355 0.3222222328186035 0.3375000059604645 0.3222222328186035 0.3385416567325592 0.3203703761100769 0.3395833373069763 0.3222222328186035 0.3489583432674408 0.3222222328186035 0.3499999940395355 0.3203703761100769 0.36770832538604736 0.3203703761100769 0.3687500059604645 0.3185185194015503 0.37812501192092896 0.3185185194015503 0.3791666626930237 0.3166666626930237 0.37812501192092896 0.31481480598449707 0.3791666626930237 0.31296294927597046 0.3854166567325592 0.31296294927597046 0.3864583373069763 0.31111112236976624 0.38854166865348816 0.31111112236976624 0.3895833194255829 0.3092592656612396
3 0.2395833283662796 0.32592591643333435 0.2562499940395355 0.32592591643333435 0.25729167461395264 0.32407405972480774 0.2927083373069763 0.32407405972480774 0.29374998807907104 0.3222222328186035 0.2979166805744171 0.3222222328186035 0.29895833134651184 0.3203703761100769 0.3020833432674408 0.3203703761100769 0.3031249940395355 0.3222222328186035 0.3062500059604645 0.3222222328186035 0.3072916567325592 0.32407405972480774 0.3229166567325592 0.32407405972480774 0.3229166567325592 0.3203703761100769 0.32083332538604736 0.3203703761100769 0.31979167461395264 0.3185185194015503 0.3166666626930237 0.3185185194015503 0.31562501192092896 0.3166666626930237 0.31458333134651184 0.3185185194015503 0.3072916567325592 0.3185185194015503 0.3062500059604645 0.3166666626930237 0.30000001192092896 0.3166666626930237 0.29895833134651184 0.3185185194015503 0.29479166865348816 0.3185185194015503 0.29374998807907104 0.3166666626930237 0.2874999940395355 0.3166666626930237 0.2864583432674408 0.3185185194015503 0.2854166626930237 0.3185185194015503 0.28437501192092896 0.3166666626930237 0.28333333134651184 0.3185185194015503 0.2802083194255829 0.3185185194015503 0.27916666865348816 0.3203703761100769 0.2760416567325592 0.3222222328186035 0.27291667461395264 0.3185185194015503 0.26770833134651184 0.3185185194015503 0.2666666805744171 0.3166666626930237 0.26249998807907104 0.3166666626930237 0.2614583373069763 0.31481480598449707 0.2604166567325592 0.3166666626930237 0.2552083432674408 0.3166666626930237 0.2541666626930237 0.3185185194015503 0.25208333134651184 0.3185185194015503 0.24687500298023224 0.32407405972480774 0.24375000596046448 0.32407405972480774 0.24270834028720856 0.32592591643333435
4 0.9572916626930237 0.46851852536201477 0.9593750238418579 0.4722222089767456 0.9604166746139526 0.4722222089767456 0.9614583253860474 0.4740740656852722 0.9635416865348816 0.4740740656852722 0.9645833373069763 0.47592592239379883 0.965624988079071 0.47592592239379883 0.9666666388511658 0.47777777910232544 0.9697916507720947 0.47777777910232544 0.9708333611488342 0.47962963581085205 0.9729166626930237 0.47962963581085205 0.9739583134651184 0.48148149251937866 0.9760416746139526 0.48148149251937866 0.9770833253860474 0.4833333194255829 0.9802083373069763 0.4833333194255829 0.981249988079071 0.4851851761341095 0.9833333492279053 0.4851851761341095 0.984375 0.4870370328426361 0.987500011920929 0.4870370328426361 0.9885416626930237 0.4888888895511627 0.9906250238418579 0.4888888895511627 0.9916666746139526 0.49074074625968933 0.9947916865348816 0.49074074625968933 0.9958333373069763 0.49259260296821594 0.9989583492279053 0.49259260296821594 0.9989583492279053 0.46481481194496155 0.9979166388511658 0.46296295523643494 0.9927083253860474 0.46296295523643494 0.9916666746139526 0.4611110985279083 0.9854166507720947 0.4611110985279083 0.984375 0.46296295523643494 0.9791666865348816 0.46296295523643494 0.9781249761581421 0.46481481194496155 0.9760416746139526 0.46481481194496155 0.9750000238418579 0.46296295523643494 0.9708333611488342 0.46296295523643494 0.9697916507720947 0.4611110985279083 0.9635416865348816 0.4611110985279083 0.9624999761581421 0.46296295523643494 0.9593750238418579 0.46296295523643494 0.9583333134651184 0.46481481194496155 0.9593750238418579 0.46666666865348816 0.9583333134651184 0.46851852536201477
