0 0.5218750238418579 0.9407407641410828 0.5218750238418579 0.9388889074325562 0.5229166746139526 0.9370370507240295 0.5239583253860474 0.9370370507240295 0.5270833373069763 0.9425926208496094 0.528124988079071 0.9425926208496094 0.5291666388511658 0.9407407641410828 0.5302083492279053 0.9407407641410828 0.53125 0.9388889074325562 0.5322916507720947 0.9388889074325562 0.5333333611488342 0.9370370507240295 0.534375011920929 0.9370370507240295 0.5354166626930237 0.9351851940155029 0.5364583134651184 0.9351851940155029 0.5364583134651184 0.9333333373069763 0.5375000238418579 0.9314814805984497 0.5354166626930237 0.9314814805984497 0.5322916507720947 0.9259259104728699 0.5291666388511658 0.9259259104728699 0.528124988079071 0.9240740537643433 0.5260416865348816 0.9240740537643433 0.5249999761581421 0.9222221970558167 0.5229166746139526 0.9222221970558167 0.5229166746139526 0.9296296238899231 0.5218750238418579 0.9314814805984497
0 0.24166665971279144 0.6277777552604675 0.22812500596046448 0.6277777552604675 0.22708334028720856 0.6240741014480591 0.23125000298023224 0.6166666746139526 0.20416666567325592 0.6333333253860474 0.16770833730697632 0.6462963223457336 0.10520832985639572 0.6777777671813965 0.07083333283662796 0.7055555582046509 0.02187499962747097 0.7314814925193787 0.01875000074505806 0.729629635810852 0.02500000037252903 0.7222222089767456 0.01979166641831398 0.7240740656852722 0.01979166641831398 0.720370352268219 0.0020833334419876337 0.729629635810852 0.0 0.7370370626449585 0.01979166641831398 0.7314814925193787 0.0 0.75 0.0 0.8777777552604675 0.02812499925494194 0.8592592477798462 0.08958332985639572 0.8037037253379822 0.15937499701976776 0.7481481432914734 0.15625 0.7462962865829468 0.15833333134651184 0.7388888597488403 0.17604166269302368 0.7240740656852722 0.18333333730697632 0.7111111283302307 0.24062499403953552 0.6703703999519348 0.23125000298023224 0.6629629731178284 0.20416666567325592 0.6537036895751953 0.2239583283662796 0.635185182094574
0 0.24687500298023224 0.6259258985519409 0.24791666865348816 0.6259258985519409 0.24895833432674408 0.6240741014480591 0.2604166567325592 0.6240741014480591 0.2614583373069763 0.6222222447395325 0.26249998807907104 0.6222222447395325 0.26354166865348816 0.6203703880310059 0.2645833194255829 0.6203703880310059 0.26354166865348816 0.6203703880310059 0.2604166567325592 0.614814817905426 0.25312501192092896 0.614814817905426 0.25208333134651184 0.6166666746139526 0.24895833432674408 0.6166666746139526 0.24895833432674408 0.6185185313224792 0.2510416805744171 0.6222222447395325 0.25 0.6240741014480591 0.24895833432674408 0.6240741014480591 0.24791666865348816 0.6259258985519409
0 0.22187499701976776 0.5 0.17291666567325592 0.5074074268341064 0.13958333432674408 0.5259259343147278 0.0885416641831398 0.5407407283782959 0.05520833283662796 0.5555555820465088 0.05416666716337204 0.550000011920929 0.06041666492819786 0.5462962985038757 0.05833333358168602 0.5425925850868225 0.10625000298023224 0.5222222208976746 0.12083332985639572 0.5092592835426331 0.19479165971279144 0.47777777910232544 0.15625 0.4870370328426361 0.1354166716337204 0.4981481432914734 0.0 0.5333333611488342 0.0 0.5648148059844971 0.012500000186264515 0.5648148059844971 0.0 0.5722222328186035 0.0 0.614814817905426 0.03750000149011612 0.5981481671333313 0.03541666641831398 0.5944444537162781 0.0572916679084301 0.5777778029441833 0.15000000596046448 0.5351851582527161 0.16875000298023224 0.520370364189148
0 0.9989583492279053 0.5037037134170532 0.9458333253860474 0.4870370328426361 0.9593750238418579 0.4962962865829468 0.9458333253860474 0.5037037134170532 0.8989583253860474 0.4981481432914734 0.8854166865348816 0.4870370328426361 0.8895833492279053 0.46851852536201477 0.7645833492279053 0.4407407343387604 0.734375 0.47777777910232544 0.7739583253860474 0.49444442987442017 0.784375011920929 0.5111111402511597 0.7145833373069763 0.5 0.5145833492279053 0.7722222208976746 0.590624988079071 0.7740740776062012 0.5802083611488342 0.8537036776542664 0.5614583492279053 0.9074074029922485 0.5718749761581421 0.9037036895751953 0.6145833134651184 0.8240740895271301 0.6520833373069763 0.800000011920929 0.6770833134651184 0.8037037253379822 0.6989583373069763 0.8240740895271301 0.7385416626930237 0.8907407522201538 0.7749999761581421 0.8833333253860474 0.7822916507720947 0.8666666746139526 0.828125 0.8629629611968994 0.8302083611488342 0.8314814567565918 0.8385416865348816 0.8296296000480652 0.8416666388511658 0.8092592358589172 0.809374988079071 0.6925926208496094 0.8145833611488342 0.6629629731178284 0.8364583253860474 0.6537036895751953 0.8041666746139526 0.6092592477798462 0.7947916388511658 0.5796296000480652 0.878125011920929 0.5703703761100769 0.965624988079071 0.6481481194496155 0.987500011920929 0.6907407641410828 0.8656250238418579 0.6518518328666687 0.8583333492279053 0.6574074029922485 0.8645833134651184 0.6703703999519348 0.8729166388511658 0.6703703999519348 0.8687499761581421 0.6537036895751953 0.9364583492279053 0.7037037014961243 0.9541666507720947 0.7333333492279053 0.9989583492279053 0.7574074268341064 0.9989583492279053 0.6981481313705444 0.9906250238418579 0.6907407641410828 0.9989583492279053 0.6925926208496094
0 0.684374988079071 0.3629629611968994 0.6916666626930237 0.36851853132247925 0.6895833611488342 0.37037035822868347 0.6927083134651184 0.3722222149372101 0.690625011920929 0.3777777850627899 0.6968749761581421 0.3777777850627899 0.6979166865348816 0.3722222149372101 0.7135416865348816 0.3740740716457367 0.71875 0.37037035822868347 0.7260416746139526 0.3740740716457367 0.7437499761581421 0.3611111044883728 0.7510416507720947 0.3722222149372101 0.768750011920929 0.37037035822868347 0.7760416865348816 0.3759259283542633 0.784375011920929 0.3740740716457367 0.7947916388511658 0.3777777850627899 0.8010416626930237 0.38333332538604736 0.831250011920929 0.37962964177131653 0.8270833492279053 0.3777777850627899 0.8270833492279053 0.3740740716457367 0.8416666388511658 0.3722222149372101 0.8541666865348816 0.37962964177131653 0.846875011920929 0.385185182094574 0.8885416388511658 0.38148146867752075 0.890625 0.3888888955116272 0.871874988079071 0.3870370388031006 0.8687499761581421 0.39259257912635803 0.8864583373069763 0.4018518626689911 0.8812500238418579 0.4000000059604645 0.8812500238418579 0.39629629254341125 0.9010416865348816 0.38333332538604736 0.9145833253860474 0.3907407522201538 0.9260416626930237 0.3907407522201538 0.9385416507720947 0.39629629254341125 0.9322916865348816 0.3870370388031006 0.871874988079071 0.37037035822868347 0.8510416746139526 0.3611111044883728 0.8333333134651184 0.3592592477798462 0.7708333134651184 0.33888888359069824 0.7677083611488342 0.3462963104248047 0.7593749761581421 0.35185185074806213 0.75 0.35185185074806213 0.7437499761581421 0.34259259700775146 0.7364583611488342 0.34259259700775146 0.7354166507720947 0.33888888359069824 0.7145833373069763 0.3481481373310089 0.703125 0.35740742087364197 0.7270833253860474 0.35740742087364197 0.7302083373069763 0.3611111044883728 0.7260416746139526 0.364814817905426
0 0.5520833134651184 0.34074074029922485 0.5531250238418579 0.34259259700775146 0.5666666626930237 0.34259259700775146 0.5739583373069763 0.3462963104248047 0.581250011920929 0.3462963104248047 0.5822916626930237 0.3444444537162781 0.5854166746139526 0.3462963104248047 0.6052083373069763 0.3462963104248047 0.606249988079071 0.3444444537162781 0.6166666746139526 0.3444444537162781 0.6177083253860474 0.34259259700775146 0.6364583373069763 0.3462963104248047 0.637499988079071 0.3499999940395355 0.6458333134651184 0.35185185074806213 0.6468750238418579 0.35370370745658875 0.6458333134651184 0.35555556416511536 0.6395833492279053 0.35555556416511536 0.6385416388511658 0.35370370745658875 0.6135416626930237 0.35555556416511536 0.6114583611488342 0.35370370745658875 0.606249988079071 0.35555556416511536 0.6083333492279053 0.35740742087364197 0.6177083253860474 0.35740742087364197 0.6291666626930237 0.3629629611968994 0.643750011920929 0.3611111044883728 0.6447916626930237 0.3629629611968994 0.6708333492279053 0.364814817905426 0.671875 0.36666667461395264 0.6708333492279053 0.36851853132247925 0.6635416746139526 0.36851853132247925 0.6614583134651184 0.3722222149372101 0.659375011920929 0.3722222149372101 0.6697916388511658 0.3722222149372101 0.6708333492279053 0.36851853132247925 0.6760416626930237 0.36666667461395264 0.671875 0.36666667461395264 0.6625000238418579 0.3611111044883728 0.653124988079071 0.3629629611968994 0.6520833373069763 0.3611111044883728 0.653124988079071 0.35740742087364197 0.6677083373069763 0.35185185074806213 0.6677083373069763 0.3481481373310089 0.6645833253860474 0.3462963104248047 0.6427083611488342 0.3444444537162781 0.6322916746139526 0.34074074029922485 0.621874988079071 0.34259259700775146 0.6072916388511658 0.33703702688217163 0.5885416865348816 0.33703702688217163 0.5874999761581421 0.3351851999759674 0.5864583253860474 0.33703702688217163 0.5718749761581421 0.33703702688217163 0.5677083134651184 0.33888888359069824 0.565625011920929 0.34259259700775146
1 0.7760416865348816 0.7222222089767456 0.7760416865348816 0.7259259223937988 0.7749999761581421 0.7277777791023254 0.7760416865348816 0.729629635810852 0.7760416865348816 0.7407407164573669 0.7770833373069763 0.7425925731658936 0.7770833373069763 0.7481481432914734 0.778124988079071 0.75 0.778124988079071 0.7574074268341064 0.7770833373069763 0.7592592835426331 0.7770833373069763 0.7611111402511597 0.7729166746139526 0.7685185074806213 0.7718750238418579 0.7685185074806213 0.7666666507720947 0.7740740776062012 0.7645833492279053 0.7740740776062012 0.7635416388511658 0.7759259343147278 0.762499988079071 0.7759259343147278 0.7604166865348816 0.779629647731781 0.7593749761581421 0.7851851582527161 0.7604166865348816 0.7870370149612427 0.7614583373069763 0.7925925850868225 0.765625 0.800000011920929 0.765625 0.8018518686294556 0.7666666507720947 0.8018518686294556 0.7718750238418579 0.8111110925674438 0.7729166746139526 0.8111110925674438 0.778124988079071 0.8185185194015503 0.78125 0.8203703761100769 0.7833333611488342 0.8240740895271301 0.784375011920929 0.8240740895271301 0.7854166626930237 0.8259259462356567 0.7875000238418579 0.8259259462356567 0.7885416746139526 0.8277778029441833 0.7906249761581421 0.8277778029441833 0.7916666865348816 0.8296296000480652 0.8010416626930237 0.8296296000480652 0.8031250238418579 0.8259259462356567 0.8041666746139526 0.8259259462356567 0.8052083253860474 0.8240740895271301 0.8052083253860474 0.8203703761100769 0.8041666746139526 0.8185185194015503 0.8041666746139526 0.8111110925674438 0.8010416626930237 0.8074073791503906 0.8020833134651184 0.8055555820465088 0.8020833134651184 0.8037037253379822 0.8010416626930237 0.8018518686294556 0.8010416626930237 0.7981481552124023 0.7989583611488342 0.7925925850868225 0.800000011920929 0.7907407283782959 0.800000011920929 0.779629647731781 0.7989583611488342 0.7777777910232544 0.7989583611488342 0.7759259343147278 0.7979166507720947 0.7740740776062012 0.796875 0.7685185074806213 0.7947916388511658 0.7648147940635681 0.7947916388511658 0.7629629373550415 0.7958333492279053 0.7611111402511597 0.7958333492279053 0.7574074268341064 0.7947916388511658 0.7555555701255798 0.7958333492279053 0.7537037134170532 0.7958333492279053 0.7518518567085266 0.7947916388511658 0.75 0.7947916388511658 0.7407407164573669 0.793749988079071 0.7388888597488403 0.793749988079071 0.7370370626449585 0.7906249761581421 0.7314814925193787 0.7906249761581421 0.729629635810852 0.7875000238418579 0.7240740656852722 0.7864583134651184 0.7240740656852722 0.7854166626930237 0.7222222089767456 0.7822916507720947 0.7222222089767456 0.78125 0.720370352268219 0.7791666388511658 0.720370352268219 0.778124988079071 0.7222222089767456
1 0.6364583373069763 0.6240741014480591 0.6354166865348816 0.6259258985519409 0.6354166865348816 0.6333333253860474 0.6395833492279053 0.6407407522201538 0.6416666507720947 0.6407407522201538 0.6416666507720947 0.6314814686775208 0.640625 0.6296296119689941 0.640625 0.6277777552604675 0.6385416388511658 0.6240741014480591
1 0.953125 0.6259258985519409 0.9541666507720947 0.6259258985519409 0.9552083611488342 0.6277777552604675 0.956250011920929 0.6277777552604675 0.9583333134651184 0.6314814686775208 0.9614583253860474 0.6314814686775208 0.9624999761581421 0.6333333253860474 0.9645833373069763 0.6333333253860474 0.965624988079071 0.635185182094574 0.9697916507720947 0.635185182094574 0.9708333611488342 0.6370370388031006 0.9760416746139526 0.6370370388031006 0.9760416746139526 0.635185182094574 0.9750000238418579 0.635185182094574 0.9739583134651184 0.6333333253860474 0.9729166626930237 0.6333333253860474 0.971875011920929 0.6314814686775208 0.9708333611488342 0.6314814686775208 0.9677083492279053 0.6259258985519409 0.9645833373069763 0.6259258985519409 0.9635416865348816 0.6240741014480591 0.9614583253860474 0.6240741014480591 0.9604166746139526 0.6222222447395325 0.9552083611488342 0.6222222447395325
1 0.8041666746139526 0.5037037134170532 0.8062499761581421 0.5055555701255798 0.8041666746139526 0.5074074268341064 0.8062499761581421 0.5074074268341064 0.8072916865348816 0.5111111402511597 0.8114583492279053 0.5148147940635681 0.815625011920929 0.5148147940635681 0.8166666626930237 0.5166666507720947 0.8187500238418579 0.5166666507720947 0.8197916746139526 0.5148147940635681 0.8239583373069763 0.5185185074806213 0.8291666507720947 0.5185185074806213 0.8302083611488342 0.520370364189148 0.8343750238418579 0.520370364189148 0.8354166746139526 0.5222222208976746 0.8374999761581421 0.5222222208976746 0.8385416865348816 0.520370364189148 0.84375 0.520370364189148 0.8447916507720947 0.5222222208976746 0.8520833253860474 0.5222222208976746 0.8489583134651184 0.5222222208976746 0.8479166626930237 0.520370364189148 0.84375 0.520370364189148 0.8427083492279053 0.5185185074806213 0.84375 0.5166666507720947 0.8500000238418579 0.5166666507720947 0.8510416746139526 0.5185185074806213 0.8552083373069763 0.5185185074806213 0.856249988079071 0.520370364189148 0.8552083373069763 0.5222222208976746 0.856249988079071 0.5240740776062012 0.8635416626930237 0.5240740776062012 0.862500011920929 0.5222222208976746 0.8635416626930237 0.520370364189148 0.8656250238418579 0.5222222208976746 0.8697916865348816 0.5222222208976746 0.8656250238418579 0.5185185074806213 0.8614583611488342 0.5185185074806213 0.8583333492279053 0.5129629373550415 0.8552083373069763 0.5129629373550415 0.8541666865348816 0.5111111402511597 0.8510416746139526 0.5111111402511597 0.8500000238418579 0.5092592835426331 0.8458333611488342 0.5092592835426331 0.8447916507720947 0.5074074268341064 0.840624988079071 0.5074074268341064 0.8395833373069763 0.5055555701255798 0.8427083492279053 0.5018518567085266 0.8479166626930237 0.5018518567085266 0.8489583134651184 0.5037037134170532 0.856249988079071 0.5037037134170532 0.8572916388511658 0.5055555701255798 0.8666666746139526 0.5055555701255798 0.8677083253860474 0.5074074268341064 0.8666666746139526 0.5055555701255798 0.862500011920929 0.5055555701255798 0.8604166507720947 0.5018518567085266 0.859375 0.5037037134170532 0.8583333492279053 0.5018518567085266 0.8510416746139526 0.5018518567085266 0.8500000238418579 0.5 0.8395833373069763 0.5 0.8385416865348816 0.4981481432914734 0.824999988079071 0.4981481432914734 0.8239583373069763 0.5 0.8218749761581421 0.4981481432914734 0.8208333253860474 0.5 0.8166666626930237 0.5 0.815625011920929 0.5018518567085266 0.8135416507720947 0.5 0.8114583492279053 0.5018518567085266 0.809374988079071 0.5018518567085266 0.8083333373069763 0.5 0.809374988079071 0.5018518567085266 0.8083333373069763 0.5037037134170532 0.8062499761581421 0.5018518567085266
1 0.71875 0.4962962865829468 0.7197916507720947 0.4962962865829468 0.7208333611488342 0.4981481432914734 0.7281249761581421 0.4981481432914734 0.7291666865348816 0.5 0.7333333492279053 0.5 0.734375 0.5018518567085266 0.737500011920929 0.5018518567085266 0.7385416626930237 0.5037037134170532 0.746874988079071 0.5037037134170532 0.7479166388511658 0.5055555701255798 0.75 0.5055555701255798 0.7510416507720947 0.5074074268341064 0.753125011920929 0.5074074268341064 0.7541666626930237 0.5092592835426331 0.7552083134651184 0.5074074268341064 0.762499988079071 0.5074074268341064 0.7635416388511658 0.5055555701255798 0.765625 0.5055555701255798 0.7666666507720947 0.5074074268341064 0.768750011920929 0.5074074268341064 0.7697916626930237 0.5092592835426331 0.7718750238418579 0.5092592835426331 0.7729166746139526 0.5074074268341064 0.7739583253860474 0.5092592835426331 0.784375011920929 0.5092592835426331 0.7833333611488342 0.5074074268341064 0.78125 0.5074074268341064 0.7802083492279053 0.5055555701255798 0.7791666388511658 0.5055555701255798 0.778124988079071 0.5037037134170532 0.778124988079071 0.5018518567085266 0.7770833373069763 0.5018518567085266 0.7739583253860474 0.4962962865829468 0.768750011920929 0.4962962865829468 0.7677083611488342 0.4981481432914734 0.7666666507720947 0.4962962865829468 0.7645833492279053 0.4962962865829468 0.7635416388511658 0.49444442987442017 0.7614583373069763 0.49444442987442017 0.7593749761581421 0.49074074625968933 0.7562500238418579 0.49074074625968933 0.7541666626930237 0.4870370328426361 0.753125011920929 0.4870370328426361 0.75 0.4833333194255829 0.7437499761581421 0.4833333194255829 0.7427083253860474 0.48148149251937866 0.7406250238418579 0.48148149251937866 0.7395833134651184 0.47962963581085205 0.7364583611488342 0.47962963581085205 0.7354166507720947 0.47777777910232544 0.734375 0.47962963581085205 0.7333333492279053 0.47777777910232544 0.7322916388511658 0.47777777910232544 0.7302083373069763 0.48148149251937866 0.7291666865348816 0.48148149251937866 0.7260416746139526 0.4870370328426361 0.7250000238418579 0.4870370328426361 0.721875011920929 0.49259260296821594 0.7208333611488342 0.49259260296821594
1 0.8864583373069763 0.4851851761341095 0.8864583373069763 0.4870370328426361 0.8895833492279053 0.49074074625968933 0.8916666507720947 0.49074074625968933 0.8927083611488342 0.49259260296821594 0.8947916626930237 0.49259260296821594 0.8958333134651184 0.49444442987442017 0.8979166746139526 0.49444442987442017 0.8989583253860474 0.4962962865829468 0.9052083492279053 0.4962962865829468 0.90625 0.4981481432914734 0.9166666865348816 0.4981481432914734 0.9177083373069763 0.5 0.918749988079071 0.4981481432914734 0.921875 0.4981481432914734 0.9229166507720947 0.5 0.9270833134651184 0.5 0.9281250238418579 0.4981481432914734 0.9322916865348816 0.4981481432914734 0.9333333373069763 0.5 0.9364583492279053 0.5 0.9375 0.5018518567085266 0.9385416507720947 0.5018518567085266 0.9395833611488342 0.5 0.9416666626930237 0.5 0.9427083134651184 0.5018518567085266 0.9458333253860474 0.5018518567085266 0.9489583373069763 0.4981481432914734 0.949999988079071 0.5 0.9520833492279053 0.5 0.9552083611488342 0.4962962865829468 0.9572916626930237 0.4962962865829468 0.9583333134651184 0.4981481432914734 0.9583333134651184 0.4962962865829468 0.9572916626930237 0.49444442987442017 0.9552083611488342 0.49444442987442017 0.9541666507720947 0.49259260296821594 0.9510416388511658 0.49259260296821594 0.949999988079071 0.49074074625968933 0.9468749761581421 0.49074074625968933 0.9458333253860474 0.4888888895511627 0.9468749761581421 0.4870370328426361 0.949999988079071 0.4870370328426361 0.9468749761581421 0.4870370328426361 0.9458333253860474 0.4888888895511627 0.9416666626930237 0.4888888895511627 0.940625011920929 0.4870370328426361 0.9416666626930237 0.4851851761341095 0.9437500238418579 0.4851851761341095 0.9395833611488342 0.4851851761341095 0.9385416507720947 0.4833333194255829 0.9333333373069763 0.4833333194255829 0.9322916865348816 0.48148149251937866 0.9281250238418579 0.48148149251937866 0.9270833134651184 0.47962963581085205 0.9229166507720947 0.47962963581085205 0.921875 0.47777777910232544 0.9177083373069763 0.47777777910232544 0.9166666865348816 0.47592592239379883 0.9114583134651184 0.47592592239379883 0.9104166626930237 0.4740740656852722 0.90625 0.4740740656852722 0.9052083492279053 0.4722222089767456 0.9010416865348816 0.4722222089767456 0.8999999761581421 0.4703703820705414 0.8916666507720947 0.4703703820705414 0.890625 0.46851852536201477 0.890625 0.4703703820705414 0.8895833492279053 0.4722222089767456 0.8916666507720947 0.47592592239379883 0.890625 0.47777777910232544 0.8895833492279053 0.47777777910232544 0.8885416388511658 0.47962963581085205 0.8885416388511658 0.4833333194255829 0.887499988079071 0.4851851761341095
1 0.8927083611488342 0.4166666567325592 0.893750011920929 0.4185185134410858 0.893750011920929 0.42222222685813904 0.8958333134651184 0.42592594027519226 0.8958333134651184 0.4277777671813965 0.90625 0.4277777671813965 0.9072916507720947 0.4296296238899231 0.9166666865348816 0.4296296238899231 0.9177083373069763 0.4314814805984497 0.9229166507720947 0.4314814805984497 0.9239583611488342 0.4333333373069763 0.9281250238418579 0.4333333373069763 0.9291666746139526 0.43518519401550293 0.9333333373069763 0.43518519401550293 0.934374988079071 0.43703705072402954 0.9385416507720947 0.43703705072402954 0.9395833611488342 0.43888887763023376 0.9447916746139526 0.43888887763023376 0.9458333253860474 0.4407407343387604 0.9520833492279053 0.4407407343387604 0.953125 0.442592591047287 0.9604166746139526 0.442592591047287 0.9614583253860474 0.4444444477558136 0.96875 0.4444444477558136 0.9697916507720947 0.442592591047287 0.9854166507720947 0.442592591047287 0.9760416746139526 0.442592591047287 0.9750000238418579 0.4407407343387604 0.9697916507720947 0.4407407343387604 0.96875 0.442592591047287 0.9677083492279053 0.442592591047287 0.9666666388511658 0.4407407343387604 0.9677083492279053 0.43888887763023376 0.9624999761581421 0.43888887763023376 0.9614583253860474 0.4407407343387604 0.9593750238418579 0.43703705072402954 0.9572916626930237 0.43703705072402954 0.956250011920929 0.43888887763023376 0.9552083611488342 0.43703705072402954 0.953125 0.43703705072402954 0.9520833492279053 0.43518519401550293 0.9489583373069763 0.43518519401550293 0.9479166865348816 0.4333333373069763 0.9437500238418579 0.4333333373069763 0.9427083134651184 0.4314814805984497 0.9427083134651184 0.4296296238899231 0.9385416507720947 0.4296296238899231 0.9375 0.4314814805984497 0.9364583492279053 0.4314814805984497 0.9354166388511658 0.4296296238899231 0.9312499761581421 0.4296296238899231 0.9302083253860474 0.4277777671813965 0.925000011920929 0.4277777671813965 0.9239583611488342 0.42592594027519226 0.9197916388511658 0.42592594027519226 0.918749988079071 0.42407408356666565 0.9125000238418579 0.42407408356666565 0.9114583134651184 0.42222222685813904 0.9083333611488342 0.42222222685813904 0.9072916507720947 0.4203703701496124 0.9041666388511658 0.4203703701496124 0.9010416865348816 0.4148148000240326 0.8947916626930237 0.4148148000240326 0.893750011920929 0.4166666567325592
1 0.4260416626930237 0.4000000059604645 0.4229166805744171 0.4000000059604645 0.421875 0.39814814925193787 0.41874998807907104 0.39814814925193787 0.4177083373069763 0.39629629254341125 0.4156250059604645 0.39629629254341125 0.41458332538604736 0.39444443583488464 0.4156250059604645 0.39259257912635803 0.4166666567325592 0.39259257912635803 0.4156250059604645 0.39259257912635803 0.41458332538604736 0.3907407522201538 0.4114583432674408 0.3907407522201538 0.4104166626930237 0.3888888955116272 0.4104166626930237 0.3870370388031006 0.4052083194255829 0.3870370388031006 0.40416666865348816 0.385185182094574 0.40312498807907104 0.3870370388031006 0.39270833134651184 0.3870370388031006 0.3916666805744171 0.3888888955116272 0.3791666626930237 0.3888888955116272 0.37812501192092896 0.3907407522201538 0.37187498807907104 0.3907407522201538 0.37187498807907104 0.39259257912635803 0.3760416805744171 0.39259257912635803 0.37708333134651184 0.39444443583488464 0.3812499940395355 0.39444443583488464 0.38229167461395264 0.39629629254341125 0.3864583373069763 0.39629629254341125 0.38749998807907104 0.39814814925193787 0.3947916626930237 0.39814814925193787 0.3958333432674408 0.4000000059604645 0.40937501192092896 0.4000000059604645 0.4104166626930237 0.4018518626689911 0.41979166865348816 0.4018518626689911 0.4208333194255829 0.4000000059604645
1 0.890625 0.3870370388031006 0.8885416388511658 0.38333332538604736 0.8822916746139526 0.38333332538604736 0.8812500238418579 0.385185182094574 0.8666666746139526 0.385185182094574 0.875 0.385185182094574 0.8760416507720947 0.3870370388031006
1 0.42500001192092896 0.38148146867752075 0.42916667461395264 0.38148146867752075 0.43020832538604736 0.38333332538604736 0.43541666865348816 0.38333332538604736 0.4364583194255829 0.385185182094574 0.4416666626930237 0.385185182094574 0.4427083432674408 0.3870370388031006 0.4468750059604645 0.3870370388031006 0.4479166567325592 0.3888888955116272 0.4520833194255829 0.3888888955116272 0.453125 0.3907407522201538 0.4583333432674408 0.3907407522201538 0.45625001192092896 0.3907407522201538 0.45520833134651184 0.3888888955116272 0.45625001192092896 0.3870370388031006 0.4572916626930237 0.3870370388031006 0.45625001192092896 0.3870370388031006 0.45520833134651184 0.3888888955116272 0.4541666805744171 0.3870370388031006 0.4520833194255829 0.3870370388031006 0.44999998807907104 0.38333332538604736 0.4333333373069763 0.38333332538604736 0.4322916567325592 0.38148146867752075 0.4322916567325592 0.37962964177131653 0.4312500059604645 0.38148146867752075
1 0.90625 0.3888888955116272 0.90625 0.4018518626689911 0.9072916507720947 0.4018518626689911 0.909375011920929 0.39814814925193787 0.9104166626930237 0.4018518626689911 0.9125000238418579 0.4018518626689911 0.9135416746139526 0.4037036895751953 0.9229166507720947 0.4055555462837219 0.9239583611488342 0.40740740299224854 0.9281250238418579 0.40740740299224854 0.9312499761581421 0.41111111640930176 0.9333333373069763 0.40925925970077515 0.9354166388511658 0.41296297311782837 0.9385416507720947 0.41296297311782837 0.9395833611488342 0.4148148000240326 0.9624999761581421 0.4185185134410858 0.9635416865348816 0.4203703701496124 0.9666666388511658 0.4203703701496124 0.9677083492279053 0.42222222685813904 0.9791666865348816 0.42407408356666565 0.9802083373069763 0.42592594027519226 0.9864583611488342 0.42592594027519226 0.987500011920929 0.4277777671813965 0.9979166388511658 0.4296296238899231 0.9989583492279053 0.4314814805984497 0.9989583492279053 0.385185182094574 0.9937499761581421 0.385185182094574 0.9927083253860474 0.38333332538604736 0.9791666865348816 0.38333332538604736 0.9781249761581421 0.38148146867752075 0.9677083492279053 0.38148146867752075 0.9666666388511658 0.37962964177131653 0.9593750238418579 0.37962964177131653 0.9583333134651184 0.3777777850627899 0.9520833492279053 0.3777777850627899 0.9510416388511658 0.37962964177131653 0.949999988079071 0.3777777850627899 0.9489583373069763 0.37962964177131653 0.9437500238418579 0.37962964177131653 0.9427083134651184 0.38148146867752075 0.9395833611488342 0.38148146867752075 0.9385416507720947 0.38333332538604736 0.9322916865348816 0.38333332538604736 0.9312499761581421 0.38148146867752075 0.9229166507720947 0.38148146867752075 0.921875 0.37962964177131653 0.9197916388511658 0.37962964177131653 0.918749988079071 0.38148146867752075 0.9156249761581421 0.38148146867752075 0.9197916388511658 0.38148146867752075 0.9208333492279053 0.38333332538604736 0.9322916865348816 0.385185182094574 0.934374988079071 0.3870370388031006 0.9395833611488342 0.39629629254341125 0.9385416507720947 0.39814814925193787 0.9322916865348816 0.39629629254341125 0.9312499761581421 0.39444443583488464 0.9270833134651184 0.39444443583488464 0.9260416626930237 0.39259257912635803 0.9145833253860474 0.39259257912635803 0.9135416746139526 0.3907407522201538 0.909375011920929 0.3907407522201538 0.9083333611488342 0.3888888955116272
1 0.9989583492279053 0.7592592835426331 0.8572916388511658 0.6592592597007751 0.9864583611488342 0.6907407641410828 0.965624988079071 0.6499999761581421 0.878125011920929 0.5722222328186035 0.800000011920929 0.5740740895271301 0.8374999761581421 0.6537036895751953 0.8104166388511658 0.6925926208496094 0.8427083492279053 0.8092592358589172 0.828125 0.864814817905426 0.7385416626930237 0.8925926089286804 0.6989583373069763 0.8259259462356567 0.6520833373069763 0.8018518686294556 0.5614583492279053 0.9092592597007751 0.5895833373069763 0.7740740776062012 0.5135416388511658 0.7722222208976746 0.7114583253860474 0.5018518567085266 0.5406249761581421 0.42222222685813904 0.596875011920929 0.3777777850627899 0.4229166805744171 0.41296297311782837 0.44479167461395264 0.42222222685813904 0.4010416567325592 0.44999998807907104 0.3114583194255829 0.42592594027519226 0.05937499925494194 0.5425925850868225 0.22187499701976776 0.5018518567085266 0.0 0.6166666746139526 0.0 0.7314814925193787 0.02604166604578495 0.7222222089767456 0.0 0.7481481432914734 0.16770833730697632 0.644444465637207 0.24270834028720856 0.6277777552604675 0.20520833134651184 0.6537036895751953 0.24062499403953552 0.6722221970558167 0.0 0.8796296119689941 0.0 0.9981481432914734 0.9989583492279053 0.9981481432914734
1 0.4749999940395355 0.3740740716457367 0.4739583432674408 0.3759259283542633 0.46875 0.3759259283542633 0.4677083194255829 0.3740740716457367 0.4635416567325592 0.3740740716457367 0.4625000059604645 0.3722222149372101 0.4583333432674408 0.3722222149372101 0.45625001192092896 0.36851853132247925 0.45625001192092896 0.36666667461395264 0.4572916626930237 0.364814817905426 0.4583333432674408 0.364814817905426 0.4583333432674408 0.3629629611968994 0.4572916626930237 0.364814817905426 0.4541666805744171 0.3629629611968994 0.453125 0.364814817905426 0.44479167461395264 0.364814817905426 0.4437499940395355 0.36666667461395264 0.4427083432674408 0.36666667461395264 0.4416666626930237 0.364814817905426 0.43958333134651184 0.364814817905426 0.4385416805744171 0.36666667461395264 0.4208333194255829 0.36666667461395264 0.421875 0.36851853132247925 0.4208333194255829 0.37037035822868347 0.4104166626930237 0.37037035822868347 0.40937501192092896 0.3722222149372101 0.40416666865348816 0.3722222149372101 0.40312498807907104 0.37037035822868347 0.4020833373069763 0.3722222149372101 0.4000000059604645 0.3722222149372101 0.39895832538604736 0.37037035822868347 0.39270833134651184 0.37037035822868347 0.3958333432674408 0.37037035822868347 0.3968749940395355 0.3722222149372101 0.4020833373069763 0.3722222149372101 0.40312498807907104 0.3740740716457367 0.4072916805744171 0.3740740716457367 0.40833333134651184 0.3759259283542633 0.4124999940395355 0.3759259283542633 0.41354167461395264 0.3777777850627899 0.4177083373069763 0.3777777850627899 0.41874998807907104 0.37962964177131653 0.421875 0.37962964177131653 0.4229166805744171 0.3777777850627899 0.4270833432674408 0.3777777850627899 0.4281249940395355 0.3759259283542633 0.43437498807907104 0.3759259283542633 0.43541666865348816 0.3740740716457367 0.43437498807907104 0.3722222149372101 0.43541666865348816 0.37037035822868347 0.4385416805744171 0.37037035822868347 0.43958333134651184 0.3722222149372101 0.44479167461395264 0.3722222149372101 0.44583332538604736 0.3740740716457367 0.44999998807907104 0.3740740716457367 0.45104166865348816 0.3759259283542633 0.4520833194255829 0.3759259283542633 0.453125 0.3740740716457367 0.45520833134651184 0.3740740716457367 0.4583333432674408 0.3777777850627899 0.4593749940395355 0.3777777850627899 0.4625000059604645 0.3740740716457367 0.4677083194255829 0.3740740716457367 0.46875 0.3759259283542633 0.4729166626930237 0.3759259283542633 0.4739583432674408 0.3777777850627899 0.4739583432674408 0.3759259283542633
1 0.6458333134651184 0.35370370745658875 0.6416666507720947 0.35370370745658875 0.640625 0.35185185074806213 0.637499988079071 0.35185185074806213 0.6364583373069763 0.3499999940395355 0.6364583373069763 0.3481481373310089 0.6333333253860474 0.3481481373310089 0.6322916746139526 0.3462963104248047 0.6239583492279053 0.3462963104248047 0.6229166388511658 0.3444444537162781 0.6177083253860474 0.3444444537162781 0.6166666746139526 0.3462963104248047 0.606249988079071 0.3462963104248047 0.6052083373069763 0.3481481373310089 0.5854166746139526 0.3481481373310089 0.5843750238418579 0.3462963104248047 0.5822916626930237 0.3462963104248047 0.581250011920929 0.3481481373310089 0.5760416388511658 0.3481481373310089 0.574999988079071 0.3499999940395355 0.581250011920929 0.3499999940395355 0.5822916626930237 0.35185185074806213 0.5833333134651184 0.35185185074806213 0.5843750238418579 0.3499999940395355 0.5854166746139526 0.35185185074806213 0.5895833373069763 0.35185185074806213 0.590624988079071 0.35370370745658875 0.596875011920929 0.35370370745658875 0.5979166626930237 0.35555556416511536 0.6052083373069763 0.35555556416511536 0.606249988079071 0.35370370745658875 0.6104166507720947 0.35370370745658875 0.6114583611488342 0.35185185074806213 0.612500011920929 0.35185185074806213 0.6135416626930237 0.35370370745658875 0.6322916746139526 0.35370370745658875 0.6333333253860474 0.35185185074806213 0.6385416388511658 0.35185185074806213 0.6395833492279053 0.35370370745658875
2 0.5093749761581421 0.5166666507720947 0.48229166865348816 0.5037037134170532 0.48124998807907104 0.5018518567085266 0.4833333194255829 0.4981481432914734 0.4958333373069763 0.4962962865829468 0.48124998807907104 0.49444442987442017 0.47187501192092896 0.5 0.4635416567325592 0.4981481432914734 0.4645833373069763 0.5 0.4635416567325592 0.5037037134170532 0.46041667461395264 0.5037037134170532 0.45104166865348816 0.5111111402511597 0.4427083432674408 0.5111111402511597 0.44062501192092896 0.5074074268341064 0.43958333134651184 0.5 0.4322916567325592 0.4981481432914734 0.4229166805744171 0.5018518567085266 0.4156250059604645 0.5018518567085266 0.4104166626930237 0.4981481432914734 0.39375001192092896 0.5 0.3843750059604645 0.5037037134170532 0.375 0.5037037134170532 0.3635416626930237 0.5092592835426331 0.3541666567325592 0.5092592835426331 0.33645832538604736 0.5370370149612427 0.33125001192092896 0.5407407283782959 0.33125001192092896 0.5444444417953491 0.3385416567325592 0.5462962985038757 0.3583333194255829 0.5407407283782959 0.37812501192092896 0.5388888716697693 0.38229167461395264 0.5370370149612427 0.38749998807907104 0.5277777910232544 0.39895832538604736 0.5222222208976746 0.41458332538604736 0.520370364189148 0.4156250059604645 0.5222222208976746 0.42500001192092896 0.5222222208976746 0.4281249940395355 0.5259259343147278 0.4333333373069763 0.5185185074806213 0.44479167461395264 0.5129629373550415 0.453125 0.5129629373550415 0.4583333432674408 0.520370364189148 0.47083333134651184 0.5148147940635681 0.47187501192092896 0.5185185074806213 0.4645833373069763 0.5259259343147278 0.46875 0.5333333611488342 0.4895833432674408 0.520370364189148 0.49687498807907104 0.5259259343147278
2 0.49791666865348816 0.49444442987442017 0.503125011920929 0.49444442987442017 0.5041666626930237 0.4962962865829468 0.5072916746139526 0.4962962865829468 0.5083333253860474 0.4981481432914734 0.5083333253860474 0.5018518567085266 0.5072916746139526 0.5037037134170532 0.5083333253860474 0.5055555701255798 0.5072916746139526 0.5074074268341064 0.5062500238418579 0.5074074268341064 0.5093749761581421 0.5074074268341064 0.5104166865348816 0.5055555701255798 0.5135416388511658 0.5055555701255798 0.5145833492279053 0.5037037134170532 0.518750011920929 0.5037037134170532 0.5197916626930237 0.5055555701255798 0.5197916626930237 0.5074074268341064 0.518750011920929 0.5092592835426331 0.515625 0.5092592835426331 0.5145833492279053 0.5111111402511597 0.515625 0.5129629373550415 0.5177083611488342 0.5129629373550415 0.518750011920929 0.5148147940635681 0.5208333134651184 0.5148147940635681 0.5218750238418579 0.5129629373550415 0.5239583253860474 0.5129629373550415 0.5249999761581421 0.5111111402511597 0.5270833373069763 0.5111111402511597 0.528124988079071 0.5092592835426331 0.5260416865348816 0.5092592835426331 0.5229166746139526 0.5037037134170532 0.5218750238418579 0.5037037134170532 0.5197916626930237 0.5 0.518750011920929 0.5 0.5177083611488342 0.4981481432914734 0.5166666507720947 0.4981481432914734 0.515625 0.4962962865829468 0.5135416388511658 0.4962962865829468 0.512499988079071 0.49444442987442017 0.5093749761581421 0.49444442987442017 0.5083333253860474 0.49259260296821594 0.5072916746139526 0.49444442987442017
2 0.5010416507720947 0.4574074149131775 0.5041666626930237 0.46296295523643494 0.5041666626930237 0.46481481194496155 0.5 0.4722222089767456 0.5010416507720947 0.4740740656852722 0.503125011920929 0.4740740656852722 0.5072916746139526 0.48148149251937866 0.5166666507720947 0.48148149251937866 0.518750011920929 0.4851851761341095 0.5197916626930237 0.4851851761341095 0.5208333134651184 0.4870370328426361 0.5229166746139526 0.4870370328426361 0.5239583253860474 0.4888888895511627 0.5291666388511658 0.4888888895511627 0.5302083492279053 0.4870370328426361 0.53125 0.4870370328426361 0.5322916507720947 0.4851851761341095 0.5333333611488342 0.4851851761341095 0.534375011920929 0.4833333194255829 0.5354166626930237 0.4833333194255829 0.5364583134651184 0.48148149251937866 0.5395833253860474 0.48148149251937866 0.5406249761581421 0.47962963581085205 0.5416666865348816 0.47962963581085205 0.5427083373069763 0.47777777910232544 0.5458333492279053 0.47777777910232544 0.5447916388511658 0.47592592239379883 0.5395833253860474 0.47592592239379883 0.5385416746139526 0.4740740656852722 0.534375011920929 0.4740740656852722 0.5333333611488342 0.4722222089767456 0.5302083492279053 0.4722222089767456 0.5291666388511658 0.4703703820705414 0.5270833373069763 0.4703703820705414 0.5260416865348816 0.46851852536201477 0.5229166746139526 0.46851852536201477 0.5218750238418579 0.46666666865348816 0.518750011920929 0.46666666865348816 0.5177083611488342 0.46481481194496155 0.5145833492279053 0.46481481194496155 0.5135416388511658 0.46296295523643494 0.5104166865348816 0.46296295523643494 0.5093749761581421 0.4611110985279083 0.5062500238418579 0.4611110985279083 0.5052083134651184 0.4592592716217041 0.503125011920929 0.4592592716217041 0.5020833611488342 0.4574074149131775
2 0.9989583492279053 0.4462963044643402 0.8958333134651184 0.4296296238899231 0.8916666507720947 0.4166666567325592 0.8125 0.3907407522201538 0.784375011920929 0.39814814925193787 0.5020833611488342 0.33703702688217163 0.0 0.4296296238899231 0.0 0.5314815044403076 0.25729167461395264 0.4574074149131775 0.3114583194255829 0.42407408356666565 0.4010416567325592 0.4481481611728668 0.44479167461395264 0.4203703701496124 0.4229166805744171 0.41111111640930176 0.534375011920929 0.3740740716457367 0.5583333373069763 0.37962964177131653 0.5489583611488342 0.3888888955116272 0.5531250238418579 0.39629629254341125 0.5874999761581421 0.3759259283542633 0.6145833134651184 0.38148146867752075 0.5406249761581421 0.4203703701496124 0.628125011920929 0.44999998807907104 0.7124999761581421 0.5018518567085266 0.7645833492279053 0.43888887763023376 0.9989583492279053 0.5018518567085266
