0 0.9208333492279053 0.6740740537643433 0.8770833611488342 0.550000011920929 0.8260416388511658 0.46481481194496155 0.7114583253860474 0.3888888955116272 0.5197916626930237 0.3759259283542633 0.42500001192092896 0.42222222685813904 0.4364583194255829 0.4314814805984497 0.4020833373069763 0.46481481194496155 0.32604166865348816 0.42407408356666565 0.20104166865348816 0.46666666865348816 0.2510416805744171 0.4555555582046509 0.24270834028720856 0.4722222089767456 0.2916666567325592 0.49074074625968933 0.22187499701976776 0.4722222089767456 0.13229165971279144 0.5092592835426331 0.0989583358168602 0.44999998807907104 0.004166666883975267 0.46851852536201477 0.0 0.5018518567085266 0.0364583320915699 0.49444442987442017 0.0 0.5351851582527161 0.09375 0.5055555701255798 0.0 0.664814829826355 0.0 0.9981481432914734 0.11874999850988388 0.9981481432914734 0.0729166641831398 0.7481481432914734 0.13229165971279144 0.7444444298744202 0.1354166716337204 0.7092592716217041 0.11354167014360428 0.7055555582046509 0.12083332985639572 0.6759259104728699 0.15416666865348816 0.644444465637207 0.16875000298023224 0.5629629492759705 0.20520833134651184 0.5314815044403076 0.24583333730697632 0.5370370149612427 0.23229166865348816 0.585185170173645 0.24375000596046448 0.6685185432434082 0.23645833134651184 0.7074074149131775 0.18958333134651184 0.6259258985519409 0.16979166865348816 0.6481481194496155 0.19583334028720856 0.6537036895751953 0.22291666269302368 0.779629647731781 0.21250000596046448 0.7851851582527161 0.23333333432674408 0.7981481552124023 0.25208333134651184 0.8907407522201538 0.27916666865348816 0.8148148059844971 0.4166666567325592 0.800000011920929 0.47604167461395264 0.8592592477798462 0.5177083611488342 0.9981481432914734 0.7135416865348816 0.9981481432914734 0.7635416388511658 0.9425926208496094 0.7718750238418579 0.8796296119689941 0.8229166865348816 0.8777777552604675 0.9156249761581421 0.7814815044403076 0.8500000238418579 0.7574074268341064
0 0.746874988079071 0.35185185074806213 0.7697916626930237 0.3592592477798462 0.78125 0.3592592477798462 0.7989583611488342 0.36851853132247925 0.824999988079071 0.3722222149372101 0.8916666507720947 0.39444443583488464 0.9489583373069763 0.39814814925193787 0.9520833492279053 0.4055555462837219 0.9510416388511658 0.40740740299224854 0.9572916626930237 0.41296297311782837 0.9739583134651184 0.4166666567325592 0.9802083373069763 0.42222222685813904 0.9989583492279053 0.42407408356666565 0.9989583492279053 0.385185182094574 0.9708333611488342 0.38148146867752075 0.9593750238418579 0.3759259283542633 0.949999988079071 0.3777777850627899 0.9322916865348816 0.3722222149372101 0.878125011920929 0.36666667461395264 0.8604166507720947 0.35740742087364197 0.8239583373069763 0.3481481373310089 0.8177083134651184 0.35185185074806213 0.7760416865348816 0.3462963104248047 0.8052083253860474 0.35185185074806213 0.8083333373069763 0.35555556416511536 0.7864583134651184 0.35555556416511536 0.7822916507720947 0.3592592477798462 0.768750011920929 0.35740742087364197 0.7635416388511658 0.35185185074806213
0 0.9624999761581421 0.34259259700775146 0.971875011920929 0.34259259700775146 0.9729166626930237 0.3444444537162781 0.9781249761581421 0.3444444537162781 0.9802083373069763 0.3481481373310089 0.9854166507720947 0.3481481373310089 0.9864583611488342 0.3499999940395355 0.996874988079071 0.3499999940395355 0.9979166388511658 0.3481481373310089 0.9989583492279053 0.3499999940395355 0.9989583492279053 0.35185185074806213 0.9989583492279053 0.34259259700775146 0.9979166388511658 0.3444444537162781 0.996874988079071 0.3444444537162781 0.9958333373069763 0.34259259700775146 0.9947916865348816 0.3444444537162781 0.9750000238418579 0.3444444537162781 0.9739583134651184 0.34259259700775146
0 0.831250011920929 0.33888888359069824 0.84375 0.33888888359069824 0.8489583134651184 0.3444444537162781 0.8520833253860474 0.3444444537162781 0.8531249761581421 0.3462963104248047 0.8895833492279053 0.35185185074806213 0.890625 0.35370370745658875 0.8958333134651184 0.35370370745658875 0.8968750238418579 0.35555556416511536 0.903124988079071 0.35555556416511536 0.9041666388511658 0.35740742087364197 0.9104166626930237 0.35740742087364197 0.9114583134651184 0.3592592477798462 0.9177083373069763 0.3592592477798462 0.918749988079071 0.3611111044883728 0.925000011920929 0.3611111044883728 0.9260416626930237 0.3629629611968994 0.9333333373069763 0.3629629611968994 0.934374988079071 0.364814817905426 0.9416666626930237 0.364814817905426 0.9427083134651184 0.36666667461395264 0.9541666507720947 0.36666667461395264 0.9552083611488342 0.36851853132247925 0.965624988079071 0.36851853132247925 0.9666666388511658 0.37037035822868347 0.9989583492279053 0.37037035822868347 0.9989583492279053 0.3629629611968994 0.9958333373069763 0.3629629611968994 0.9947916865348816 0.3611111044883728 0.981249988079071 0.3611111044883728 0.9802083373069763 0.3592592477798462 0.9604166746139526 0.35740742087364197 0.9593750238418579 0.35555556416511536 0.949999988079071 0.35555556416511536 0.9489583373069763 0.35370370745658875 0.9072916507720947 0.3499999940395355 0.90625 0.3481481373310089 0.8770833611488342 0.3444444537162781 0.8760416507720947 0.34259259700775146 0.8666666746139526 0.34259259700775146 0.8656250238418579 0.34074074029922485 0.846875011920929 0.33888888359069824 0.8458333611488342 0.33703702688217163 0.8333333134651184 0.33703702688217163
0 0.8385416865348816 0.32592591643333435 0.8395833373069763 0.32777777314186096 0.8510416746139526 0.32777777314186096 0.8500000238418579 0.32592591643333435 0.8510416746139526 0.32407405972480774 0.8531249761581421 0.32407405972480774 0.8541666865348816 0.32592591643333435 0.8645833134651184 0.32592591643333435 0.8656250238418579 0.32777777314186096 0.878125011920929 0.32777777314186096 0.8791666626930237 0.3296296298503876 0.887499988079071 0.3296296298503876 0.8885416388511658 0.3314814865589142 0.9010416865348816 0.3314814865589142 0.9020833373069763 0.3333333432674408 0.9114583134651184 0.3333333432674408 0.9125000238418579 0.3351851999759674 0.9197916388511658 0.3351851999759674 0.9197916388511658 0.3333333432674408 0.9177083373069763 0.3333333432674408 0.9145833253860474 0.3296296298503876 0.9083333611488342 0.3296296298503876 0.9072916507720947 0.32777777314186096 0.8927083611488342 0.32777777314186096 0.8916666507720947 0.32592591643333435 0.8864583373069763 0.32592591643333435 0.8854166865348816 0.32407405972480774 0.8843749761581421 0.32592591643333435 0.8760416507720947 0.32592591643333435 0.875 0.32407405972480774 0.8739583492279053 0.32592591643333435 0.8729166388511658 0.32407405972480774 0.8645833134651184 0.32407405972480774 0.8635416626930237 0.3222222328186035 0.8489583134651184 0.3222222328186035 0.8479166626930237 0.3203703761100769 0.8416666388511658 0.3203703761100769 0.8427083492279053 0.3203703761100769 0.84375 0.3222222328186035 0.84375 0.32407405972480774 0.8427083492279053 0.32592591643333435
0 0.6802083253860474 0.31296294927597046 0.6875 0.31296294927597046 0.6885416507720947 0.31481480598449707 0.7041666507720947 0.31481480598449707 0.703125 0.31296294927597046 0.6947916746139526 0.31296294927597046 0.6937500238418579 0.31111112236976624 0.6854166388511658 0.31111112236976624 0.684374988079071 0.31296294927597046
0 0.5729166865348816 0.3222222328186035 0.65625 0.34074074029922485 0.65625 0.3444444537162781 0.643750011920929 0.3481481373310089 0.6499999761581421 0.3481481373310089 0.6489583253860474 0.35370370745658875 0.6416666507720947 0.35555556416511536 0.6510416865348816 0.3629629611968994 0.7135416865348816 0.3722222149372101 0.7614583373069763 0.3870370388031006 0.796875 0.39259257912635803 0.8583333492279053 0.41296297311782837 0.8760416507720947 0.41111111640930176 0.824999988079071 0.39629629254341125 0.8010416626930237 0.38333332538604736 0.7458333373069763 0.364814817905426 0.7458333373069763 0.36851853132247925 0.7052083611488342 0.3611111044883728 0.7052083611488342 0.35740742087364197 0.7145833373069763 0.35740742087364197 0.7104166746139526 0.35740742087364197 0.7093750238418579 0.35370370745658875 0.7145833373069763 0.3499999940395355 0.7083333134651184 0.3499999940395355 0.706250011920929 0.34259259700775146 0.6864583492279053 0.33703702688217163 0.668749988079071 0.33888888359069824 0.637499988079071 0.3222222328186035 0.6447916626930237 0.3185185194015503 0.6770833134651184 0.32592591643333435 0.6895833611488342 0.3222222328186035 0.6166666746139526 0.31111112236976624 0.5885416865348816 0.31481480598449707
0 0.6541666388511658 0.3037036955356598 0.65625 0.307407408952713 0.65625 0.3092592656612396 0.6572916507720947 0.3092592656612396 0.6583333611488342 0.31111112236976624 0.6614583134651184 0.31111112236976624 0.6625000238418579 0.31296294927597046 0.6614583134651184 0.31111112236976624 0.6614583134651184 0.3092592656612396 0.6625000238418579 0.307407408952713 0.6614583134651184 0.307407408952713 0.6604166626930237 0.3055555522441864 0.6614583134651184 0.3037036955356598
0 0.7677083611488342 0.3055555522441864 0.7552083134651184 0.3055555522441864 0.7541666626930237 0.3037036955356598 0.753125011920929 0.3055555522441864 0.7520833611488342 0.3037036955356598 0.746874988079071 0.3037036955356598 0.7458333373069763 0.3018518388271332 0.7406250238418579 0.3018518388271332 0.7395833134651184 0.30000001192092896 0.7354166507720947 0.30000001192092896 0.7354166507720947 0.3055555522441864 0.734375 0.307407408952713 0.7104166746139526 0.3055555522441864 0.7093750238418579 0.3037036955356598 0.7020833492279053 0.3037036955356598 0.7010416388511658 0.3018518388271332 0.6979166865348816 0.3018518388271332 0.6968749761581421 0.3037036955356598 0.6885416507720947 0.3037036955356598 0.6947916746139526 0.3055555522441864 0.6979166865348816 0.3092592656612396 0.7083333134651184 0.3092592656612396 0.7093750238418579 0.31111112236976624 0.7072916626930237 0.31296294927597046 0.7093750238418579 0.31111112236976624 0.7104166746139526 0.31296294927597046 0.71875 0.31296294927597046 0.7197916507720947 0.31481480598449707 0.7291666865348816 0.31481480598449707 0.7302083373069763 0.3166666626930237 0.7291666865348816 0.3185185194015503 0.7322916388511658 0.3185185194015503 0.7333333492279053 0.3203703761100769 0.7322916388511658 0.3222222328186035 0.7250000238418579 0.32407405972480774 0.7239583134651184 0.32592591643333435 0.7166666388511658 0.32592591643333435 0.715624988079071 0.32777777314186096 0.703125 0.32592591643333435 0.7083333134651184 0.3296296298503876 0.7145833373069763 0.3296296298503876 0.715624988079071 0.3314814865589142 0.7145833373069763 0.3333333432674408 0.7104166746139526 0.3351851999759674 0.715624988079071 0.3333333432674408 0.7166666388511658 0.3314814865589142 0.7197916507720947 0.3314814865589142 0.7208333611488342 0.3296296298503876 0.7281249761581421 0.3296296298503876 0.7385416626930237 0.33703702688217163 0.7416666746139526 0.33703702688217163 0.7406250238418579 0.3333333432674408 0.7416666746139526 0.3314814865589142 0.7437499761581421 0.3333333432674408 0.7479166388511658 0.3296296298503876 0.7520833611488342 0.3222222328186035 0.7552083134651184 0.3203703761100769 0.7541666626930237 0.3185185194015503 0.7406250238418579 0.3166666626930237 0.7395833134651184 0.31481480598449707 0.7364583611488342 0.31481480598449707 0.7354166507720947 0.3166666626930237 0.7333333492279053 0.31296294927597046 0.7291666865348816 0.31296294927597046 0.7281249761581421 0.31111112236976624 0.7291666865348816 0.3092592656612396 0.731249988079071 0.3092592656612396 0.7322916388511658 0.307407408952713 0.737500011920929 0.307407408952713 0.7385416626930237 0.3092592656612396 0.7479166388511658 0.3092592656612396 0.7489583492279053 0.31111112236976624 0.7635416388511658 0.31111112236976624
1 0.6354166865348816 0.8962963223457336 0.6333333253860474 0.8962963223457336 0.6322916746139526 0.8981481194496155 0.6312500238418579 0.8981481194496155 0.6302083134651184 0.8999999761581421 0.6291666626930237 0.8999999761581421 0.628125011920929 0.9018518328666687 0.6270833611488342 0.9018518328666687 0.6260416507720947 0.9037036895751953 0.6239583492279053 0.9037036895751953 0.6229166388511658 0.9055555462837219 0.621874988079071 0.9055555462837219 0.6208333373069763 0.9074074029922485 0.6187499761581421 0.9074074029922485 0.6177083253860474 0.9092592597007751 0.6156250238418579 0.9092592597007751 0.6145833134651184 0.9111111164093018 0.6135416626930237 0.9111111164093018 0.612500011920929 0.9129629731178284 0.6114583611488342 0.9129629731178284 0.6104166507720947 0.914814829826355 0.609375 0.914814829826355 0.6083333492279053 0.9166666865348816 0.6072916388511658 0.9166666865348816 0.606249988079071 0.9185185432434082 0.606249988079071 0.9296296238899231 0.6072916388511658 0.9314814805984497 0.606249988079071 0.9333333373069763 0.606249988079071 0.9370370507240295 0.6041666865348816 0.9407407641410828 0.6031249761581421 0.9407407641410828 0.6041666865348816 0.9425926208496094 0.6041666865348816 0.9462962746620178 0.6031249761581421 0.9481481313705444 0.6020833253860474 0.9481481313705444 0.6010416746139526 0.949999988079071 0.6000000238418579 0.949999988079071 0.6020833253860474 0.9537037014961243 0.6020833253860474 0.9555555582046509 0.6031249761581421 0.9574074149131775 0.6031249761581421 0.9592592716217041 0.6041666865348816 0.9611111283302307 0.6041666865348816 0.9648148417472839 0.6041666865348816 0.9629629850387573 0.6052083373069763 0.9611111283302307 0.606249988079071 0.9611111283302307 0.6072916388511658 0.9592592716217041 0.609375 0.9592592716217041 0.6104166507720947 0.9574074149131775 0.6114583611488342 0.9574074149131775 0.612500011920929 0.9555555582046509 0.6135416626930237 0.9555555582046509 0.6145833134651184 0.9537037014961243 0.6156250238418579 0.9537037014961243 0.6156250238418579 0.9518518447875977 0.6145833134651184 0.949999988079071 0.6166666746139526 0.9462962746620178 0.6177083253860474 0.9462962746620178 0.6187499761581421 0.9444444179534912 0.6208333373069763 0.9444444179534912 0.6187499761581421 0.9407407641410828 0.6197916865348816 0.9388889074325562 0.6208333373069763 0.9388889074325562 0.6197916865348816 0.9370370507240295 0.6197916865348816 0.9351851940155029 0.621874988079071 0.9314814805984497 0.6229166388511658 0.9314814805984497 0.6239583492279053 0.9296296238899231 0.625 0.9296296238899231 0.6239583492279053 0.9277777671813965 0.6239583492279053 0.9259259104728699 0.625 0.9240740537643433 0.6260416507720947 0.9240740537643433 0.6270833611488342 0.9222221970558167 0.6291666626930237 0.9222221970558167 0.6291666626930237 0.9203703999519348 0.628125011920929 0.9185185432434082 0.6302083134651184 0.914814829826355 0.6312500238418579 0.914814829826355 0.6302083134651184 0.9129629731178284 0.6302083134651184 0.9111111164093018 0.6312500238418579 0.9092592597007751 0.6322916746139526 0.9092592597007751 0.6333333253860474 0.9074074029922485 0.6333333253860474 0.9055555462837219 0.6343749761581421 0.9037036895751953 0.6322916746139526 0.8999999761581421 0.6333333253860474 0.8981481194496155 0.6343749761581421 0.8981481194496155
1 0.8218749761581421 0.8777777552604675 0.8187500238418579 0.8777777552604675 0.8177083134651184 0.8796296119689941 0.815625011920929 0.8759258985519409 0.8114583492279053 0.8759258985519409 0.8104166388511658 0.8740741014480591 0.8072916865348816 0.8740741014480591 0.8062499761581421 0.8722222447395325 0.8052083253860474 0.8740741014480591 0.8041666746139526 0.8740741014480591 0.8031250238418579 0.8722222447395325 0.7947916388511658 0.8722222447395325 0.793749988079071 0.8740741014480591 0.7927083373069763 0.8722222447395325 0.7885416746139526 0.8722222447395325 0.7854166626930237 0.8759258985519409 0.7822916507720947 0.8759258985519409 0.78125 0.8740741014480591 0.7802083492279053 0.8740741014480591 0.7791666388511658 0.8759258985519409 0.778124988079071 0.8759258985519409 0.7770833373069763 0.8777777552604675 0.7760416865348816 0.8777777552604675 0.7749999761581421 0.8796296119689941 0.7718750238418579 0.8814814686775208 0.7729166746139526 0.8814814686775208 0.7739583253860474 0.8833333253860474 0.7739583253860474 0.885185182094574 0.7729166746139526 0.8870370388031006 0.7718750238418579 0.8870370388031006 0.7708333134651184 0.8888888955116272 0.7677083611488342 0.8907407522201538 0.7677083611488342 0.8925926089286804 0.768750011920929 0.894444465637207 0.7677083611488342 0.8962963223457336 0.7645833492279053 0.8981481194496155 0.7666666507720947 0.9018518328666687 0.7635416388511658 0.9055555462837219 0.765625 0.9092592597007751 0.7645833492279053 0.9111111164093018 0.7635416388511658 0.9111111164093018 0.7635416388511658 0.9129629731178284 0.7645833492279053 0.914814829826355 0.762499988079071 0.9185185432434082 0.7614583373069763 0.9185185432434082 0.762499988079071 0.9203703999519348 0.762499988079071 0.9240740537643433 0.7645833492279053 0.9277777671813965 0.7635416388511658 0.9296296238899231 0.7645833492279053 0.9314814805984497 0.7645833492279053 0.9351851940155029 0.765625 0.9370370507240295 0.765625 0.9388889074325562 0.7645833492279053 0.9407407641410828 0.765625 0.9407407641410828 0.7666666507720947 0.9388889074325562 0.7677083611488342 0.9388889074325562 0.7697916626930237 0.9351851940155029 0.7729166746139526 0.9333333373069763 0.7749999761581421 0.9296296238899231 0.7760416865348816 0.9296296238899231 0.778124988079071 0.9259259104728699 0.78125 0.9240740537643433 0.7833333611488342 0.9203703999519348 0.784375011920929 0.9203703999519348 0.7864583134651184 0.9166666865348816 0.7875000238418579 0.9166666865348816 0.7927083373069763 0.9092592597007751 0.7958333492279053 0.9074074029922485 0.7979166507720947 0.9037036895751953 0.8010416626930237 0.9018518328666687 0.8031250238418579 0.8981481194496155 0.8062499761581421 0.8962963223457336 0.8083333373069763 0.8925926089286804 0.8114583492279053 0.8907407522201538 0.8135416507720947 0.8870370388031006 0.8145833611488342 0.8870370388031006 0.815625011920929 0.885185182094574 0.8187500238418579 0.8833333253860474 0.8208333253860474 0.8796296119689941 0.8218749761581421 0.8796296119689941
1 0.3645833432674408 0.7351852059364319 0.3645833432674408 0.7370370626449585 0.3635416626930237 0.7388888597488403 0.3635416626930237 0.7407407164573669 0.36250001192092896 0.7425925731658936 0.36250001192092896 0.7518518567085266 0.3635416626930237 0.7537037134170532 0.3635416626930237 0.7574074268341064 0.3645833432674408 0.7592592835426331 0.3645833432674408 0.7611111402511597 0.3656249940395355 0.7629629373550415 0.3656249940395355 0.7685185074806213 0.36666667461395264 0.770370364189148 0.36666667461395264 0.7722222208976746 0.3697916567325592 0.7777777910232544 0.3708333373069763 0.7777777910232544 0.37187498807907104 0.779629647731781 0.3760416805744171 0.779629647731781 0.37708333134651184 0.7777777910232544 0.3791666626930237 0.7777777910232544 0.3802083432674408 0.7759259343147278 0.38229167461395264 0.7759259343147278 0.38333332538604736 0.7740740776062012 0.3843750059604645 0.7740740776062012 0.3854166567325592 0.7722222208976746 0.38854166865348816 0.7722222208976746 0.3895833194255829 0.770370364189148 0.3895833194255829 0.7629629373550415 0.38854166865348816 0.7611111402511597 0.38854166865348816 0.7592592835426331 0.38749998807907104 0.7574074268341064 0.38749998807907104 0.7555555701255798 0.3812499940395355 0.7444444298744202 0.3802083432674408 0.7444444298744202 0.37708333134651184 0.7388888597488403 0.3760416805744171 0.7388888597488403 0.3739583194255829 0.7351852059364319 0.37291666865348816 0.7351852059364319 0.37187498807907104 0.7333333492279053 0.3708333373069763 0.7333333492279053 0.3697916567325592 0.7314814925193787 0.36666667461395264 0.7314814925193787
1 0.9468749761581421 0.7444444298744202 0.934374988079071 0.7333333492279053 0.9322916865348816 0.729629635810852 0.9333333373069763 0.7277777791023254 0.9354166388511658 0.7277777791023254 0.9364583492279053 0.729629635810852 0.9354166388511658 0.7222222089767456 0.9333333373069763 0.7166666388511658 0.9333333373069763 0.7129629850387573 0.9260416626930237 0.6870370507240295 0.9239583611488342 0.6833333373069763 0.921875 0.6759259104728699 0.9208333492279053 0.6759259104728699 0.9145833253860474 0.6851851940155029 0.9114583134651184 0.6962962746620178 0.90625 0.7055555582046509 0.8989583253860474 0.7129629850387573 0.8927083611488342 0.7240740656852722 0.8916666507720947 0.7240740656852722 0.8885416388511658 0.729629635810852 0.8854166865348816 0.7314814925193787 0.8802083134651184 0.7407407164573669 0.8760416507720947 0.7444444298744202 0.8677083253860474 0.7481481432914734 0.8666666746139526 0.75 0.8635416626930237 0.75 0.862500011920929 0.7518518567085266 0.8604166507720947 0.7518518567085266 0.859375 0.7537037134170532 0.8510416746139526 0.7574074268341064 0.8510416746139526 0.7592592835426331 0.859375 0.7592592835426331 0.8604166507720947 0.7611111402511597 0.8687499761581421 0.7611111402511597 0.8697916865348816 0.7629629373550415 0.8760416507720947 0.7629629373550415 0.8770833611488342 0.7648147940635681 0.8802083134651184 0.7648147940635681 0.8812500238418579 0.7666666507720947 0.8843749761581421 0.7666666507720947 0.8854166865348816 0.7685185074806213 0.8979166746139526 0.7685185074806213 0.8989583253860474 0.770370364189148 0.9020833373069763 0.770370364189148 0.90625 0.7759259343147278 0.909375011920929 0.7740740776062012 0.9114583134651184 0.7777777910232544 0.9177083373069763 0.779629647731781 0.9239583611488342 0.7740740776062012 0.9260416626930237 0.770370364189148 0.9291666746139526 0.7685185074806213 0.9312499761581421 0.7648147940635681 0.9322916865348816 0.7648147940635681 0.934374988079071 0.7611111402511597 0.9416666626930237 0.7537037134170532 0.9447916746139526 0.7481481432914734 0.9458333253860474 0.7481481432914734
1 0.07395832985639572 0.7481481432914734 0.08541666716337204 0.8037037253379822 0.08437500149011612 0.8240740895271301 0.0885416641831398 0.8222222328186035 0.09270833432674408 0.8759258985519409 0.10208333283662796 0.8962963223457336 0.10520832985639572 0.9407407641410828 0.1197916641831398 0.9981481432914734 0.5166666507720947 0.9981481432914734 0.5114583373069763 0.9629629850387573 0.5020833611488342 0.9629629850387573 0.4947916567325592 0.9481481313705444 0.4749999940395355 0.8592592477798462 0.4416666626930237 0.8185185194015503 0.4166666567325592 0.8018518686294556 0.3708333373069763 0.7962962985038757 0.3166666626930237 0.8055555820465088 0.29374998807907104 0.8203703761100769 0.27916666865348816 0.8166666626930237 0.27812498807907104 0.8333333134651184 0.25208333134651184 0.8925926089286804 0.23229166865348816 0.7981481552124023 0.22083333134651184 0.7962962985038757 0.21562500298023224 0.7370370626449585 0.20104166865348816 0.7055555582046509 0.19479165971279144 0.6537036895751953 0.16875000298023224 0.6481481194496155 0.18958333134651184 0.6240741014480591 0.23541666567325592 0.7074074149131775 0.24270834028720856 0.6685185432434082 0.23645833134651184 0.6185185313224792 0.23020833730697632 0.614814817905426 0.234375 0.6092592477798462 0.23125000298023224 0.585185170173645 0.2447916716337204 0.5370370149612427 0.24062499403953552 0.529629647731781 0.19374999403953552 0.5388888716697693 0.16354165971279144 0.5740740895271301 0.16979166865348816 0.585185170173645 0.15937499701976776 0.6018518805503845 0.15520833432674408 0.644444465637207 0.12291666865348816 0.6740740537643433 0.1145833358168602 0.7055555582046509 0.13645833730697632 0.7092592716217041 0.13229165971279144 0.7462962865829468
1 0.09270833432674408 0.5037037134170532 0.08958332985639572 0.5 0.08124999701976776 0.5 0.08020833134651184 0.5018518567085266 0.078125 0.5 0.07708333432674408 0.5018518567085266 0.06875000149011612 0.5018518567085266 0.0677083358168602 0.5037037134170532 0.06041666492819786 0.5037037134170532 0.05937499925494194 0.5055555701255798 0.046875 0.5074074268341064 0.04583333432674408 0.5092592835426331 0.04270833358168602 0.5092592835426331 0.0416666679084301 0.5111111402511597 0.03854166716337204 0.5111111402511597 0.03750000149011612 0.5129629373550415 0.03437500074505806 0.5129629373550415 0.02500000037252903 0.5185185074806213 0.014583333395421505 0.5277777910232544 0.01145833358168602 0.5277777910232544 0.008333333767950535 0.5314815044403076 0.0010416667209938169 0.5351851582527161 0.0 0.5370370149612427 0.0 0.6629629731178284 0.0020833334419876337 0.6592592597007751 0.0062500000931322575 0.6574074029922485 0.0052083334885537624 0.6555555462837219 0.010416666977107525 0.6481481194496155 0.012500000186264515 0.6481481194496155 0.01145833358168602 0.6462963223457336 0.01666666753590107 0.6388888955116272 0.02187499962747097 0.635185182094574 0.02812499925494194 0.6259258985519409 0.02708333358168602 0.6240741014480591 0.03020833246409893 0.6203703880310059 0.02916666679084301 0.6185185313224792 0.03229166567325592 0.614814817905426 0.03125 0.6129629611968994 0.03333333507180214 0.6111111044883728 0.03541666641831398 0.605555534362793 0.03437500074505806 0.6018518805503845 0.03854166716337204 0.5962963104248047 0.03958333283662796 0.5907407402992249 0.04062499850988388 0.5925925970077515 0.0416666679084301 0.5888888835906982 0.03958333283662796 0.5870370268821716 0.04479166492819786 0.5814814567565918 0.04062499850988388 0.5777778029441833 0.0416666679084301 0.5759259462356567 0.04479166492819786 0.5759259462356567 0.04583333432674408 0.5703703761100769 0.04895833507180214 0.5703703761100769 0.05000000074505806 0.5685185194015503 0.04791666567325592 0.5666666626930237 0.05416666716337204 0.5574073791503906 0.05312500149011612 0.5555555820465088 0.05416666716337204 0.5518518686294556 0.06145833432674408 0.5444444417953491 0.07083333283662796 0.5314815044403076 0.07708333432674408 0.5259259343147278 0.07916666567325592 0.520370364189148 0.08541666716337204 0.5129629373550415 0.08958332985639572 0.5111111402511597
1 0.3177083432674408 0.47592592239379883 0.3135416805744171 0.4888888895511627 0.31458333134651184 0.5055555701255798 0.3125 0.5092592835426331 0.3239583373069763 0.5685185194015503 0.3229166567325592 0.5740740895271301 0.32604166865348816 0.5814814567565918 0.5 0.7648147940635681 0.5010416507720947 0.7555555701255798 0.5083333253860474 0.7425925731658936 0.5093749761581421 0.7240740656852722 0.4895833432674408 0.6833333373069763 0.4947916567325592 0.6703703999519348 0.48750001192092896 0.6555555462837219 0.45520833134651184 0.6777777671813965 0.4312500059604645 0.6703703999519348 0.4260416626930237 0.6555555462837219 0.4260416626930237 0.6333333253860474 0.421875 0.6111111044883728 0.4229166805744171 0.6037036776542664 0.4322916567325592 0.5925925970077515 0.45625001192092896 0.5944444537162781 0.4593749940395355 0.5907407402992249 0.44583332538604736 0.5925925970077515 0.4208333194255829 0.5833333134651184 0.4072916805744171 0.5833333134651184 0.4020833373069763 0.5759259462356567 0.40312498807907104 0.5703703761100769 0.4000000059604645 0.5648148059844971 0.39270833134651184 0.5259259343147278 0.37187498807907104 0.5 0.3739583194255829 0.4981481432914734 0.36666667461395264 0.4888888895511627 0.3635416626930237 0.46296295523643494 0.3604166805744171 0.4592592716217041 0.3333333432674408 0.4611110985279083 0.3239583373069763 0.46666666865348816
1 0.6833333373069763 0.3444444537162781 0.6833333373069763 0.3481481373310089 0.684374988079071 0.3499999940395355 0.6947916746139526 0.3499999940395355 0.6947916746139526 0.3481481373310089 0.6927083134651184 0.3444444537162781 0.6916666626930237 0.3444444537162781 0.690625011920929 0.34259259700775146 0.6854166388511658 0.34259259700775146 0.684374988079071 0.3444444537162781
1 0.8239583373069763 0.3462963104248047 0.8302083611488342 0.3499999940395355 0.8520833253860474 0.35370370745658875 0.8531249761581421 0.35555556416511536 0.8604166507720947 0.35555556416511536 0.878125011920929 0.364814817905426 0.9020833373069763 0.36666667461395264 0.903124988079071 0.36851853132247925 0.9177083373069763 0.36851853132247925 0.918749988079071 0.37037035822868347 0.9322916865348816 0.37037035822868347 0.9333333373069763 0.3722222149372101 0.940625011920929 0.3722222149372101 0.9416666626930237 0.3740740716457367 0.9489583373069763 0.3740740716457367 0.949999988079071 0.3759259283542633 0.9572916626930237 0.3759259283542633 0.9593750238418579 0.3740740716457367 0.9635416865348816 0.3777777850627899 0.9697916507720947 0.3777777850627899 0.9708333611488342 0.37962964177131653 0.9989583492279053 0.38333332538604736 0.9989583492279053 0.3722222149372101 0.9666666388511658 0.3722222149372101 0.965624988079071 0.37037035822868347 0.9552083611488342 0.37037035822868347 0.9541666507720947 0.36851853132247925 0.9427083134651184 0.36851853132247925 0.9416666626930237 0.36666667461395264 0.934374988079071 0.36666667461395264 0.9333333373069763 0.364814817905426 0.9260416626930237 0.364814817905426 0.925000011920929 0.3629629611968994 0.8968750238418579 0.35740742087364197 0.8895833492279053 0.35370370745658875 0.8531249761581421 0.3481481373310089 0.84375 0.34074074029922485 0.8302083611488342 0.34074074029922485
1 0.5093749761581421 0.34259259700775146 0.518750011920929 0.34259259700775146 0.5197916626930237 0.34074074029922485 0.528124988079071 0.34074074029922485 0.5291666388511658 0.34259259700775146 0.5322916507720947 0.34074074029922485 0.5510416626930237 0.34259259700775146 0.5520833134651184 0.3444444537162781 0.5510416626930237 0.3462963104248047 0.5354166626930237 0.3481481373310089 0.534375011920929 0.3499999940395355 0.5239583253860474 0.3499999940395355 0.5239583253860474 0.35185185074806213 0.5270833373069763 0.35185185074806213 0.528124988079071 0.35370370745658875 0.5249999761581421 0.35555556416511536 0.5249999761581421 0.35740742087364197 0.5302083492279053 0.35740742087364197 0.53125 0.3592592477798462 0.534375011920929 0.35555556416511536 0.5406249761581421 0.35370370745658875 0.5416666865348816 0.35185185074806213 0.550000011920929 0.35185185074806213 0.5510416626930237 0.3499999940395355 0.5562499761581421 0.35185185074806213 0.5572916865348816 0.3499999940395355 0.5687500238418579 0.3499999940395355 0.5697916746139526 0.3481481373310089 0.5729166865348816 0.3499999940395355 0.5739583373069763 0.3481481373310089 0.5791666507720947 0.3481481373310089 0.5854166746139526 0.3444444537162781 0.5979166626930237 0.3444444537162781 0.5989583134651184 0.34259259700775146 0.6052083373069763 0.34259259700775146 0.606249988079071 0.34074074029922485 0.6197916865348816 0.33888888359069824 0.6208333373069763 0.33703702688217163 0.637499988079071 0.33703702688217163 0.6302083134651184 0.33703702688217163 0.6291666626930237 0.3351851999759674 0.6135416626930237 0.3333333432674408 0.612500011920929 0.3314814865589142 0.596875011920929 0.3314814865589142 0.5958333611488342 0.3296296298503876 0.5874999761581421 0.3296296298503876 0.5864583253860474 0.3314814865589142 0.5802083611488342 0.3314814865589142 0.5791666507720947 0.3333333432674408 0.5645833611488342 0.3333333432674408 0.5614583492279053 0.3296296298503876 0.5562499761581421 0.3296296298503876 0.5552083253860474 0.3314814865589142 0.5427083373069763 0.3333333432674408 0.5416666865348816 0.3351851999759674 0.53125 0.33703702688217163 0.5302083492279053 0.33888888359069824 0.5229166746139526 0.33888888359069824 0.5218750238418579 0.33703702688217163 0.5208333134651184 0.33888888359069824 0.515625 0.33888888359069824
1 0.8343750238418579 0.3351851999759674 0.8458333611488342 0.3351851999759674 0.846875011920929 0.33703702688217163 0.856249988079071 0.33703702688217163 0.8572916388511658 0.33888888359069824 0.8656250238418579 0.33888888359069824 0.8666666746139526 0.34074074029922485 0.8760416507720947 0.34074074029922485 0.8770833611488342 0.34259259700775146 0.8864583373069763 0.34259259700775146 0.887499988079071 0.3444444537162781 0.8968750238418579 0.3444444537162781 0.8979166746139526 0.3462963104248047 0.90625 0.3462963104248047 0.9072916507720947 0.3481481373310089 0.9197916388511658 0.3481481373310089 0.9208333492279053 0.3499999940395355 0.925000011920929 0.3499999940395355 0.9260416626930237 0.3481481373310089 0.9333333373069763 0.3481481373310089 0.934374988079071 0.3499999940395355 0.9354166388511658 0.3499999940395355 0.9364583492279053 0.3481481373310089 0.9375 0.3481481373310089 0.9385416507720947 0.3499999940395355 0.9385416507720947 0.3462963104248047 0.9354166388511658 0.3462963104248047 0.934374988079071 0.3481481373310089 0.9333333373069763 0.3462963104248047 0.9281250238418579 0.3462963104248047 0.9270833134651184 0.3444444537162781 0.9197916388511658 0.3444444537162781 0.918749988079071 0.34259259700775146 0.909375011920929 0.34259259700775146 0.9083333611488342 0.34074074029922485 0.8999999761581421 0.34074074029922485 0.8989583253860474 0.33888888359069824 0.8968750238418579 0.33888888359069824 0.8958333134651184 0.33703702688217163 0.890625 0.33703702688217163 0.8895833492279053 0.3351851999759674 0.8833333253860474 0.3351851999759674 0.8822916746139526 0.3333333432674408 0.875 0.3333333432674408 0.8739583492279053 0.3314814865589142 0.875 0.3296296298503876 0.878125011920929 0.3296296298503876 0.875 0.3296296298503876 0.8739583492279053 0.3314814865589142 0.8666666746139526 0.3314814865589142 0.8656250238418579 0.3296296298503876 0.859375 0.3296296298503876 0.8583333492279053 0.32777777314186096 0.8520833253860474 0.32777777314186096 0.8510416746139526 0.3296296298503876 0.8395833373069763 0.3296296298503876 0.8385416865348816 0.32777777314186096
1 0.5958333611488342 0.3592592477798462 0.6135416626930237 0.3629629611968994 0.5958333611488342 0.36851853132247925 0.653124988079071 0.3740740716457367 0.762499988079071 0.4055555462837219 0.8062499761581421 0.43703705072402954 0.8583333492279053 0.5129629373550415 0.8604166507720947 0.5037037134170532 0.9322916865348816 0.5351851582527161 0.9989583492279053 0.5481481552124023 0.9989583492279053 0.5092592835426331 0.9312499761581421 0.4870370328426361 0.9333333373069763 0.4981481432914734 0.893750011920929 0.4833333194255829 0.9645833373069763 0.4462963044643402 0.9989583492279053 0.45185184478759766 0.9989583492279053 0.42592594027519226 0.9572916626930237 0.4148148000240326 0.9489583373069763 0.4000000059604645 0.8916666507720947 0.39629629254341125 0.7458333373069763 0.35185185074806213 0.7802083492279053 0.35740742087364197 0.784375011920929 0.3499999940395355 0.7124999761581421 0.3351851999759674 0.703125 0.32407405972480774 0.7291666865348816 0.3166666626930237 0.6812499761581421 0.31481480598449707 0.6729166507720947 0.3203703761100769 0.6895833611488342 0.3203703761100769 0.6864583492279053 0.32777777314186096 0.6385416388511658 0.3222222328186035 0.706250011920929 0.34074074029922485 0.715624988079071 0.35740742087364197 0.7052083611488342 0.3592592477798462 0.7562500238418579 0.36666667461395264 0.8760416507720947 0.41296297311782837 0.6875 0.3777777850627899 0.6916666626930237 0.37037035822868347 0.6416666507720947 0.3592592477798462 0.6447916626930237 0.35370370745658875
1 0.6343749761581421 0.31296294927597046 0.637499988079071 0.31296294927597046 0.6385416388511658 0.31481480598449707 0.6468750238418579 0.31481480598449707 0.6479166746139526 0.3166666626930237 0.6572916507720947 0.3166666626930237 0.6583333611488342 0.3185185194015503 0.6645833253860474 0.3185185194015503 0.6645833253860474 0.31481480598449707 0.6625000238418579 0.31481480598449707 0.6614583134651184 0.31296294927597046 0.6572916507720947 0.31296294927597046 0.65625 0.31481480598449707 0.6510416865348816 0.31481480598449707 0.6499999761581421 0.31296294927597046 0.6489583253860474 0.31296294927597046 0.6479166746139526 0.31111112236976624 0.6395833492279053 0.31111112236976624 0.6385416388511658 0.31296294927597046
1 0.7291666865348816 0.31111112236976624 0.7333333492279053 0.31111112236976624 0.7354166507720947 0.31481480598449707 0.7364583611488342 0.31296294927597046 0.7395833134651184 0.31296294927597046 0.7406250238418579 0.31481480598449707 0.7479166388511658 0.31481480598449707 0.7489583492279053 0.3166666626930237 0.7541666626930237 0.3166666626930237 0.7552083134651184 0.3185185194015503 0.7562500238418579 0.3185185194015503 0.7572916746139526 0.3166666626930237 0.7583333253860474 0.3166666626930237 0.7593749761581421 0.31481480598449707 0.7604166865348816 0.31481480598449707 0.7614583373069763 0.31296294927597046 0.7489583492279053 0.31296294927597046 0.7479166388511658 0.31111112236976624 0.7385416626930237 0.31111112236976624 0.737500011920929 0.3092592656612396 0.7322916388511658 0.3092592656612396 0.731249988079071 0.31111112236976624
2 0.9989583492279053 0.550000011920929 0.9322916865348816 0.5370370149612427 0.871874988079071 0.5148147940635681 0.8572916388511658 0.5037037134170532 0.878125011920929 0.550000011920929 0.8843749761581421 0.5777778029441833 0.9270833134651184 0.6870370507240295 0.9375 0.7277777791023254 0.9312499761581421 0.7277777791023254 0.9479166865348816 0.7462962865829468 0.9239583611488342 0.7759259343147278 0.871874988079071 0.8222222328186035 0.7145833373069763 0.9981481432914734 0.9989583492279053 0.9981481432914734
2 0.03541666641831398 0.49444442987442017 0.03125 0.49444442987442017 0.03020833246409893 0.4962962865829468 0.02708333358168602 0.4962962865829468 0.02604166604578495 0.49444442987442017 0.02291666716337204 0.49444442987442017 0.02187499962747097 0.4962962865829468 0.01666666753590107 0.4962962865829468 0.015625 0.4981481432914734 0.008333333767950535 0.4981481432914734 0.0072916666977107525 0.5 0.0052083334885537624 0.5 0.004166666883975267 0.5018518567085266 0.0010416667209938169 0.5018518567085266 0.0 0.5037037134170532 0.0 0.520370364189148 0.004166666883975267 0.520370364189148 0.0062500000931322575 0.5166666507720947 0.010416666977107525 0.5166666507720947 0.01145833358168602 0.5148147940635681 0.01354166679084301 0.5148147940635681 0.014583333395421505 0.5129629373550415 0.01666666753590107 0.5129629373550415 0.015625 0.5129629373550415 0.014583333395421505 0.5111111402511597 0.015625 0.5092592835426331 0.01875000074505806 0.5092592835426331 0.01979166641831398 0.5074074268341064 0.02187499962747097 0.5074074268341064 0.02083333395421505 0.5055555701255798 0.02187499962747097 0.5037037134170532 0.02395833283662796 0.5037037134170532 0.02500000037252903 0.5018518567085266 0.02708333358168602 0.5018518567085266 0.02916666679084301 0.4981481432914734 0.03125 0.4981481432914734 0.03229166567325592 0.5 0.03229166567325592 0.5018518567085266 0.03333333507180214 0.5 0.03229166567325592 0.5 0.03125 0.4981481432914734 0.03333333507180214 0.49444442987442017
2 0.9989583492279053 0.45370370149612427 0.996874988079071 0.45370370149612427 0.9958333373069763 0.45185184478759766 0.9916666746139526 0.45185184478759766 0.9906250238418579 0.44999998807907104 0.9864583611488342 0.44999998807907104 0.9854166507720947 0.4481481611728668 0.9822916388511658 0.4481481611728668 0.981249988079071 0.4462963044643402 0.9760416746139526 0.4462963044643402 0.9750000238418579 0.4481481611728668 0.9645833373069763 0.4481481611728668 0.956250011920929 0.4555555582046509 0.949999988079071 0.4574074149131775 0.9489583373069763 0.4592592716217041 0.9447916746139526 0.4592592716217041 0.940625011920929 0.46296295523643494 0.9375 0.46296295523643494 0.9364583492279053 0.46481481194496155 0.9281250238418579 0.46851852536201477 0.925000011920929 0.4722222089767456 0.9229166507720947 0.4722222089767456 0.918749988079071 0.47592592239379883 0.8947916626930237 0.4833333194255829 0.9020833373069763 0.4851851761341095 0.9083333611488342 0.49074074625968933 0.9114583134651184 0.49074074625968933 0.9156249761581421 0.49444442987442017 0.9239583611488342 0.49444442987442017 0.925000011920929 0.4962962865829468 0.9333333373069763 0.4962962865829468 0.9322916865348816 0.49444442987442017 0.9333333373069763 0.49074074625968933 0.9322916865348816 0.49074074625968933 0.9302083253860474 0.4870370328426361 0.9312499761581421 0.4851851761341095 0.9458333253860474 0.4870370328426361 0.9468749761581421 0.4888888895511627 0.953125 0.4888888895511627 0.9541666507720947 0.49074074625968933 0.9572916626930237 0.49074074625968933 0.9583333134651184 0.49259260296821594 0.9624999761581421 0.49259260296821594 0.9635416865348816 0.49444442987442017 0.9666666388511658 0.49444442987442017 0.9677083492279053 0.4962962865829468 0.9708333611488342 0.4962962865829468 0.971875011920929 0.4981481432914734 0.9760416746139526 0.4981481432914734 0.9770833253860474 0.5 0.9802083373069763 0.5 0.981249988079071 0.5018518567085266 0.984375 0.5018518567085266 0.9854166507720947 0.5037037134170532 0.9895833134651184 0.5037037134170532 0.9906250238418579 0.5055555701255798 0.9989583492279053 0.5074074268341064
2 0.6447916626930237 0.35185185074806213 0.5854166746139526 0.3462963104248047 0.53125 0.3611111044883728 0.5239583253860474 0.3481481373310089 0.5572916865348816 0.3462963104248047 0.4416666626930237 0.3333333432674408 0.3760416805744171 0.3444444537162781 0.0677083358168602 0.35185185074806213 0.0 0.37037035822868347 0.0 0.46851852536201477 0.0989583358168602 0.4481481611728668 0.12916666269302368 0.5074074268341064 0.17291666567325592 0.5018518567085266 0.18020834028720856 0.49259260296821594 0.1510416716337204 0.4888888895511627 0.22187499701976776 0.4703703820705414 0.23854166269302368 0.4888888895511627 0.2916666567325592 0.4888888895511627 0.2604166567325592 0.4703703820705414 0.24270834028720856 0.4740740656852722 0.2562499940395355 0.46296295523643494 0.2510416805744171 0.4574074149131775 0.20104166865348816 0.46851852536201477 0.23749999701976776 0.4462963044643402 0.33125001192092896 0.42222222685813904 0.4020833373069763 0.46296295523643494 0.4156250059604645 0.4574074149131775 0.4020833373069763 0.45370370149612427 0.4177083373069763 0.45185184478759766 0.43541666865348816 0.4314814805984497 0.42500001192092896 0.4203703701496124 0.4645833373069763 0.41296297311782837 0.48229166865348816 0.39444443583488464 0.47708332538604736 0.3888888955116272 0.4833333194255829 0.38333332538604736 0.49270832538604736 0.3888888955116272 0.5197916626930237 0.3740740716457367 0.6135416626930237 0.364814817905426 0.596875011920929 0.35555556416511536
2 0.8666666746139526 0.3296296298503876 0.8822916746139526 0.3314814865589142 0.8833333253860474 0.3333333432674408 0.8958333134651184 0.3351851999759674 0.8999999761581421 0.33888888359069824 0.918749988079071 0.34074074029922485 0.934374988079071 0.3462963104248047 0.9385416507720947 0.3444444537162781 0.9395833611488342 0.3499999940395355 0.9354166388511658 0.35185185074806213 0.9489583373069763 0.35185185074806213 0.949999988079071 0.35370370745658875 0.9989583492279053 0.3611111044883728 0.9979166388511658 0.3499999940395355 0.9895833134651184 0.35370370745658875 0.9854166507720947 0.3499999940395355 0.9802083373069763 0.3499999940395355 0.9781249761581421 0.3462963104248047 0.9624999761581421 0.3444444537162781 0.9614583253860474 0.34259259700775146 0.9624999761581421 0.34074074029922485 0.9822916388511658 0.34259259700775146 0.9750000238418579 0.34259259700775146 0.9739583134651184 0.34074074029922485 0.9791666865348816 0.33703702688217163 0.9802083373069763 0.33888888359069824 0.9822916388511658 0.33703702688217163 0.9979166388511658 0.34259259700775146 0.9989583492279053 0.33703702688217163 0.9937499761581421 0.3351851999759674 0.9854166507720947 0.3351851999759674 0.984375 0.3333333432674408 0.9760416746139526 0.3333333432674408 0.9750000238418579 0.3314814865589142 0.9666666388511658 0.3314814865589142 0.965624988079071 0.3296296298503876 0.9572916626930237 0.3296296298503876 0.956250011920929 0.32777777314186096 0.9479166865348816 0.32777777314186096 0.9468749761581421 0.32592591643333435 0.9385416507720947 0.32592591643333435 0.9239583611488342 0.3222222328186035 0.9322916865348816 0.3333333432674408 0.9270833134651184 0.33703702688217163 0.921875 0.3351851999759674 0.9125000238418579 0.33703702688217163 0.9114583134651184 0.3351851999759674 0.9020833373069763 0.3351851999759674 0.9010416865348816 0.3333333432674408 0.8864583373069763 0.3333333432674408 0.8854166865348816 0.3314814865589142
2 0.8812500238418579 0.31296294927597046 0.8729166388511658 0.31296294927597046 0.871874988079071 0.31111112236976624 0.8708333373069763 0.31111112236976624 0.8697916865348816 0.31296294927597046 0.8520833253860474 0.31296294927597046 0.8510416746139526 0.31481480598449707 0.8333333134651184 0.31481480598449707 0.8322916626930237 0.3166666626930237 0.8343750238418579 0.3166666626930237 0.8354166746139526 0.3185185194015503 0.846875011920929 0.3185185194015503 0.8447916507720947 0.3185185194015503 0.84375 0.3166666626930237 0.8447916507720947 0.31481480598449707 0.8510416746139526 0.31481480598449707 0.8520833253860474 0.31296294927597046 0.8531249761581421 0.31296294927597046 0.8541666865348816 0.31481480598449707 0.859375 0.31481480598449707 0.8604166507720947 0.31296294927597046 0.8614583611488342 0.31296294927597046 0.862500011920929 0.31481480598449707 0.8656250238418579 0.31481480598449707 0.8666666746139526 0.3166666626930237 0.875 0.3166666626930237 0.8739583492279053 0.3166666626930237 0.8729166388511658 0.31481480598449707 0.8739583492279053 0.31296294927597046
3 0.7854166626930237 0.3499999940395355 0.7854166626930237 0.35185185074806213 0.7864583134651184 0.35370370745658875 0.7958333492279053 0.35370370745658875 0.796875 0.35555556416511536 0.8072916865348816 0.35555556416511536 0.8062499761581421 0.35555556416511536 0.8052083253860474 0.35370370745658875 0.7979166507720947 0.35370370745658875 0.796875 0.35185185074806213 0.7895833253860474 0.35185185074806213 0.7885416746139526 0.3499999940395355
3 0.7416666746139526 0.33888888359069824 0.7541666626930237 0.33888888359069824 0.7552083134651184 0.34074074029922485 0.7572916746139526 0.34074074029922485 0.7583333253860474 0.33888888359069824 0.7593749761581421 0.33888888359069824 0.7604166865348816 0.34074074029922485 0.7645833492279053 0.34074074029922485 0.765625 0.33888888359069824 0.768750011920929 0.33888888359069824 0.7729166746139526 0.3444444537162781 0.7854166626930237 0.3444444537162781 0.7864583134651184 0.3462963104248047 0.7989583611488342 0.3462963104248047 0.800000011920929 0.3481481373310089 0.8166666626930237 0.3481481373310089 0.8177083134651184 0.3499999940395355 0.8197916746139526 0.3499999940395355 0.824999988079071 0.34259259700775146 0.8260416388511658 0.34259259700775146 0.8270833492279053 0.34074074029922485 0.8291666507720947 0.34074074029922485 0.831250011920929 0.33703702688217163 0.8322916626930237 0.33703702688217163 0.8374999761581421 0.32777777314186096 0.8374999761581421 0.32592591643333435 0.8385416865348816 0.32407405972480774 0.8374999761581421 0.32407405972480774 0.8343750238418579 0.3203703761100769 0.8322916626930237 0.3203703761100769 0.828125 0.31481480598449707 0.8260416388511658 0.31481480598449707 0.8218749761581421 0.3092592656612396 0.8197916746139526 0.3092592656612396 0.8187500238418579 0.307407408952713 0.815625011920929 0.307407408952713 0.8135416507720947 0.3037036955356598 0.809374988079071 0.3037036955356598 0.8083333373069763 0.3018518388271332 0.8031250238418579 0.3018518388271332 0.800000011920929 0.29814815521240234 0.7947916388511658 0.29814815521240234 0.7916666865348816 0.2944444417953491 0.78125 0.2944444417953491 0.7802083492279053 0.29629629850387573 0.778124988079071 0.29629629850387573 0.7770833373069763 0.29814815521240234 0.7760416865348816 0.29814815521240234 0.7739583253860474 0.3018518388271332 0.7729166746139526 0.3018518388271332 0.768750011920929 0.307407408952713 0.765625 0.3092592656612396 0.7604166865348816 0.3166666626930237 0.7593749761581421 0.3166666626930237 0.7552083134651184 0.3222222328186035 0.7520833611488342 0.32407405972480774 0.7479166388511658 0.3314814865589142 0.7447916865348816 0.3333333432674408
4 0.528124988079071 0.4333333373069763 0.528124988079071 0.43888887763023376 0.5322916507720947 0.4444444477558136 0.53125 0.4481481611728668 0.534375011920929 0.4481481611728668 0.5385416746139526 0.45370370149612427 0.5510416626930237 0.4592592716217041 0.5552083253860474 0.46481481194496155 0.5739583373069763 0.46666666865348816 0.5874999761581421 0.4722222089767456 0.590624988079071 0.4703703820705414 0.6104166507720947 0.4703703820705414 0.625 0.4740740656852722 0.6677083373069763 0.4722222089767456 0.6739583611488342 0.4740740656852722 0.6770833134651184 0.47777777910232544 0.684374988079071 0.47777777910232544 0.6854166388511658 0.47592592239379883 0.6979166865348816 0.47592592239379883 0.7041666507720947 0.4703703820705414 0.703125 0.46851852536201477 0.7041666507720947 0.4592592716217041 0.7104166746139526 0.4555555582046509 0.7041666507720947 0.442592591047287 0.6916666626930237 0.43703705072402954 0.6864583492279053 0.4407407343387604 0.6864583492279053 0.44999998807907104 0.6812499761581421 0.4611110985279083 0.6770833134651184 0.4611110985279083 0.668749988079071 0.45370370149612427 0.6614583134651184 0.45185184478759766 0.6604166626930237 0.45370370149612427 0.6458333134651184 0.4481481611728668 0.6458333134651184 0.442592591047287 0.6510416865348816 0.4314814805984497 0.6552083492279053 0.43518519401550293 0.6604166626930237 0.4333333373069763 0.6625000238418579 0.4296296238899231 0.6583333611488342 0.42592594027519226 0.6499999761581421 0.4277777671813965 0.6479166746139526 0.42407408356666565 0.6343749761581421 0.42407408356666565 0.6260416507720947 0.4203703701496124 0.6083333492279053 0.4203703701496124 0.6072916388511658 0.4185185134410858 0.5885416865348816 0.4185185134410858 0.5822916626930237 0.4148148000240326 0.581250011920929 0.4166666567325592 0.5687500238418579 0.4148148000240326 0.5427083373069763 0.4277777671813965 0.53125 0.4296296238899231
