0 0.8833333253860474 0.5074074268341064 0.8843749761581421 0.5092592835426331 0.8854166865348816 0.5092592835426331 0.8864583373069763 0.5111111402511597 0.887499988079071 0.5111111402511597 0.8885416388511658 0.5129629373550415 0.890625 0.5129629373550415 0.8916666507720947 0.5148147940635681 0.8947916626930237 0.5148147940635681 0.8958333134651184 0.5166666507720947 0.8989583253860474 0.5166666507720947 0.8999999761581421 0.5185185074806213 0.9010416865348816 0.5185185074806213 0.9020833373069763 0.5166666507720947 0.8999999761581421 0.5129629373550415 0.8989583253860474 0.5129629373550415 0.8979166746139526 0.5111111402511597 0.8968750238418579 0.5111111402511597 0.8958333134651184 0.5092592835426331 0.8854166865348816 0.5092592835426331 0.8843749761581421 0.5074074268341064
0 0.903124988079071 0.49444442987442017 0.9052083492279053 0.4981481432914734 0.90625 0.4981481432914734 0.9072916507720947 0.5 0.9083333611488342 0.5 0.909375011920929 0.5018518567085266 0.9114583134651184 0.5018518567085266 0.9125000238418579 0.5037037134170532 0.9135416746139526 0.5037037134170532 0.9145833253860474 0.5055555701255798 0.9156249761581421 0.5055555701255798 0.9166666865348816 0.5074074268341064 0.918749988079071 0.5074074268341064 0.9197916388511658 0.5092592835426331 0.9208333492279053 0.5092592835426331 0.921875 0.5111111402511597 0.9239583611488342 0.5111111402511597 0.925000011920929 0.5129629373550415 0.9260416626930237 0.5129629373550415 0.9270833134651184 0.5148147940635681 0.9354166388511658 0.5148147940635681 0.9364583492279053 0.5129629373550415 0.9375 0.5129629373550415 0.9385416507720947 0.5111111402511597 0.9385416507720947 0.5092592835426331 0.9395833611488342 0.5074074268341064 0.9375 0.5037037134170532 0.9375 0.5018518567085266 0.9364583492279053 0.5 0.9312499761581421 0.5 0.9302083253860474 0.4981481432914734 0.921875 0.4981481432914734 0.9208333492279053 0.4962962865829468 0.9156249761581421 0.4962962865829468 0.9145833253860474 0.49444442987442017 0.9104166626930237 0.49444442987442017 0.909375011920929 0.49259260296821594 0.9072916507720947 0.49259260296821594 0.90625 0.49444442987442017
0 0.35729166865348816 0.39259257912635803 0.3552083373069763 0.39259257912635803 0.3541666567325592 0.39444443583488464 0.3479166626930237 0.39444443583488464 0.34687501192092896 0.39629629254341125 0.3395833373069763 0.39629629254341125 0.3385416567325592 0.39814814925193787 0.3375000059604645 0.39814814925193787 0.33645832538604736 0.4000000059604645 0.3375000059604645 0.39814814925193787 0.3447916805744171 0.39814814925193787 0.34583333134651184 0.4000000059604645 0.34583333134651184 0.4018518626689911 0.34687501192092896 0.4000000059604645 0.35208332538604736 0.4000000059604645 0.3531250059604645 0.39814814925193787 0.3541666567325592 0.39814814925193787
0 0.0625 0.3592592477798462 0.05312500149011612 0.3592592477798462 0.0520833320915699 0.3611111044883728 0.046875 0.3611111044883728 0.04583333432674408 0.3592592477798462 0.04479166492819786 0.3611111044883728 0.03854166716337204 0.3629629611968994 0.03541666641831398 0.3592592477798462 0.0364583320915699 0.35740742087364197 0.04062499850988388 0.35740742087364197 0.03541666641831398 0.35740742087364197 0.03333333507180214 0.3592592477798462 0.03437500074505806 0.3611111044883728 0.03333333507180214 0.3629629611968994 0.02604166604578495 0.3629629611968994 0.02500000037252903 0.364814817905426 0.02395833283662796 0.3629629611968994 0.02083333395421505 0.36666667461395264 0.01875000074505806 0.36666667461395264 0.014583333395421505 0.37037035822868347 0.01354166679084301 0.36851853132247925 0.01145833358168602 0.37037035822868347 0.0031250000465661287 0.37037035822868347 0.0020833334419876337 0.3722222149372101 0.0 0.3722222149372101 0.0 0.39629629254341125 0.0052083334885537624 0.39629629254341125 0.010416666977107525 0.3907407522201538 0.012500000186264515 0.3907407522201538 0.01666666753590107 0.3870370388031006 0.01979166641831398 0.3870370388031006 0.02083333395421505 0.385185182094574 0.02708333358168602 0.385185182094574 0.02812499925494194 0.38333332538604736 0.03229166567325592 0.38333332538604736 0.03333333507180214 0.38148146867752075 0.03541666641831398 0.38148146867752075 0.03958333283662796 0.3777777850627899 0.04583333432674408 0.3777777850627899 0.046875 0.3759259283542633 0.04895833507180214 0.3759259283542633 0.05000000074505806 0.3777777850627899 0.05416666716337204 0.3777777850627899 0.05520833283662796 0.3759259283542633 0.046875 0.3740740716457367 0.04583333432674408 0.3759259283542633 0.03958333283662796 0.3759259283542633 0.03854166716337204 0.3777777850627899 0.03020833246409893 0.3777777850627899 0.02916666679084301 0.37962964177131653 0.014583333395421505 0.37962964177131653 0.01354166679084301 0.38148146867752075 0.0072916666977107525 0.37962964177131653 0.0062500000931322575 0.3777777850627899 0.0072916666977107525 0.3759259283542633 0.01354166679084301 0.3740740716457367 0.014583333395421505 0.3722222149372101 0.01770833320915699 0.3722222149372101 0.01875000074505806 0.37037035822868347 0.02187499962747097 0.37037035822868347 0.02291666716337204 0.36851853132247925 0.02708333358168602 0.36851853132247925 0.02812499925494194 0.36666667461395264 0.03125 0.36666667461395264 0.03229166567325592 0.364814817905426 0.03750000149011612 0.364814817905426 0.03854166716337204 0.3629629611968994 0.04374999925494194 0.3629629611968994 0.04479166492819786 0.3611111044883728 0.0520833320915699 0.3611111044883728 0.05312500149011612 0.3592592477798462
0 0.46041667461395264 0.3481481373310089 0.4385416805744171 0.34074074029922485 0.3854166567325592 0.3629629611968994 0.3489583432674408 0.3499999940395355 0.2718749940395355 0.3629629611968994 0.2802083194255829 0.3759259283542633 0.2697916626930237 0.38148146867752075 0.28437501192092896 0.38148146867752075 0.2906250059604645 0.3888888955116272 0.08229167014360428 0.4481481611728668 0.08437500149011612 0.45185184478759766 0.0625 0.46851852536201477 0.03541666641831398 0.47777777910232544 0.010416666977107525 0.47592592239379883 0.06354166567325592 0.45370370149612427 0.0 0.4722222089767456 0.0 0.4888888895511627 0.00937500037252903 0.4962962865829468 0.0 0.5018518567085266 0.3020833432674408 0.385185182094574 0.328125 0.38148146867752075 0.3322916626930237 0.3870370388031006 0.29895833134651184 0.39814814925193787 0.30416667461395264 0.4037036895751953 0.41979166865348816 0.35555556416511536
0 0.32499998807907104 0.45370370149612427 0.36666667461395264 0.529629647731781 0.3947916626930237 0.529629647731781 0.5354166626930237 0.5870370268821716 0.5739583373069763 0.5629629492759705 0.5874999761581421 0.5722222328186035 0.6177083253860474 0.5518518686294556 0.6197916865348816 0.5407407283782959 0.6343749761581421 0.5277777910232544 0.6479166746139526 0.5518518686294556 0.6958333253860474 0.5703703761100769 0.7927083373069763 0.5796296000480652 0.8239583373069763 0.5537037253379822 0.8218749761581421 0.5370370149612427 0.831250011920929 0.5314815044403076 0.8270833492279053 0.5055555701255798 0.8343750238418579 0.47592592239379883 0.8218749761581421 0.46296295523643494 0.7916666865348816 0.4555555582046509 0.765625 0.4185185134410858 0.7302083373069763 0.39444443583488464 0.65625 0.37037035822868347 0.5114583373069763 0.35555556416511536 0.5239583253860474 0.3611111044883728 0.5062500238418579 0.3722222149372101 0.4958333373069763 0.3629629611968994 0.5 0.35555556416511536 0.47604167461395264 0.35370370745658875 0.503125011920929 0.33888888359069824 0.49166667461395264 0.3351851999759674 0.4625000059604645 0.33888888359069824 0.4781250059604645 0.34074074029922485 0.4625000059604645 0.3462963104248047 0.4781250059604645 0.3462963104248047 0.47708332538604736 0.35185185074806213 0.37708333134651184 0.38333332538604736 0.39895832538604736 0.38148146867752075 0.4000000059604645 0.3888888955116272 0.4625000059604645 0.36666667461395264 0.4749999940395355 0.36851853132247925 0.4739583432674408 0.3740740716457367 0.38854166865348816 0.4000000059604645 0.3812499940395355 0.41111111640930176 0.3843750059604645 0.42222222685813904 0.3791666626930237 0.4314814805984497
0 0.28125 0.3314814865589142 0.26875001192092896 0.3314814865589142 0.26770833134651184 0.3333333432674408 0.25833332538604736 0.3333333432674408 0.25729167461395264 0.3351851999759674 0.24791666865348816 0.3351851999759674 0.24687500298023224 0.33703702688217163 0.234375 0.33703702688217163 0.23333333432674408 0.33888888359069824 0.2239583283662796 0.33888888359069824 0.22291666269302368 0.34074074029922485 0.21770833432674408 0.34074074029922485 0.21562500298023224 0.33888888359069824 0.21145834028720856 0.34259259700775146 0.20208333432674408 0.34259259700775146 0.20104166865348816 0.34074074029922485 0.203125 0.33703702688217163 0.21041665971279144 0.33703702688217163 0.21145834028720856 0.3351851999759674 0.2135416716337204 0.3351851999759674 0.21562500298023224 0.3333333432674408 0.2135416716337204 0.3333333432674408 0.21250000596046448 0.3351851999759674 0.21041665971279144 0.3351851999759674 0.20937499403953552 0.3333333432674408 0.2083333283662796 0.3351851999759674 0.20104166865348816 0.3351851999759674 0.20000000298023224 0.33703702688217163 0.19062499701976776 0.33703702688217163 0.18541666865348816 0.34074074029922485 0.17499999701976776 0.34074074029922485 0.17395833134651184 0.34259259700775146 0.17083333432674408 0.34259259700775146 0.17395833134651184 0.34259259700775146 0.17499999701976776 0.34074074029922485 0.18020834028720856 0.34074074029922485 0.18125000596046448 0.34259259700775146 0.1822916716337204 0.34074074029922485 0.18333333730697632 0.3444444537162781 0.19479165971279144 0.3444444537162781 0.19583334028720856 0.3462963104248047 0.19479165971279144 0.3481481373310089 0.18645833432674408 0.3481481373310089 0.18437500298023224 0.35185185074806213 0.18958333134651184 0.35185185074806213 0.19062499701976776 0.3499999940395355 0.19583334028720856 0.3499999940395355 0.19687500596046448 0.3481481373310089 0.20416666567325592 0.3481481373310089 0.20520833134651184 0.3462963104248047 0.2135416716337204 0.3462963104248047 0.21458333730697632 0.3444444537162781 0.23125000298023224 0.34259259700775146 0.23229166865348816 0.34074074029922485 0.24687500298023224 0.33888888359069824 0.24791666865348816 0.33703702688217163 0.2614583373069763 0.3351851999759674 0.26249998807907104 0.3333333432674408 0.26770833134651184 0.3333333432674408 0.26875001192092896 0.3314814865589142
0 0.10833333432674408 0.3314814865589142 0.0729166641831398 0.3314814865589142 0.07187499850988388 0.3333333432674408 0.06875000149011612 0.3333333432674408 0.0677083358168602 0.3314814865589142 0.06562499701976776 0.3314814865589142 0.06458333134651184 0.3296296298503876 0.05937499925494194 0.3296296298503876 0.05833333358168602 0.3314814865589142 0.04479166492819786 0.3314814865589142 0.04374999925494194 0.3333333432674408 0.01770833320915699 0.3333333432674408 0.01666666753590107 0.3351851999759674 0.0 0.3351851999759674 0.0 0.34259259700775146 0.014583333395421505 0.34259259700775146 0.015625 0.34074074029922485 0.01666666753590107 0.34074074029922485 0.01770833320915699 0.34259259700775146 0.03437500074505806 0.34259259700775146 0.03958333283662796 0.33703702688217163 0.05104166641831398 0.33703702688217163 0.0520833320915699 0.3351851999759674 0.06562499701976776 0.3351851999759674 0.06666667014360428 0.3333333432674408 0.08437500149011612 0.3333333432674408 0.08541666716337204 0.3314814865589142
0 0.0833333358168602 0.3203703761100769 0.0572916679084301 0.3203703761100769 0.05624999850988388 0.3222222328186035 0.02604166604578495 0.3222222328186035 0.02500000037252903 0.32407405972480774 0.02395833283662796 0.32407405972480774 0.02291666716337204 0.3222222328186035 0.0 0.3222222328186035 0.0 0.32777777314186096 0.01354166679084301 0.32777777314186096 0.014583333395421505 0.32592591643333435 0.02916666679084301 0.32592591643333435 0.03020833246409893 0.32407405972480774 0.05416666716337204 0.32407405972480774 0.05520833283662796 0.3222222328186035 0.06458333134651184 0.3222222328186035 0.06562499701976776 0.32407405972480774 0.0677083358168602 0.32407405972480774 0.06875000149011612 0.3222222328186035 0.08229167014360428 0.3222222328186035
0 0.3479166626930237 0.3166666626930237 0.34375 0.3185185194015503 0.33125001192092896 0.3166666626930237 0.33020833134651184 0.31481480598449707 0.33125001192092896 0.31296294927597046 0.34583333134651184 0.31296294927597046 0.3291666805744171 0.31111112236976624 0.328125 0.31296294927597046 0.2958333194255829 0.31296294927597046 0.2927083373069763 0.3185185194015503 0.28333333134651184 0.31481480598449707 0.2822916805744171 0.3166666626930237 0.26249998807907104 0.31481480598449707 0.2614583373069763 0.3166666626930237 0.18020834028720856 0.3222222328186035 0.1875 0.3222222328186035 0.19374999403953552 0.32592591643333435 0.19895833730697632 0.3222222328186035 0.20937499403953552 0.32407405972480774 0.23749999701976776 0.3185185194015503 0.24062499403953552 0.3222222328186035 0.2395833283662796 0.32592591643333435 0.21875 0.3296296298503876 0.2239583283662796 0.3314814865589142 0.25729167461395264 0.32407405972480774 0.25833332538604736 0.32592591643333435 0.2593750059604645 0.32407405972480774 0.27291667461395264 0.32592591643333435 0.2750000059604645 0.3222222328186035 0.2770833373069763 0.32407405972480774 0.2760416567325592 0.32592591643333435 0.29374998807907104 0.32592591643333435 0.2927083373069763 0.32407405972480774 0.296875 0.3203703761100769 0.3020833432674408 0.3222222328186035 0.29895833134651184 0.32592591643333435 0.30000001192092896 0.32777777314186096 0.3114583194255829 0.32777777314186096 0.3125 0.32592591643333435 0.3239583373069763 0.32592591643333435 0.3270833194255829 0.3222222328186035 0.33541667461395264 0.32407405972480774 0.328125 0.32407405972480774 0.3270833194255829 0.3222222328186035 0.33020833134651184 0.3185185194015503 0.3447916805744171 0.3203703761100769
0 0.4208333194255829 0.2944444417953491 0.4208333194255829 0.29629629850387573 0.4270833432674408 0.29629629850387573 0.4281249940395355 0.2944444417953491 0.43541666865348816 0.2944444417953491 0.4364583194255829 0.29629629850387573 0.43541666865348816 0.29814815521240234 0.4322916567325592 0.29814815521240234 0.4312500059604645 0.30000001192092896 0.43020832538604736 0.29814815521240234 0.42916667461395264 0.30000001192092896 0.42500001192092896 0.30000001192092896 0.4260416626930237 0.30000001192092896 0.4312500059604645 0.3055555522441864 0.43541666865348816 0.3055555522441864 0.4333333373069763 0.30000001192092896 0.4364583194255829 0.29629629850387573 0.43958333134651184 0.29629629850387573 0.44062501192092896 0.29814815521240234 0.4437499940395355 0.29814815521240234 0.44479167461395264 0.30000001192092896 0.4437499940395355 0.3018518388271332 0.43958333134651184 0.3018518388271332 0.4427083432674408 0.3055555522441864 0.4427083432674408 0.307407408952713 0.4437499940395355 0.3092592656612396 0.4427083432674408 0.31111112236976624 0.4572916626930237 0.31111112236976624 0.453125 0.31111112236976624 0.4520833194255829 0.3092592656612396 0.453125 0.307407408952713 0.4583333432674408 0.307407408952713 0.4593749940395355 0.3055555522441864 0.46875 0.3055555522441864 0.4697916805744171 0.3037036955356598 0.46875 0.3037036955356598 0.4677083194255829 0.3055555522441864 0.4583333432674408 0.3055555522441864 0.4572916626930237 0.3037036955356598 0.4583333432674408 0.3018518388271332 0.46041667461395264 0.3018518388271332 0.46145832538604736 0.30000001192092896 0.4645833373069763 0.30000001192092896 0.4635416567325592 0.30000001192092896 0.46145832538604736 0.29629629850387573 0.46041667461395264 0.29629629850387573 0.4593749940395355 0.29814815521240234 0.4520833194255829 0.29814815521240234 0.45104166865348816 0.29629629850387573 0.4375 0.29629629850387573 0.4364583194255829 0.2944444417953491 0.4229166805744171 0.2944444417953491 0.421875 0.2925925850868225
0 0.4697916805744171 0.2944444417953491 0.4697916805744171 0.29629629850387573 0.47083333134651184 0.29629629850387573 0.47187501192092896 0.29814815521240234 0.4739583432674408 0.29814815521240234 0.4749999940395355 0.30000001192092896 0.4802083373069763 0.30000001192092896 0.48124998807907104 0.29814815521240234 0.48229166865348816 0.30000001192092896 0.4833333194255829 0.30000001192092896 0.484375 0.3018518388271332 0.484375 0.3037036955356598 0.4833333194255829 0.3055555522441864 0.48124998807907104 0.3055555522441864 0.4802083373069763 0.3037036955356598 0.4802083373069763 0.3055555522441864 0.48229166865348816 0.3055555522441864 0.4833333194255829 0.307407408952713 0.4885416626930237 0.307407408952713 0.4895833432674408 0.3092592656612396 0.4906249940395355 0.3092592656612396 0.49166667461395264 0.307407408952713 0.49270832538604736 0.307407408952713 0.4937500059604645 0.3092592656612396 0.5083333253860474 0.3092592656612396 0.5093749761581421 0.307407408952713 0.5104166865348816 0.307407408952713 0.5104166865348816 0.3055555522441864 0.512499988079071 0.3018518388271332 0.5104166865348816 0.3018518388271332 0.5083333253860474 0.29814815521240234 0.5072916746139526 0.29814815521240234 0.5062500238418579 0.29629629850387573 0.5052083134651184 0.29629629850387573 0.5041666626930237 0.2944444417953491 0.5010416507720947 0.2944444417953491 0.5 0.2925925850868225 0.49687498807907104 0.2925925850868225 0.4958333373069763 0.2907407283782959 0.4947916567325592 0.2907407283782959 0.4937500059604645 0.2925925850868225 0.49166667461395264 0.2925925850868225 0.4906249940395355 0.2944444417953491 0.4885416626930237 0.2944444417953491 0.48750001192092896 0.29629629850387573 0.484375 0.29629629850387573 0.4833333194255829 0.29814815521240234 0.47708332538604736 0.29814815521240234 0.47604167461395264 0.29629629850387573 0.47708332538604736 0.2944444417953491 0.47708332538604736 0.2925925850868225 0.47604167461395264 0.2944444417953491 0.4739583432674408 0.2907407283782959 0.4729166626930237 0.2925925850868225 0.47083333134651184 0.2925925850868225
1 0.8270833492279053 0.9888888597488403 0.828125 0.9907407164573669 0.828125 0.9925925731658936 0.8291666507720947 0.9925925731658936 0.8291666507720947 0.9907407164573669 0.8302083611488342 0.9888888597488403 0.831250011920929 0.9888888597488403 0.8322916626930237 0.9907407164573669 0.8343750238418579 0.9907407164573669 0.8354166746139526 0.9888888597488403 0.8354166746139526 0.9870370626449585 0.8374999761581421 0.9833333492279053 0.8385416865348816 0.9833333492279053 0.8395833373069763 0.9851852059364319 0.8427083492279053 0.9851852059364319 0.8427083492279053 0.9814814925193787 0.8395833373069763 0.9814814925193787 0.8385416865348816 0.979629635810852 0.8291666507720947 0.979629635810852 0.8270833492279053 0.9833333492279053
1 0.9135416746139526 0.9314814805984497 0.9135416746139526 0.9333333373069763 0.9145833253860474 0.9351851940155029 0.9145833253860474 0.9370370507240295 0.9197916388511658 0.9462962746620178 0.9208333492279053 0.9462962746620178 0.921875 0.9481481313705444 0.9229166507720947 0.9481481313705444 0.9239583611488342 0.949999988079071 0.925000011920929 0.949999988079071 0.9270833134651184 0.9537037014961243 0.9281250238418579 0.9537037014961243 0.9291666746139526 0.9555555582046509 0.9302083253860474 0.9555555582046509 0.9312499761581421 0.9574074149131775 0.9333333373069763 0.9574074149131775 0.9333333373069763 0.9555555582046509 0.934374988079071 0.9537037014961243 0.934374988079071 0.9518518447875977 0.9364583492279053 0.9481481313705444 0.9375 0.949999988079071 0.9385416507720947 0.949999988079071 0.9395833611488342 0.9518518447875977 0.940625011920929 0.9518518447875977 0.940625011920929 0.949999988079071 0.9416666626930237 0.9481481313705444 0.9427083134651184 0.949999988079071 0.9468749761581421 0.949999988079071 0.9468749761581421 0.9462962746620178 0.9489583373069763 0.9425926208496094 0.949999988079071 0.9425926208496094 0.9510416388511658 0.9444444179534912 0.9520833492279053 0.9444444179534912 0.953125 0.9462962746620178 0.9541666507720947 0.9444444179534912 0.9552083611488342 0.9462962746620178 0.956250011920929 0.9462962746620178 0.9572916626930237 0.9481481313705444 0.9583333134651184 0.9481481313705444 0.9572916626930237 0.9462962746620178 0.956250011920929 0.9462962746620178 0.9552083611488342 0.9444444179534912 0.953125 0.9444444179534912 0.9520833492279053 0.9425926208496094 0.9510416388511658 0.9425926208496094 0.949999988079071 0.9407407641410828 0.9489583373069763 0.9407407641410828 0.9479166865348816 0.9388889074325562 0.9458333253860474 0.9388889074325562 0.9447916746139526 0.9370370507240295 0.9427083134651184 0.9370370507240295 0.9416666626930237 0.9351851940155029 0.9395833611488342 0.9351851940155029 0.9385416507720947 0.9333333373069763 0.9354166388511658 0.9333333373069763 0.934374988079071 0.9314814805984497 0.9302083253860474 0.9314814805984497 0.9291666746139526 0.9296296238899231 0.9145833253860474 0.9296296238899231
1 0.890625 0.8740741014480591 0.890625 0.8814814686775208 0.8916666507720947 0.8833333253860474 0.8916666507720947 0.885185182094574 0.893750011920929 0.8888888955116272 0.8947916626930237 0.8888888955116272 0.8958333134651184 0.8907407522201538 0.8968750238418579 0.8907407522201538 0.8979166746139526 0.8925926089286804 0.8999999761581421 0.8925926089286804 0.9010416865348816 0.894444465637207 0.9041666388511658 0.894444465637207 0.9052083492279053 0.8962963223457336 0.9083333611488342 0.8962963223457336 0.909375011920929 0.8981481194496155 0.9135416746139526 0.8981481194496155 0.9145833253860474 0.8999999761581421 0.9208333492279053 0.8999999761581421 0.921875 0.9018518328666687 0.9333333373069763 0.9018518328666687 0.934374988079071 0.8999999761581421 0.934374988079071 0.8962963223457336 0.9291666746139526 0.8870370388031006 0.9281250238418579 0.8870370388031006 0.925000011920929 0.8814814686775208 0.9239583611488342 0.8814814686775208 0.921875 0.8777777552604675 0.9208333492279053 0.8777777552604675 0.9197916388511658 0.8759258985519409 0.918749988079071 0.8759258985519409 0.9177083373069763 0.8740741014480591 0.9156249761581421 0.8740741014480591 0.9145833253860474 0.8722222447395325 0.9125000238418579 0.8722222447395325 0.9114583134651184 0.8703703880310059 0.909375011920929 0.8703703880310059 0.9083333611488342 0.8685185313224792 0.9010416865348816 0.8685185313224792 0.8999999761581421 0.8666666746139526 0.8989583253860474 0.8685185313224792 0.8947916626930237 0.8685185313224792 0.893750011920929 0.8703703880310059 0.8927083611488342 0.8703703880310059
1 0.24375000596046448 0.699999988079071 0.24166665971279144 0.699999988079071 0.24062499403953552 0.6981481313705444 0.23854166269302368 0.6981481313705444 0.23749999701976776 0.6962962746620178 0.2291666716337204 0.6962962746620178 0.22812500596046448 0.6981481313705444 0.22604165971279144 0.6981481313705444 0.22499999403953552 0.699999988079071 0.2239583283662796 0.699999988079071 0.22187499701976776 0.7037037014961243 0.21979166567325592 0.7037037014961243 0.21875 0.7055555582046509 0.21770833432674408 0.7055555582046509 0.21666666865348816 0.7074074149131775 0.21562500298023224 0.7074074149131775 0.2135416716337204 0.7111111283302307 0.21458333730697632 0.7111111283302307 0.21562500298023224 0.7092592716217041 0.21666666865348816 0.7092592716217041 0.21770833432674408 0.7074074149131775 0.21979166567325592 0.7074074149131775 0.22291666269302368 0.7018518447875977 0.22604165971279144 0.7018518447875977 0.22708334028720856 0.699999988079071 0.23229166865348816 0.699999988079071 0.23333333432674408 0.6981481313705444 0.2395833283662796 0.6981481313705444 0.24270834028720856 0.7037037014961243 0.24375000596046448 0.7037037014961243
1 0.2770833373069763 0.7018518447875977 0.2822916805744171 0.6925926208496094 0.2822916805744171 0.6907407641410828 0.28854167461395264 0.6833333373069763 0.29374998807907104 0.6833333373069763 0.29479166865348816 0.6814814805984497 0.3031249940395355 0.6833333373069763 0.30416667461395264 0.6851851940155029 0.3072916567325592 0.6851851940155029 0.31041666865348816 0.6888889074325562 0.3114583194255829 0.6870370507240295 0.3135416805744171 0.6888889074325562 0.31458333134651184 0.6870370507240295 0.3229166567325592 0.6870370507240295 0.3239583373069763 0.6851851940155029 0.3333333432674408 0.6851851940155029 0.33645832538604736 0.6814814805984497 0.3375000059604645 0.6833333373069763 0.3385416567325592 0.6814814805984497 0.34375 0.6814814805984497 0.3447916805744171 0.6796296238899231 0.3479166626930237 0.6796296238899231 0.3489583432674408 0.6777777671813965 0.359375 0.6759259104728699 0.3604166805744171 0.6740740537643433 0.36666667461395264 0.6740740537643433 0.36770832538604736 0.6722221970558167 0.3687500059604645 0.6740740537643433 0.375 0.6759259104728699 0.37812501192092896 0.6814814805984497 0.3802083432674408 0.6833333373069763 0.38333332538604736 0.6833333373069763 0.3843750059604645 0.6851851940155029 0.3895833194255829 0.6851851940155029 0.39375001192092896 0.6814814805984497 0.3843750059604645 0.6796296238899231 0.3739583194255829 0.6703703999519348 0.3708333373069763 0.6703703999519348 0.3697916567325592 0.6685185432434082 0.33125001192092896 0.6685185432434082 0.33020833134651184 0.6666666865348816 0.32499998807907104 0.6666666865348816 0.3218750059604645 0.6629629731178284 0.31979167461395264 0.6629629731178284 0.31562501192092896 0.6592592597007751 0.3072916567325592 0.6592592597007751 0.3062500059604645 0.6611111164093018 0.3031249940395355 0.6611111164093018 0.2979166805744171 0.6666666865348816 0.2958333194255829 0.6666666865348816 0.2916666567325592 0.6703703999519348 0.27812498807907104 0.6944444179534912
1 0.34687501192092896 0.4592592716217041 0.34687501192092896 0.46296295523643494 0.34583333134651184 0.46481481194496155 0.3479166626930237 0.46851852536201477 0.3489583432674408 0.46851852536201477 0.3499999940395355 0.4703703820705414 0.3552083373069763 0.4703703820705414 0.35624998807907104 0.4722222089767456 0.3583333194255829 0.4722222089767456 0.35624998807907104 0.46851852536201477 0.3552083373069763 0.46851852536201477 0.35104167461395264 0.4611110985279083 0.3489583432674408 0.4611110985279083 0.3479166626930237 0.4592592716217041
1 0.9989583492279053 0.4740740656852722 0.8697916865348816 0.43703705072402954 0.8635416626930237 0.442592591047287 0.871874988079071 0.45370370149612427 0.8583333492279053 0.4555555582046509 0.800000011920929 0.4203703701496124 0.7760416865348816 0.4296296238899231 0.7833333611488342 0.442592591047287 0.8354166746139526 0.47592592239379883 0.824999988079071 0.5537037253379822 0.796875 0.5796296000480652 0.6958333253860474 0.5722222328186035 0.6479166746139526 0.5537037253379822 0.6343749761581421 0.529629647731781 0.43958333134651184 0.7240740656852722 0.42500001192092896 0.7574074268341064 0.42916667461395264 0.7722222208976746 0.2874999940395355 0.9425926208496094 0.2614583373069763 0.9981481432914734 0.7604166865348816 0.9981481432914734 0.7270833253860474 0.9074074029922485 0.7229166626930237 0.8703703880310059 0.734375 0.8111110925674438 0.7645833492279053 0.7518518567085266 0.746874988079071 0.7259259223937988 0.690625011920929 0.6962962746620178 0.6760416626930237 0.6629629731178284 0.6968749761581421 0.644444465637207 0.9989583492279053 0.8888888955116272
1 0.9072916507720947 0.4148148000240326 0.9072916507720947 0.4166666567325592 0.9083333611488342 0.4185185134410858 0.9437500238418579 0.4185185134410858 0.9447916746139526 0.4203703701496124 0.953125 0.4203703701496124 0.9541666507720947 0.42222222685813904 0.9624999761581421 0.42222222685813904 0.9635416865348816 0.42407408356666565 0.9729166626930237 0.42407408356666565 0.9739583134651184 0.42592594027519226 0.9791666865348816 0.42592594027519226 0.9802083373069763 0.4277777671813965 0.9822916388511658 0.4277777671813965 0.9833333492279053 0.4296296238899231 0.9916666746139526 0.4296296238899231 0.9927083253860474 0.4314814805984497 0.9979166388511658 0.4314814805984497 0.9989583492279053 0.4333333373069763 0.9989583492279053 0.42222222685813904 0.9958333373069763 0.42407408356666565 0.9947916865348816 0.42222222685813904 0.9906250238418579 0.42222222685813904 0.9895833134651184 0.4203703701496124 0.9822916388511658 0.4203703701496124 0.981249988079071 0.4185185134410858 0.9729166626930237 0.4185185134410858 0.971875011920929 0.4166666567325592 0.9604166746139526 0.4166666567325592 0.9593750238418579 0.4148148000240326 0.9572916626930237 0.4148148000240326 0.956250011920929 0.41296297311782837 0.949999988079071 0.41296297311782837 0.9489583373069763 0.41111111640930176 0.9333333373069763 0.41111111640930176 0.934374988079071 0.41296297311782837 0.934374988079071 0.4148148000240326 0.9333333373069763 0.4166666567325592 0.9291666746139526 0.4166666567325592 0.9281250238418579 0.4148148000240326
1 0.7427083253860474 0.4037036895751953 0.746874988079071 0.4037036895751953 0.7479166388511658 0.4055555462837219 0.75 0.4055555462837219 0.7510416507720947 0.40740740299224854 0.753125011920929 0.40740740299224854 0.7541666626930237 0.40925925970077515 0.7562500238418579 0.40925925970077515 0.7572916746139526 0.41111111640930176 0.7583333253860474 0.41111111640930176 0.7593749761581421 0.41296297311782837 0.7604166865348816 0.41296297311782837 0.7614583373069763 0.4148148000240326 0.7635416388511658 0.4148148000240326 0.7645833492279053 0.4166666567325592 0.765625 0.4166666567325592 0.7666666507720947 0.4185185134410858 0.7697916626930237 0.4185185134410858 0.7708333134651184 0.4203703701496124 0.7697916626930237 0.42222222685813904 0.7708333134651184 0.42222222685813904 0.7729166746139526 0.42592594027519226 0.7729166746139526 0.42407408356666565 0.7739583253860474 0.42222222685813904 0.7749999761581421 0.42407408356666565 0.7749999761581421 0.42592594027519226 0.778124988079071 0.42592594027519226 0.778124988079071 0.42407408356666565 0.7770833373069763 0.42407408356666565 0.7760416865348816 0.42222222685813904 0.7770833373069763 0.4203703701496124 0.78125 0.4203703701496124 0.7822916507720947 0.42222222685813904 0.7833333611488342 0.4203703701496124 0.7854166626930237 0.4203703701496124 0.784375011920929 0.4185185134410858 0.7864583134651184 0.4148148000240326 0.7802083492279053 0.4148148000240326 0.7791666388511658 0.41296297311782837 0.7718750238418579 0.41296297311782837 0.7708333134651184 0.41111111640930176 0.765625 0.41111111640930176 0.7645833492279053 0.40925925970077515 0.7593749761581421 0.40925925970077515 0.7583333253860474 0.40740740299224854 0.753125011920929 0.40740740299224854 0.7520833611488342 0.4055555462837219 0.7479166388511658 0.4055555462837219 0.746874988079071 0.4037036895751953
1 0.4593749940395355 0.4000000059604645 0.45625001192092896 0.4000000059604645 0.45520833134651184 0.4018518626689911 0.4520833194255829 0.4018518626689911 0.45104166865348816 0.4037036895751953 0.4468750059604645 0.4037036895751953 0.44583332538604736 0.4055555462837219 0.4427083432674408 0.4055555462837219 0.4416666626930237 0.40740740299224854 0.4375 0.40740740299224854 0.4364583194255829 0.40925925970077515 0.43437498807907104 0.40925925970077515 0.4333333373069763 0.41111111640930176 0.43020832538604736 0.41111111640930176 0.42916667461395264 0.41296297311782837 0.4260416626930237 0.41296297311782837 0.42500001192092896 0.4148148000240326 0.4229166805744171 0.4148148000240326 0.421875 0.4166666567325592 0.41874998807907104 0.4166666567325592 0.4177083373069763 0.4185185134410858 0.4156250059604645 0.4185185134410858 0.41458332538604736 0.4203703701496124 0.41354167461395264 0.4203703701496124 0.4124999940395355 0.4185185134410858 0.40937501192092896 0.4185185134410858 0.40833333134651184 0.4203703701496124 0.40625 0.4203703701496124 0.4052083194255829 0.42222222685813904 0.4000000059604645 0.42407408356666565 0.3968749940395355 0.4277777671813965 0.3947916626930237 0.4277777671813965 0.3895833194255829 0.4333333373069763 0.3843750059604645 0.43518519401550293 0.38333332538604736 0.43703705072402954 0.38229167461395264 0.43703705072402954 0.3791666626930237 0.4407407343387604 0.37708333134651184 0.4407407343387604 0.3760416805744171 0.442592591047287 0.37812501192092896 0.442592591047287 0.3791666626930237 0.4407407343387604 0.3843750059604645 0.4407407343387604 0.3854166567325592 0.43888887763023376 0.3947916626930237 0.43888887763023376 0.3958333432674408 0.4407407343387604 0.4072916805744171 0.4407407343387604 0.40833333134651184 0.43888887763023376 0.4114583432674408 0.43888887763023376 0.4124999940395355 0.43703705072402954 0.41458332538604736 0.43703705072402954 0.4156250059604645 0.43518519401550293 0.4270833432674408 0.43518519401550293 0.4281249940395355 0.4333333373069763 0.43020832538604736 0.4333333373069763 0.42916667461395264 0.4314814805984497 0.4260416626930237 0.4314814805984497 0.42500001192092896 0.4296296238899231 0.4229166805744171 0.4296296238899231 0.421875 0.4277777671813965 0.421875 0.42592594027519226 0.42395833134651184 0.42222222685813904 0.4270833432674408 0.42222222685813904 0.4281249940395355 0.4203703701496124 0.4322916567325592 0.4203703701496124 0.4333333373069763 0.4185185134410858 0.4385416805744171 0.4185185134410858 0.43958333134651184 0.4166666567325592 0.44479167461395264 0.4166666567325592 0.44583332538604736 0.4148148000240326 0.4479166567325592 0.4148148000240326 0.4489583373069763 0.41296297311782837 0.44999998807907104 0.41296297311782837 0.45520833134651184 0.4037036895751953 0.45625001192092896 0.4037036895751953 0.4583333432674408 0.4000000059604645
1 0.9541666507720947 0.4000000059604645 0.9593750238418579 0.4000000059604645 0.9604166746139526 0.4018518626689911 0.965624988079071 0.4018518626689911 0.9666666388511658 0.4037036895751953 0.9739583134651184 0.4037036895751953 0.9750000238418579 0.4055555462837219 0.984375 0.4055555462837219 0.9854166507720947 0.40740740299224854 0.9927083253860474 0.40740740299224854 0.9937499761581421 0.40925925970077515 0.9979166388511658 0.40925925970077515 0.9989583492279053 0.41111111640930176 0.9989583492279053 0.4018518626689911 0.996874988079071 0.4018518626689911 0.9958333373069763 0.4000000059604645 0.9927083253860474 0.4000000059604645 0.9916666746139526 0.4018518626689911 0.9895833134651184 0.4018518626689911 0.9885416626930237 0.4037036895751953 0.9833333492279053 0.4037036895751953 0.9822916388511658 0.4018518626689911 0.9802083373069763 0.4018518626689911 0.9791666865348816 0.4000000059604645 0.9770833253860474 0.4000000059604645 0.9760416746139526 0.39814814925193787 0.96875 0.39814814925193787 0.9677083492279053 0.4000000059604645
1 0.24791666865348816 0.4018518626689911 0.23645833134651184 0.4018518626689911 0.23229166865348816 0.39814814925193787 0.23333333432674408 0.39629629254341125 0.2291666716337204 0.39814814925193787 0.22812500596046448 0.39629629254341125 0.22291666269302368 0.39814814925193787 0.20104166865348816 0.39629629254341125 0.1822916716337204 0.4018518626689911 0.17291666567325592 0.4018518626689911 0.16249999403953552 0.40740740299224854 0.15208333730697632 0.4166666567325592 0.1145833358168602 0.4185185134410858 0.10104166716337204 0.42407408356666565 0.09583333134651184 0.42222222685813904 0.0989583358168602 0.42407408356666565 0.09791667014360428 0.42592594027519226 0.09479166567325592 0.42592594027519226 0.08437500149011612 0.43518519401550293 0.0833333358168602 0.4314814805984497 0.08541666716337204 0.4277777671813965 0.09166666865348816 0.42407408356666565 0.0729166641831398 0.4277777671813965 0.06562499701976776 0.442592591047287 0.06041666492819786 0.4481481611728668 0.04479166492819786 0.4555555582046509 0.09583333134651184 0.4444444477558136 0.11354167014360428 0.43703705072402954 0.125 0.43518519401550293 0.1302083283662796 0.4314814805984497 0.15729166567325592 0.42592594027519226 0.16249999403953552 0.42222222685813904 0.18125000596046448 0.4185185134410858 0.19895833730697632 0.41111111640930176
1 0.33125001192092896 0.3870370388031006 0.33020833134651184 0.385185182094574 0.3291666805744171 0.385185182094574 0.328125 0.38333332538604736 0.3270833194255829 0.385185182094574 0.32604166865348816 0.38333332538604736 0.3218750059604645 0.38333332538604736 0.32083332538604736 0.385185182094574 0.31979167461395264 0.38333332538604736 0.3187499940395355 0.385185182094574 0.3083333373069763 0.385185182094574 0.3072916567325592 0.3870370388031006 0.3020833432674408 0.3870370388031006 0.3010416626930237 0.3888888955116272 0.296875 0.3888888955116272 0.2958333194255829 0.3907407522201538 0.2916666567325592 0.3907407522201538 0.29374998807907104 0.39444443583488464 0.29479166865348816 0.39444443583488464 0.2958333194255829 0.39629629254341125 0.296875 0.39629629254341125 0.2979166805744171 0.39814814925193787 0.29895833134651184 0.39629629254341125 0.30520832538604736 0.39629629254341125 0.3062500059604645 0.39444443583488464 0.3135416805744171 0.39444443583488464 0.31458333134651184 0.39259257912635803 0.32083332538604736 0.39259257912635803 0.3218750059604645 0.3907407522201538 0.32604166865348816 0.3907407522201538 0.3270833194255829 0.3888888955116272 0.3291666805744171 0.3888888955116272 0.33020833134651184 0.3870370388031006
1 0.16354165971279144 0.37037035822868347 0.16458334028720856 0.37037035822868347 0.1666666716337204 0.3740740716457367 0.17604166269302368 0.3740740716457367 0.1770833283662796 0.3722222149372101 0.18958333134651184 0.3722222149372101 0.19062499701976776 0.37037035822868347 0.19583334028720856 0.37037035822868347 0.19687500596046448 0.36851853132247925 0.20416666567325592 0.36851853132247925 0.20520833134651184 0.36666667461395264 0.20937499403953552 0.36666667461395264 0.19374999403953552 0.36666667461395264 0.1927083283662796 0.36851853132247925 0.19062499701976776 0.36851853132247925 0.18958333134651184 0.37037035822868347 0.1822916716337204 0.37037035822868347 0.18125000596046448 0.3722222149372101 0.18020834028720856 0.37037035822868347 0.17812499403953552 0.37037035822868347 0.1770833283662796 0.36851853132247925 0.17291666567325592 0.36851853132247925 0.17083333432674408 0.364814817905426 0.171875 0.36666667461395264 0.171875 0.36851853132247925 0.17291666567325592 0.37037035822868347 0.171875 0.3722222149372101 0.16770833730697632 0.3722222149372101 0.1666666716337204 0.37037035822868347
1 0.4781250059604645 0.3481481373310089 0.4437499940395355 0.3499999940395355 0.4312500059604645 0.35740742087364197 0.41979166865348816 0.35740742087364197 0.4114583432674408 0.364814817905426 0.3791666626930237 0.3722222149372101 0.3020833432674408 0.4055555462837219 0.3239583373069763 0.45370370149612427 0.3395833373069763 0.44999998807907104 0.3791666626930237 0.4296296238899231 0.38333332538604736 0.42222222685813904 0.38333332538604736 0.4166666567325592 0.3802083432674408 0.41111111640930176 0.3854166567325592 0.4000000059604645 0.39895832538604736 0.39444443583488464 0.4020833373069763 0.39629629254341125 0.4020833373069763 0.39259257912635803 0.4156250059604645 0.39259257912635803 0.4479166567325592 0.3777777850627899 0.4697916805744171 0.3740740716457367 0.4749999940395355 0.37037035822868347 0.4625000059604645 0.36851853132247925 0.4385416805744171 0.3722222149372101 0.4229166805744171 0.38148146867752075 0.4114583432674408 0.38148146867752075 0.4010416567325592 0.3888888955116272 0.39895832538604736 0.38333332538604736 0.37708333134651184 0.385185182094574 0.37708333134651184 0.38148146867752075 0.39895832538604736 0.3740740716457367 0.40625 0.36666667461395264 0.421875 0.36666667461395264
1 0.4416666626930237 0.33888888359069824 0.4385416805744171 0.33888888359069824 0.4364583194255829 0.3351851999759674 0.43541666865348816 0.3351851999759674 0.43437498807907104 0.3333333432674408 0.4333333373069763 0.3333333432674408 0.43020832538604736 0.3296296298503876 0.4270833432674408 0.3296296298503876 0.42395833134651184 0.3333333432674408 0.41354167461395264 0.3333333432674408 0.4124999940395355 0.3351851999759674 0.40833333134651184 0.3351851999759674 0.4072916805744171 0.33703702688217163 0.4052083194255829 0.33703702688217163 0.40416666865348816 0.33888888359069824 0.4020833373069763 0.33888888359069824 0.4010416567325592 0.34074074029922485 0.39895832538604736 0.34074074029922485 0.39895832538604736 0.3444444537162781 0.39791667461395264 0.3462963104248047 0.3958333432674408 0.3462963104248047 0.3947916626930237 0.3481481373310089 0.39270833134651184 0.3481481373310089 0.3916666805744171 0.3499999940395355 0.38749998807907104 0.3499999940395355 0.3864583373069763 0.35185185074806213 0.38229167461395264 0.35185185074806213 0.3812499940395355 0.35370370745658875 0.3791666626930237 0.35370370745658875 0.37812501192092896 0.35555556416511536 0.375 0.35555556416511536 0.3739583194255829 0.35740742087364197 0.3708333373069763 0.35740742087364197 0.3739583194255829 0.35740742087364197 0.375 0.3592592477798462 0.3791666626930237 0.3592592477798462 0.3802083432674408 0.3611111044883728 0.3854166567325592 0.3611111044883728 0.3864583373069763 0.3592592477798462 0.3895833194255829 0.3592592477798462 0.390625 0.35740742087364197 0.39375001192092896 0.35740742087364197 0.3947916626930237 0.35555556416511536 0.39791667461395264 0.35555556416511536 0.39895832538604736 0.35370370745658875 0.40312498807907104 0.35370370745658875 0.40416666865348816 0.35185185074806213 0.40937501192092896 0.35185185074806213 0.4104166626930237 0.3499999940395355 0.4124999940395355 0.3499999940395355 0.41458332538604736 0.3462963104248047 0.4229166805744171 0.3462963104248047 0.42395833134651184 0.3444444537162781 0.4312500059604645 0.3444444537162781 0.4322916567325592 0.34259259700775146 0.43437498807907104 0.34259259700775146 0.43541666865348816 0.34074074029922485 0.4375 0.34074074029922485 0.4385416805744171 0.33888888359069824
1 0.27291667461395264 0.3222222328186035 0.2708333432674408 0.3222222328186035 0.2697916626930237 0.3203703761100769 0.265625 0.3203703761100769 0.2645833194255829 0.3185185194015503 0.26249998807907104 0.3185185194015503 0.2614583373069763 0.3203703761100769 0.24895833432674408 0.3203703761100769 0.24791666865348816 0.3222222328186035 0.24687500298023224 0.3222222328186035 0.25208333134651184 0.3222222328186035 0.25312501192092896 0.32407405972480774 0.2552083432674408 0.32407405972480774 0.2562499940395355 0.3222222328186035 0.26770833134651184 0.3222222328186035 0.26875001192092896 0.3203703761100769 0.2697916626930237 0.3222222328186035
1 0.45104166865348816 0.3166666626930237 0.4541666805744171 0.3166666626930237 0.45520833134651184 0.31481480598449707 0.4677083194255829 0.31481480598449707 0.46875 0.31296294927597046 0.4802083373069763 0.31296294927597046 0.48124998807907104 0.31111112236976624 0.48750001192092896 0.31111112236976624 0.4885416626930237 0.3092592656612396 0.4729166626930237 0.3092592656612396 0.47187501192092896 0.307407408952713 0.46875 0.307407408952713 0.4677083194255829 0.3092592656612396 0.4635416567325592 0.3092592656612396 0.4635416567325592 0.31111112236976624 0.4625000059604645 0.31296294927597046 0.46041667461395264 0.31296294927597046 0.4593749940395355 0.31111112236976624 0.4583333432674408 0.31111112236976624 0.4572916626930237 0.31296294927597046 0.45625001192092896 0.31296294927597046 0.45520833134651184 0.31481480598449707 0.4541666805744171 0.31296294927597046 0.453125 0.31481480598449707 0.4520833194255829 0.31481480598449707
1 0.4000000059604645 0.3296296298503876 0.33020833134651184 0.3203703761100769 0.31562501192092896 0.3296296298503876 0.296875 0.3222222328186035 0.21979166567325592 0.3333333432674408 0.23749999701976776 0.3203703761100769 0.19374999403953552 0.32777777314186096 0.18020834028720856 0.3203703761100769 0.2927083373069763 0.3166666626930237 0.2708333432674408 0.3055555522441864 0.11145833134651184 0.3166666626930237 0.0 0.31111112236976624 0.0 0.3203703761100769 0.0833333358168602 0.3185185194015503 0.06875000149011612 0.3314814865589142 0.109375 0.3314814865589142 0.0010416667209938169 0.3481481373310089 0.0 0.364814817905426 0.04479166492819786 0.35555556416511536 0.0364583320915699 0.3592592477798462 0.0520833320915699 0.3629629611968994 0.0072916666977107525 0.3777777850627899 0.09270833432674408 0.37037035822868347 0.10312499850988388 0.33703702688217163 0.11562500149011612 0.3333333432674408 0.16249999403953552 0.35555556416511536 0.2666666805744171 0.3444444537162781 0.34166666865348816 0.3499999940395355 0.37187498807907104 0.34259259700775146 0.328125 0.32777777314186096 0.3697916567325592 0.32592591643333435 0.375 0.3333333432674408 0.3604166805744171 0.3333333432674408 0.4000000059604645 0.33703702688217163 0.3791666626930237 0.3296296298503876
1 0.38749998807907104 0.29629629850387573 0.38854166865348816 0.2944444417953491 0.3895833194255829 0.2944444417953491 0.390625 0.29629629850387573 0.39270833134651184 0.29629629850387573 0.39375001192092896 0.29814815521240234 0.39895832538604736 0.29814815521240234 0.4000000059604645 0.30000001192092896 0.40312498807907104 0.30000001192092896 0.40416666865348816 0.29814815521240234 0.42916667461395264 0.29814815521240234 0.43020832538604736 0.29629629850387573 0.4312500059604645 0.29814815521240234 0.4322916567325592 0.29629629850387573 0.43541666865348816 0.29629629850387573 0.4281249940395355 0.29629629850387573 0.4270833432674408 0.29814815521240234 0.4208333194255829 0.29814815521240234 0.41979166865348816 0.29629629850387573 0.41979166865348816 0.2944444417953491 0.4177083373069763 0.2944444417953491 0.41874998807907104 0.29629629850387573 0.4177083373069763 0.29814815521240234 0.4156250059604645 0.29814815521240234 0.41458332538604736 0.29629629850387573 0.41354167461395264 0.29814815521240234 0.4104166626930237 0.29814815521240234 0.40937501192092896 0.29629629850387573 0.4104166626930237 0.2944444417953491 0.4114583432674408 0.2944444417953491 0.40937501192092896 0.2944444417953491 0.40833333134651184 0.29629629850387573 0.40625 0.29629629850387573 0.4052083194255829 0.2944444417953491 0.40416666865348816 0.29629629850387573 0.390625 0.29629629850387573 0.3895833194255829 0.2944444417953491 0.38854166865348816 0.2944444417953491
2 0.6770833134651184 0.6629629731178284 0.690625011920929 0.6944444179534912 0.746874988079071 0.7240740656852722 0.7562500238418579 0.7333333492279053 0.765625 0.7518518567085266 0.762499988079071 0.7648147940635681 0.7354166507720947 0.8111110925674438 0.7291666865348816 0.8388888835906982 0.7302083373069763 0.8500000238418579 0.7239583134651184 0.8703703880310059 0.7302083373069763 0.8925926089286804 0.7281249761581421 0.9074074029922485 0.7395833134651184 0.9259259104728699 0.7479166388511658 0.9685184955596924 0.7614583373069763 0.9981481432914734 0.9989583492279053 0.9981481432914734 0.9989583492279053 0.8907407522201538 0.7958333492279053 0.7351852059364319 0.6968749761581421 0.6462963223457336 0.6947916746139526 0.6574074029922485 0.6822916865348816 0.6574074029922485
2 0.08437500149011612 0.44999998807907104 0.07708333432674408 0.44999998807907104 0.07604166865348816 0.45185184478759766 0.06979166716337204 0.45185184478759766 0.06875000149011612 0.45370370149612427 0.06458333134651184 0.45370370149612427 0.06354166567325592 0.4555555582046509 0.05937499925494194 0.4555555582046509 0.05833333358168602 0.4574074149131775 0.05520833283662796 0.4574074149131775 0.05416666716337204 0.4592592716217041 0.05104166641831398 0.4592592716217041 0.05000000074505806 0.4611110985279083 0.046875 0.4611110985279083 0.04583333432674408 0.46296295523643494 0.04270833358168602 0.46296295523643494 0.0416666679084301 0.46481481194496155 0.03854166716337204 0.46481481194496155 0.03750000149011612 0.46666666865348816 0.03541666641831398 0.46666666865348816 0.03437500074505806 0.46851852536201477 0.03125 0.46851852536201477 0.03020833246409893 0.4703703820705414 0.02604166604578495 0.4703703820705414 0.02500000037252903 0.4722222089767456 0.02187499962747097 0.4722222089767456 0.02083333395421505 0.4740740656852722 0.01770833320915699 0.4740740656852722 0.01666666753590107 0.47592592239379883 0.01354166679084301 0.47592592239379883 0.012500000186264515 0.47777777910232544 0.010416666977107525 0.47777777910232544 0.02708333358168602 0.47777777910232544 0.02812499925494194 0.47592592239379883 0.03541666641831398 0.47592592239379883 0.0364583320915699 0.4740740656852722 0.04062499850988388 0.4740740656852722 0.0416666679084301 0.4722222089767456 0.04374999925494194 0.4722222089767456 0.04479166492819786 0.4703703820705414 0.046875 0.4703703820705414 0.04791666567325592 0.46851852536201477 0.05000000074505806 0.46851852536201477 0.05104166641831398 0.46666666865348816 0.05312500149011612 0.46666666865348816 0.05416666716337204 0.46481481194496155 0.05833333358168602 0.46481481194496155 0.05937499925494194 0.46296295523643494 0.0625 0.46296295523643494 0.06354166567325592 0.4611110985279083 0.06666667014360428 0.4611110985279083 0.0677083358168602 0.4592592716217041 0.06979166716337204 0.4592592716217041 0.07083333283662796 0.4574074149131775 0.0729166641831398 0.4574074149131775 0.07604166865348816 0.45370370149612427 0.07916666567325592 0.45370370149612427 0.08020833134651184 0.45185184478759766 0.08229167014360428 0.45185184478759766 0.0833333358168602 0.44999998807907104
2 0.5854166746139526 0.5740740895271301 0.5739583373069763 0.5648148059844971 0.5354166626930237 0.5888888835906982 0.3947916626930237 0.5314815044403076 0.36666667461395264 0.5314815044403076 0.2916666567325592 0.39259257912635803 0.0 0.5037037134170532 0.0 0.9981481432914734 0.2604166567325592 0.9981481432914734 0.2874999940395355 0.9407407641410828 0.42916667461395264 0.770370364189148 0.42395833134651184 0.7574074268341064 0.43958333134651184 0.7222222089767456 0.5562499761581421 0.6018518805503845 0.5708333253860474 0.5981481671333313 0.5687500238418579 0.5870370268821716 0.574999988079071 0.5907407402992249 0.5718749761581421 0.585185170173645
2 0.03437500074505806 0.35740742087364197 0.02500000037252903 0.35740742087364197 0.02395833283662796 0.3592592477798462 0.015625 0.3592592477798462 0.014583333395421505 0.3611111044883728 0.012500000186264515 0.3611111044883728 0.01145833358168602 0.3629629611968994 0.00937500037252903 0.3629629611968994 0.008333333767950535 0.364814817905426 0.004166666883975267 0.364814817905426 0.0031250000465661287 0.36666667461395264 0.0 0.36666667461395264 0.0 0.37037035822868347 0.0020833334419876337 0.37037035822868347 0.0031250000465661287 0.36851853132247925 0.01145833358168602 0.36851853132247925 0.012500000186264515 0.36666667461395264 0.01354166679084301 0.36666667461395264 0.014583333395421505 0.36851853132247925 0.015625 0.36666667461395264 0.01770833320915699 0.36666667461395264 0.01875000074505806 0.364814817905426 0.02083333395421505 0.364814817905426 0.02187499962747097 0.3629629611968994 0.02291666716337204 0.3629629611968994 0.02395833283662796 0.3611111044883728 0.02812499925494194 0.3611111044883728 0.02916666679084301 0.3592592477798462 0.03229166567325592 0.3592592477798462 0.03333333507180214 0.35740742087364197
2 0.30416667461395264 0.35370370745658875 0.3010416626930237 0.35185185074806213 0.296875 0.35555556416511536 0.28958332538604736 0.3481481373310089 0.2666666805744171 0.3462963104248047 0.22604165971279144 0.35370370745658875 0.16562500596046448 0.35740742087364197 0.17291666567325592 0.36666667461395264 0.18125000596046448 0.37037035822868347 0.19374999403953552 0.364814817905426 0.20937499403953552 0.364814817905426 0.20937499403953552 0.36851853132247925 0.16354165971279144 0.3777777850627899 0.10000000149011612 0.385185182094574 0.10729166865348816 0.39444443583488464 0.09479166567325592 0.4000000059604645 0.08749999850988388 0.40740740299224854 0.07708333432674408 0.40925925970077515 0.07708333432674408 0.4185185134410858 0.07395832985639572 0.42592594027519226 0.08958332985639572 0.42407408356666565 0.09062500298023224 0.42592594027519226 0.08437500149011612 0.4333333373069763 0.10729166865348816 0.4185185134410858 0.15208333730697632 0.4148148000240326 0.17291666567325592 0.4000000059604645 0.20104166865348816 0.39444443583488464 0.23333333432674408 0.39444443583488464 0.23333333432674408 0.39814814925193787 0.25 0.4000000059604645 0.28958332538604736 0.3888888955116272 0.28437501192092896 0.38333332538604736 0.2697916626930237 0.38333332538604736 0.2697916626930237 0.37962964177131653 0.27916666865348816 0.3759259283542633 0.2708333432674408 0.3629629611968994 0.2864583432674408 0.35555556416511536 0.3031249940395355 0.35740742087364197 0.3010416626930237 0.35555556416511536
2 0.1041666641831398 0.31111112236976624 0.33645832538604736 0.3092592656612396 0.4010416567325592 0.32777777314186096 0.3791666626930237 0.3314814865589142 0.4000000059604645 0.33888888359069824 0.328125 0.3296296298503876 0.37187498807907104 0.34074074029922485 0.3499999940395355 0.3499999940395355 0.37187498807907104 0.35555556416511536 0.4270833432674408 0.32777777314186096 0.45625001192092896 0.3462963104248047 0.5041666626930237 0.3351851999759674 0.47708332538604736 0.35370370745658875 0.5 0.35370370745658875 0.5062500238418579 0.37037035822868347 0.5229166746139526 0.3611111044883728 0.5114583373069763 0.35370370745658875 0.65625 0.36851853132247925 0.7864583134651184 0.41296297311782837 0.7749999761581421 0.4277777671813965 0.800000011920929 0.4166666567325592 0.9989583492279053 0.4722222089767456 0.9979166388511658 0.4333333373069763 0.90625 0.4166666567325592 0.9489583373069763 0.40925925970077515 0.996874988079071 0.42222222685813904 0.9979166388511658 0.41111111640930176 0.9541666507720947 0.4018518626689911 0.9697916507720947 0.39629629254341125 0.5895833373069763 0.307407408952713 0.45104166865348816 0.3185185194015503 0.3604166805744171 0.2907407283782959 0.28333333134651184 0.29814815521240234 0.2874999940395355 0.307407408952713
3 0.171875 0.37037035822868347 0.16979166865348816 0.3629629611968994 0.15937499701976776 0.35370370745658875 0.1510416716337204 0.35185185074806213 0.13333334028720856 0.33888888359069824 0.12812499701976776 0.33888888359069824 0.12604166567325592 0.3351851999759674 0.1197916641831398 0.33703702688217163 0.11562500149011612 0.3351851999759674 0.10312499850988388 0.33888888359069824 0.10000000149011612 0.35185185074806213 0.09375 0.364814817905426 0.09375 0.3722222149372101 0.09062500298023224 0.3777777850627899 0.0729166641831398 0.3777777850627899 0.07187499850988388 0.37962964177131653 0.046875 0.3777777850627899 0.03958333283662796 0.37962964177131653 0.03229166567325592 0.385185182094574 0.01666666753590107 0.3888888955116272 0.008333333767950535 0.39444443583488464 0.0072916666977107525 0.39814814925193787 0.0 0.4000000059604645 0.0 0.4703703820705414 0.03229166567325592 0.4611110985279083 0.06041666492819786 0.4462963044643402 0.06979166716337204 0.4333333373069763 0.07604166865348816 0.4185185134410858 0.07708333432674408 0.40740740299224854 0.0833333358168602 0.40740740299224854 0.09479166567325592 0.39814814925193787 0.10625000298023224 0.39444443583488464 0.0989583358168602 0.385185182094574 0.10312499850988388 0.38148146867752075 0.11562500149011612 0.38148146867752075 0.14166666567325592 0.3759259283542633 0.16354165971279144 0.3759259283542633 0.16562500596046448 0.3740740716457367 0.16249999403953552 0.37037035822868347 0.16354165971279144 0.36851853132247925
4 0.7104166746139526 0.45370370149612427 0.7052083611488342 0.4481481611728668 0.6979166865348816 0.4444444477558136 0.6885416507720947 0.4333333373069763 0.6781250238418579 0.42592594027519226 0.6614583134651184 0.42407408356666565 0.6604166626930237 0.42222222685813904 0.6479166746139526 0.42222222685813904 0.6468750238418579 0.4203703701496124 0.6458333134651184 0.42222222685813904 0.6364583373069763 0.4166666567325592 0.6291666626930237 0.4166666567325592 0.628125011920929 0.4148148000240326 0.6229166388511658 0.4185185134410858 0.6270833611488342 0.42592594027519226 0.6239583492279053 0.4333333373069763 0.612500011920929 0.4333333373069763 0.6072916388511658 0.42592594027519226 0.6041666865348816 0.4296296238899231 0.6031249761581421 0.4277777671813965 0.6010416746139526 0.4296296238899231 0.5916666388511658 0.4296296238899231 0.5802083611488342 0.43518519401550293 0.5614583492279053 0.4333333373069763 0.5604166388511658 0.43518519401550293 0.5541666746139526 0.43518519401550293 0.550000011920929 0.43888887763023376 0.5427083373069763 0.43888887763023376 0.5416666865348816 0.43703705072402954 0.5375000238418579 0.43888887763023376 0.550000011920929 0.4462963044643402 0.5541666746139526 0.4462963044643402 0.5552083253860474 0.4481481611728668 0.5583333373069763 0.4462963044643402 0.5635416507720947 0.45185184478759766 0.5677083134651184 0.45185184478759766 0.5697916746139526 0.4555555582046509 0.578125 0.45370370149612427 0.5791666507720947 0.4555555582046509 0.5822916626930237 0.45370370149612427 0.5833333134651184 0.4555555582046509 0.5979166626930237 0.4555555582046509 0.6000000238418579 0.45370370149612427 0.6041666865348816 0.4574074149131775 0.6166666746139526 0.4574074149131775 0.6177083253860474 0.4592592716217041 0.6333333253860474 0.4611110985279083 0.6343749761581421 0.46296295523643494 0.637499988079071 0.46296295523643494 0.6416666507720947 0.4574074149131775 0.659375011920929 0.4592592716217041 0.6635416746139526 0.4555555582046509 0.6677083373069763 0.4555555582046509 0.6770833134651184 0.4611110985279083 0.6885416507720947 0.4611110985279083 0.6958333253860474 0.4555555582046509
4 0.5864583253860474 0.41111111640930176 0.5885416865348816 0.4148148000240326 0.590624988079071 0.4148148000240326 0.5916666388511658 0.4166666567325592 0.5927083492279053 0.4166666567325592 0.59375 0.4185185134410858 0.596875011920929 0.4185185134410858 0.5979166626930237 0.4203703701496124 0.6010416746139526 0.4203703701496124 0.6020833253860474 0.42222222685813904 0.6104166507720947 0.42222222685813904 0.6114583611488342 0.4203703701496124 0.612500011920929 0.4203703701496124 0.6135416626930237 0.4185185134410858 0.6166666746139526 0.4185185134410858 0.6156250238418579 0.4185185134410858 0.6145833134651184 0.4166666567325592 0.6135416626930237 0.4166666567325592 0.612500011920929 0.4148148000240326 0.612500011920929 0.41296297311782837 0.6114583611488342 0.41296297311782837 0.6104166507720947 0.41111111640930176 0.5958333611488342 0.41111111640930176 0.5947916507720947 0.40925925970077515 0.59375 0.41111111640930176
4 0.5479166507720947 0.41296297311782837 0.546875 0.41296297311782837 0.5458333492279053 0.41111111640930176 0.543749988079071 0.41111111640930176 0.5427083373069763 0.40925925970077515 0.5416666865348816 0.41111111640930176 0.5395833253860474 0.41111111640930176 0.5364583134651184 0.4166666567325592 0.5354166626930237 0.4166666567325592 0.5354166626930237 0.4185185134410858 0.5375000238418579 0.4185185134410858 0.5385416746139526 0.4203703701496124 0.5427083373069763 0.4203703701496124 0.543749988079071 0.4185185134410858 0.5458333492279053 0.4185185134410858 0.5458333492279053 0.4166666567325592
4 0.0729166641831398 0.32592591643333435 0.07083333283662796 0.32592591643333435 0.06979166716337204 0.32407405972480774 0.06875000149011612 0.32407405972480774 0.0677083358168602 0.32592591643333435 0.06562499701976776 0.32592591643333435 0.06458333134651184 0.32407405972480774 0.05520833283662796 0.32407405972480774 0.05416666716337204 0.32592591643333435 0.03020833246409893 0.32592591643333435 0.02916666679084301 0.32777777314186096 0.014583333395421505 0.32777777314186096 0.01354166679084301 0.3296296298503876 0.0 0.3296296298503876 0.0 0.3333333432674408 0.01666666753590107 0.3333333432674408 0.01770833320915699 0.3314814865589142 0.04374999925494194 0.3314814865589142 0.04479166492819786 0.3296296298503876 0.05833333358168602 0.3296296298503876 0.05937499925494194 0.32777777314186096 0.06562499701976776 0.32777777314186096 0.06666667014360428 0.32592591643333435
