0 0.24270834028720856 0.40925925970077515 0.20104166865348816 0.41296297311782837 0.18333333730697632 0.40740740299224854 0.14479166269302368 0.4166666567325592 0.13958333432674408 0.40925925970077515 0.14479166269302368 0.4037036895751953 0.19479165971279144 0.385185182094574 0.15625 0.38333332538604736 0.14687499403953552 0.39444443583488464 0.125 0.4000000059604645 0.12083332985639572 0.4055555462837219 0.012500000186264515 0.4166666567325592 0.0 0.42407408356666565 0.0 0.4407407343387604 0.09687499701976776 0.43518519401550293 0.09791667014360428 0.4407407343387604 0.07708333432674408 0.4555555582046509 0.0010416667209938169 0.4851851761341095 0.0 0.49074074625968933 0.06666667014360428 0.4740740656852722 0.1614583283662796 0.43888887763023376 0.18020834028720856 0.43703705072402954 0.21666666865348816 0.42407408356666565
0 0.9989583492279053 0.4870370328426361 0.9593750238418579 0.49074074625968933 0.9125000238418579 0.42222222685813904 0.734375 0.39814814925193787 0.7406250238418579 0.37037035822868347 0.6635416746139526 0.36666667461395264 0.7052083611488342 0.38148146867752075 0.6416666507720947 0.36851853132247925 0.6020833253860474 0.4018518626689911 0.5197916626930237 0.38333332538604736 0.4593749940395355 0.39629629254341125 0.5166666507720947 0.43888887763023376 0.5114583373069763 0.45370370149612427 0.5697916746139526 0.48148149251937866 0.17395833134651184 0.7037037014961243 0.10729166865348816 0.7907407283782959 0.13750000298023224 0.7851851582527161 0.21770833432674408 0.8203703761100769 0.23854166269302368 0.8462963104248047 0.234375 0.8703703880310059 0.18020834028720856 0.8444444537162781 0.17812499403953552 0.8740741014480591 0.1458333283662796 0.8518518805503845 0.07708333432674408 0.8481481671333313 0.02187499962747097 0.9981481432914734 0.203125 0.9981481432914734 0.6010416746139526 0.4592592716217041 0.6208333373069763 0.47592592239379883 0.5927083492279053 0.49444442987442017 0.6270833611488342 0.5129629373550415 0.6625000238418579 0.4462963044643402 0.684374988079071 0.46296295523643494 0.7458333373069763 0.42407408356666565 0.7760416865348816 0.4407407343387604 0.71875 0.4833333194255829 0.7229166626930237 0.4481481611728668 0.7135416865348816 0.44999998807907104 0.6875 0.5166666507720947 0.706250011920929 0.5111111402511597 0.7593749761581421 0.5648148059844971 0.7645833492279053 0.5944444537162781 0.7427083253860474 0.6296296119689941 0.9989583492279053 0.8444444537162781
0 0.35104167461395264 0.35370370745658875 0.3499999940395355 0.35370370745658875 0.3489583432674408 0.35185185074806213 0.3489583432674408 0.3499999940395355 0.34583333134651184 0.3499999940395355 0.3447916805744171 0.35185185074806213 0.3343749940395355 0.35185185074806213 0.3333333432674408 0.35370370745658875 0.328125 0.35370370745658875 0.3270833194255829 0.35555556416511536 0.3229166567325592 0.35555556416511536 0.3218750059604645 0.35740742087364197 0.31979167461395264 0.35740742087364197 0.3187499940395355 0.3592592477798462 0.31041666865348816 0.3592592477798462 0.30937498807907104 0.3611111044883728 0.3010416626930237 0.3611111044883728 0.31041666865348816 0.3611111044883728 0.3114583194255829 0.3629629611968994 0.3125 0.3611111044883728 0.3218750059604645 0.3611111044883728 0.3229166567325592 0.3629629611968994 0.32499998807907104 0.3629629611968994 0.3229166567325592 0.3629629611968994 0.3218750059604645 0.3611111044883728 0.3229166567325592 0.3592592477798462 0.33125001192092896 0.3592592477798462 0.3322916626930237 0.35740742087364197 0.33541667461395264 0.35740742087364197 0.33645832538604736 0.35555556416511536 0.3375000059604645 0.35555556416511536 0.3385416567325592 0.35740742087364197 0.34375 0.35740742087364197 0.3447916805744171 0.35555556416511536 0.3489583432674408 0.35555556416511536 0.3499999940395355 0.35370370745658875
0 0.23541666567325592 0.34259259700775146 0.19062499701976776 0.3444444537162781 0.1875 0.34074074029922485 0.18958333134651184 0.33703702688217163 0.08124999701976776 0.34259259700775146 0.08124999701976776 0.33888888359069824 0.11041666567325592 0.3333333432674408 0.19374999403953552 0.3296296298503876 0.21562500298023224 0.32407405972480774 0.08749999850988388 0.32592591643333435 0.03958333283662796 0.3314814865589142 0.0729166641831398 0.3333333432674408 0.0729166641831398 0.33703702688217163 0.0010416667209938169 0.34074074029922485 0.0 0.35740742087364197 0.08541666716337204 0.3592592477798462 0.11249999701976776 0.35370370745658875 0.19374999403953552 0.35185185074806213
0 0.48750001192092896 0.3351851999759674 0.48124998807907104 0.32777777314186096 0.4645833373069763 0.3296296298503876 0.46145832538604736 0.32592591643333435 0.46875 0.3222222328186035 0.45625001192092896 0.3203703761100769 0.41874998807907104 0.3222222328186035 0.4177083373069763 0.32777777314186096 0.38749998807907104 0.32407405972480774 0.3072916567325592 0.3314814865589142 0.31458333134651184 0.33703702688217163 0.328125 0.3333333432674408 0.3375000059604645 0.33703702688217163 0.3385416567325592 0.3333333432674408 0.3479166626930237 0.3351851999759674 0.359375 0.3296296298503876 0.3708333373069763 0.3314814865589142 0.37291666865348816 0.3351851999759674 0.3656249940395355 0.34074074029922485 0.3479166626930237 0.3444444537162781 0.35208332538604736 0.3444444537162781 0.35208332538604736 0.3481481373310089 0.375 0.34259259700775146 0.37708333134651184 0.33888888359069824 0.39270833134651184 0.34074074029922485 0.3968749940395355 0.33703702688217163 0.4104166626930237 0.34259259700775146 0.4427083432674408 0.34074074029922485 0.4427083432674408 0.3462963104248047 0.40625 0.3499999940395355 0.3531250059604645 0.3629629611968994 0.3270833194255829 0.3629629611968994 0.3270833194255829 0.36666667461395264 0.3114583194255829 0.3740740716457367 0.32083332538604736 0.3722222149372101 0.32499998807907104 0.36666667461395264 0.34166666865348816 0.36666667461395264 0.34166666865348816 0.37037035822868347 0.3229166567325592 0.3740740716457367 0.3395833373069763 0.3777777850627899 0.4208333194255829 0.3499999940395355 0.4802083373069763 0.34074074029922485
0 0.596875011920929 0.3055555522441864 0.5979166626930237 0.3055555522441864 0.5989583134651184 0.307407408952713 0.6010416746139526 0.307407408952713 0.6020833253860474 0.3092592656612396 0.6031249761581421 0.3092592656612396 0.6041666865348816 0.307407408952713 0.6104166507720947 0.307407408952713 0.612500011920929 0.31111112236976624 0.6114583611488342 0.31296294927597046 0.6052083373069763 0.31296294927597046 0.6041666865348816 0.31481480598449707 0.6031249761581421 0.31481480598449707 0.6072916388511658 0.31481480598449707 0.6083333492279053 0.31296294927597046 0.609375 0.31481480598449707 0.6145833134651184 0.31481480598449707 0.6156250238418579 0.31296294927597046 0.6166666746139526 0.31481480598449707 0.6166666746139526 0.3166666626930237 0.625 0.3166666626930237 0.628125011920929 0.3203703761100769 0.6322916746139526 0.3203703761100769 0.6333333253860474 0.3222222328186035 0.6322916746139526 0.32407405972480774 0.6291666626930237 0.32407405972480774 0.6364583373069763 0.32407405972480774 0.637499988079071 0.3222222328186035 0.6520833373069763 0.3222222328186035 0.6510416865348816 0.3203703761100769 0.6510416865348816 0.3185185194015503 0.6489583253860474 0.3185185194015503 0.6479166746139526 0.3166666626930237 0.6468750238418579 0.3166666626930237 0.6458333134651184 0.31481480598449707 0.6458333134651184 0.31111112236976624 0.6427083611488342 0.31111112236976624 0.6416666507720947 0.3092592656612396 0.6395833492279053 0.3092592656612396 0.6385416388511658 0.307407408952713 0.637499988079071 0.307407408952713 0.6343749761581421 0.3037036955356598 0.6322916746139526 0.3037036955356598 0.6312500238418579 0.3018518388271332 0.6270833611488342 0.3018518388271332 0.6260416507720947 0.30000001192092896 0.6229166388511658 0.30000001192092896 0.621874988079071 0.29814815521240234 0.6177083253860474 0.29814815521240234 0.6166666746139526 0.29629629850387573 0.6166666746139526 0.29814815521240234 0.6156250238418579 0.30000001192092896 0.6145833134651184 0.29814815521240234 0.6114583611488342 0.3018518388271332 0.6083333492279053 0.3018518388271332 0.6072916388511658 0.3037036955356598 0.6031249761581421 0.3037036955356598 0.6020833253860474 0.3055555522441864
0 0.5979166626930237 0.31481480598449707 0.596875011920929 0.31111112236976624 0.5947916507720947 0.31481480598449707 0.5843750238418579 0.31296294927597046 0.5833333134651184 0.31111112236976624 0.5874999761581421 0.307407408952713 0.590624988079071 0.307407408952713 0.596875011920929 0.3018518388271332 0.596875011920929 0.30000001192092896 0.59375 0.30000001192092896 0.5916666388511658 0.29629629850387573 0.590624988079071 0.29814815521240234 0.5854166746139526 0.30000001192092896 0.5885416865348816 0.3037036955356598 0.5864583253860474 0.307407408952713 0.578125 0.3055555522441864 0.5770833492279053 0.3037036955356598 0.578125 0.3018518388271332 0.5802083611488342 0.3018518388271332 0.5770833492279053 0.3018518388271332 0.5760416388511658 0.3037036955356598 0.5677083134651184 0.3037036955356598 0.5666666626930237 0.3055555522441864 0.5604166388511658 0.3055555522441864 0.559374988079071 0.3018518388271332 0.5541666746139526 0.3018518388271332 0.5531250238418579 0.30000001192092896 0.5489583611488342 0.3018518388271332 0.5458333492279053 0.29814815521240234 0.5447916388511658 0.30000001192092896 0.5406249761581421 0.30000001192092896 0.5395833253860474 0.29814815521240234 0.5197916626930237 0.29814815521240234 0.5270833373069763 0.29814815521240234 0.528124988079071 0.30000001192092896 0.5260416865348816 0.3018518388271332 0.528124988079071 0.30000001192092896 0.5416666865348816 0.30000001192092896 0.5427083373069763 0.3018518388271332 0.5416666865348816 0.3037036955356598 0.5375000238418579 0.3037036955356598 0.5364583134651184 0.3055555522441864 0.5093749761581421 0.3055555522441864 0.5104166865348816 0.307407408952713 0.5166666507720947 0.3055555522441864 0.5177083611488342 0.307407408952713 0.5197916626930237 0.307407408952713 0.5208333134651184 0.31111112236976624 0.5208333134651184 0.3092592656612396 0.5239583253860474 0.3055555522441864 0.543749988079071 0.3055555522441864 0.5447916388511658 0.3037036955356598 0.5510416626930237 0.3037036955356598 0.5520833134651184 0.3055555522441864 0.5510416626930237 0.307407408952713 0.5541666746139526 0.307407408952713 0.5531250238418579 0.3055555522441864 0.5541666746139526 0.3037036955356598 0.5572916865348816 0.3037036955356598 0.559374988079071 0.307407408952713 0.5572916865348816 0.3092592656612396 0.559374988079071 0.3092592656612396 0.5635416507720947 0.31481480598449707 0.5687500238418579 0.31481480598449707 0.5687500238418579 0.31296294927597046 0.5718749761581421 0.307407408952713 0.5770833492279053 0.31481480598449707 0.5802083611488342 0.31481480598449707 0.581250011920929 0.3166666626930237
1 0.3072916567325592 0.6907407641410828 0.3062500059604645 0.6888889074325562 0.30520832538604736 0.6888889074325562 0.30416667461395264 0.6870370507240295 0.29895833134651184 0.6870370507240295 0.2979166805744171 0.6888889074325562 0.29479166865348816 0.6888889074325562 0.29374998807907104 0.6907407641410828 0.2927083373069763 0.6907407641410828 0.2916666567325592 0.6925926208496094 0.2906250059604645 0.6925926208496094 0.28854167461395264 0.6962962746620178 0.2874999940395355 0.6962962746620178 0.28333333134651184 0.7037037014961243 0.28333333134651184 0.7055555582046509 0.2822916805744171 0.7074074149131775 0.2822916805744171 0.7129629850387573 0.28333333134651184 0.7148148417472839 0.2874999940395355 0.7148148417472839 0.28854167461395264 0.7166666388511658 0.2906250059604645 0.7166666388511658 0.2916666567325592 0.7148148417472839 0.2927083373069763 0.7148148417472839 0.29374998807907104 0.7129629850387573 0.29479166865348816 0.7129629850387573 0.296875 0.7092592716217041 0.29895833134651184 0.7092592716217041 0.30000001192092896 0.7074074149131775 0.3010416626930237 0.7074074149131775 0.3020833432674408 0.7055555582046509 0.3031249940395355 0.7055555582046509 0.30520832538604736 0.7018518447875977 0.30520832538604736 0.699999988079071 0.3072916567325592 0.6962962746620178
1 0.0 0.7814815044403076 0.0 0.8425925970077515 0.014583333395421505 0.8388888835906982 0.0072916666977107525 0.8314814567565918 0.0520833320915699 0.800000011920929 0.07708333432674408 0.7925925850868225 0.0989583358168602 0.7962962985038757 0.05000000074505806 0.8500000238418579 0.05416666716337204 0.8518518805503845 0.05937499925494194 0.8666666746139526 0.04895833507180214 0.914814829826355 0.078125 0.855555534362793 0.07395832985639572 0.855555534362793 0.07708333432674408 0.8462963104248047 0.0833333358168602 0.8462963104248047 0.09375 0.8574073910713196 0.13437500596046448 0.855555534362793 0.1458333283662796 0.8500000238418579 0.1666666716337204 0.8722222447395325 0.18020834028720856 0.8685185313224792 0.17812499403953552 0.8629629611968994 0.18020834028720856 0.8425925970077515 0.19687500596046448 0.8407407402992249 0.203125 0.8481481671333313 0.21041665971279144 0.8481481671333313 0.21875 0.8629629611968994 0.23333333432674408 0.8703703880310059 0.23749999701976776 0.8518518805503845 0.23125000298023224 0.8333333134651184 0.21770833432674408 0.8222222328186035 0.1614583283662796 0.8055555820465088 0.13750000298023224 0.7870370149612427 0.10625000298023224 0.7907407283782959 0.14479166269302368 0.7444444298744202 0.14791665971279144 0.7351852059364319 0.15937499701976776 0.7259259223937988 0.17291666567325592 0.7037037014961243 0.15416666865348816 0.7129629850387573 0.140625 0.7129629850387573 0.0989583358168602 0.6944444179534912 0.09270833432674408 0.6833333373069763 0.05833333358168602 0.7018518447875977 0.02916666679084301 0.7277777791023254 0.02500000037252903 0.7351852059364319 0.02395833283662796 0.75
1 0.762499988079071 0.5351851582527161 0.7614583373069763 0.5333333611488342 0.7562500238418579 0.5333333611488342 0.7552083134651184 0.5351851582527161 0.753125011920929 0.5351851582527161 0.7520833611488342 0.5370370149612427 0.7510416507720947 0.5370370149612427 0.75 0.5388888716697693 0.7489583492279053 0.5388888716697693 0.7479166388511658 0.5407407283782959 0.7479166388511658 0.5425925850868225 0.7489583492279053 0.5425925850868225 0.75 0.5444444417953491 0.7520833611488342 0.5444444417953491 0.753125011920929 0.5462962985038757 0.7552083134651184 0.5462962985038757 0.7562500238418579 0.5481481552124023 0.7593749761581421 0.5481481552124023 0.762499988079071 0.5425925850868225
1 0.5458333492279053 0.49444442987442017 0.5260416865348816 0.5037037134170532 0.5072916746139526 0.5037037134170532 0.4947916567325592 0.4962962865829468 0.48750001192092896 0.4870370328426361 0.4416666626930237 0.4888888895511627 0.3864583373069763 0.5222222208976746 0.3812499940395355 0.529629647731781 0.3583333194255829 0.529629647731781 0.33125001192092896 0.5425925850868225 0.31041666865348816 0.5574073791503906 0.296875 0.5722222328186035 0.2927083373069763 0.5648148059844971 0.2916666567325592 0.5555555820465088 0.30000001192092896 0.5425925850868225 0.3062500059604645 0.5388888716697693 0.3020833432674408 0.5388888716697693 0.29895833134651184 0.5444444417953491 0.28333333134651184 0.550000011920929 0.2822916805744171 0.5962963104248047 0.2645833194255829 0.6296296119689941 0.24791666865348816 0.6537036895751953 0.2770833373069763 0.6407407522201538 0.28125 0.635185182094574 0.29895833134651184 0.6333333253860474 0.3031249940395355 0.6277777552604675 0.3385416567325592 0.614814817905426 0.3812499940395355 0.5833333134651184 0.4156250059604645 0.5648148059844971 0.4208333194255829 0.5555555820465088 0.4281249940395355 0.5555555820465088 0.42916667461395264 0.550000011920929 0.4322916567325592 0.5537037253379822 0.4583333432674408 0.5333333611488342 0.5375000238418579 0.5037037134170532
1 0.6197916865348816 0.4722222089767456 0.6187499761581421 0.4722222089767456 0.6177083253860474 0.4703703820705414 0.6166666746139526 0.4703703820705414 0.6156250238418579 0.46851852536201477 0.6145833134651184 0.46851852536201477 0.6135416626930237 0.46666666865348816 0.6114583611488342 0.46666666865348816 0.6104166507720947 0.46481481194496155 0.6083333492279053 0.46481481194496155 0.6072916388511658 0.46296295523643494 0.6052083373069763 0.46296295523643494 0.6041666865348816 0.4611110985279083 0.6010416746139526 0.4611110985279083 0.5979166626930237 0.46666666865348816 0.596875011920929 0.46666666865348816 0.5958333611488342 0.46851852536201477 0.5947916507720947 0.46851852536201477 0.5927083492279053 0.4722222089767456 0.5927083492279053 0.4740740656852722 0.5895833373069763 0.47962963581085205 0.5885416865348816 0.47962963581085205 0.5874999761581421 0.48148149251937866 0.5864583253860474 0.48148149251937866 0.5833333134651184 0.4870370328426361 0.5843750238418579 0.4870370328426361 0.5854166746139526 0.4888888895511627 0.5874999761581421 0.4888888895511627 0.5885416865348816 0.49074074625968933 0.5895833373069763 0.49074074625968933 0.590624988079071 0.49259260296821594 0.5927083492279053 0.49259260296821594 0.59375 0.49074074625968933 0.596875011920929 0.49074074625968933 0.5979166626930237 0.4888888895511627 0.6010416746139526 0.4888888895511627 0.6020833253860474 0.4870370328426361 0.606249988079071 0.4870370328426361 0.6072916388511658 0.4851851761341095 0.6083333492279053 0.4870370328426361 0.609375 0.4851851761341095 0.6135416626930237 0.4851851761341095 0.6156250238418579 0.48148149251937866 0.6166666746139526 0.48148149251937866 0.6177083253860474 0.47962963581085205 0.6187499761581421 0.47962963581085205 0.6187499761581421 0.47777777910232544 0.6197916865348816 0.47592592239379883
1 0.9145833253860474 0.4574074149131775 0.9072916507720947 0.45185184478759766 0.8833333253860474 0.4444444477558136 0.856249988079071 0.4462963044643402 0.8343750238418579 0.4574074149131775 0.8020833134651184 0.49259260296821594 0.8010416626930237 0.5018518567085266 0.8052083253860474 0.5370370149612427 0.8041666746139526 0.5407407283782959 0.8083333373069763 0.5685185194015503 0.8104166388511658 0.605555534362793 0.831250011920929 0.6129629611968994 0.846875011920929 0.614814817905426 0.8572916388511658 0.5962963104248047 0.8677083253860474 0.6000000238418579 0.8739583492279053 0.5962963104248047 0.875 0.5925925970077515 0.8354166746139526 0.5740740895271301 0.8239583373069763 0.5592592358589172 0.8322916626930237 0.550000011920929 0.840624988079071 0.5481481552124023 0.8510416746139526 0.5407407283782959 0.8604166507720947 0.5388888716697693 0.871874988079071 0.5425925850868225 0.8916666507720947 0.5592592358589172 0.8999999761581421 0.5629629492759705 0.8843749761581421 0.5518518686294556 0.8760416507720947 0.5407407283782959 0.859375 0.5259259343147278 0.8677083253860474 0.5148147940635681 0.871874988079071 0.5129629373550415 0.8729166388511658 0.5092592835426331 0.8739583492279053 0.5111111402511597 0.8854166865348816 0.5037037134170532 0.8895833492279053 0.49444442987442017 0.8895833492279053 0.4870370328426361 0.8916666507720947 0.4851851761341095 0.8895833492279053 0.4833333194255829 0.8958333134651184 0.4703703820705414
1 0.09687499701976776 0.43703705072402954 0.0729166641831398 0.43703705072402954 0.07187499850988388 0.43888887763023376 0.07083333283662796 0.43703705072402954 0.06979166716337204 0.43888887763023376 0.02083333395421505 0.43888887763023376 0.01979166641831398 0.4407407343387604 0.00937500037252903 0.4407407343387604 0.008333333767950535 0.442592591047287 0.0 0.442592591047287 0.0 0.4851851761341095 0.0010416667209938169 0.4833333194255829 0.004166666883975267 0.4833333194255829 0.0052083334885537624 0.48148149251937866 0.00937500037252903 0.48148149251937866 0.010416666977107525 0.47962963581085205 0.01354166679084301 0.47962963581085205 0.014583333395421505 0.47777777910232544 0.01875000074505806 0.47777777910232544 0.01979166641831398 0.47592592239379883 0.02916666679084301 0.4740740656852722 0.03020833246409893 0.4722222089767456 0.03333333507180214 0.4722222089767456 0.03437500074505806 0.4703703820705414 0.03854166716337204 0.4703703820705414 0.03958333283662796 0.46851852536201477 0.0416666679084301 0.46851852536201477 0.04270833358168602 0.46666666865348816 0.04479166492819786 0.46666666865348816 0.04583333432674408 0.46481481194496155 0.04791666567325592 0.46481481194496155 0.04895833507180214 0.46296295523643494 0.05104166641831398 0.46296295523643494 0.0520833320915699 0.4611110985279083 0.05520833283662796 0.4611110985279083 0.05624999850988388 0.4592592716217041 0.06041666492819786 0.4592592716217041 0.06145833432674408 0.4574074149131775 0.06666667014360428 0.4574074149131775 0.0677083358168602 0.4555555582046509 0.07708333432674408 0.45370370149612427 0.078125 0.45185184478759766 0.08020833134651184 0.45185184478759766 0.08124999701976776 0.44999998807907104 0.08437500149011612 0.44999998807907104 0.08541666716337204 0.4481481611728668 0.09062500298023224 0.4462963044643402 0.09375 0.442592591047287 0.09583333134651184 0.442592591047287 0.09687499701976776 0.4407407343387604
1 0.7770833373069763 0.43518519401550293 0.7510416507720947 0.42592594027519226 0.7354166507720947 0.4277777671813965 0.7208333611488342 0.43518519401550293 0.7072916626930237 0.4481481611728668 0.6885416507720947 0.44999998807907104 0.6875 0.45185184478759766 0.690625011920929 0.4574074149131775 0.684374988079071 0.46481481194496155 0.6625000238418579 0.4481481611728668 0.6270833611488342 0.5148147940635681 0.7406250238418579 0.6259258985519409 0.7458333373069763 0.6222222447395325 0.7437499761581421 0.6166666746139526 0.746874988079071 0.6111111044883728 0.762499988079071 0.5981481671333313 0.7635416388511658 0.5814814567565918 0.7583333253860474 0.5648148059844971 0.7458333373069763 0.5481481552124023 0.7208333611488342 0.5259259343147278 0.7145833373069763 0.5240740776062012 0.706250011920929 0.5129629373550415 0.6979166865348816 0.5166666507720947 0.6875 0.5148147940635681 0.6979166865348816 0.4981481432914734 0.6958333253860474 0.49444442987442017 0.706250011920929 0.48148149251937866 0.7083333134651184 0.4722222089767456 0.7177083492279053 0.4592592716217041 0.7124999761581421 0.45185184478759766 0.7135416865348816 0.4481481611728668 0.7239583134651184 0.4481481611728668 0.7177083492279053 0.47777777910232544 0.71875 0.48148149251937866 0.7302083373069763 0.47592592239379883 0.7437499761581421 0.4611110985279083 0.7437499761581421 0.4555555582046509 0.7760416865348816 0.43888887763023376
1 0.32499998807907104 0.41111111640930176 0.32604166865348816 0.41111111640930176 0.3291666805744171 0.4166666567325592 0.3333333432674408 0.4166666567325592 0.33541667461395264 0.4203703701496124 0.3385416567325592 0.4203703701496124 0.3395833373069763 0.42222222685813904 0.34062498807907104 0.4203703701496124 0.34375 0.42407408356666565 0.3427083194255829 0.42592594027519226 0.34166666865348816 0.42592594027519226 0.3531250059604645 0.42592594027519226 0.3541666567325592 0.42407408356666565 0.35729166865348816 0.42407408356666565 0.3531250059604645 0.42407408356666565 0.35208332538604736 0.42222222685813904 0.35208332538604736 0.4203703701496124 0.3499999940395355 0.42407408356666565 0.3489583432674408 0.42407408356666565 0.3479166626930237 0.42222222685813904 0.3447916805744171 0.42222222685813904 0.34375 0.4203703701496124 0.3447916805744171 0.4185185134410858 0.3489583432674408 0.4185185134410858 0.3499999940395355 0.4166666567325592 0.35208332538604736 0.4166666567325592 0.3531250059604645 0.4148148000240326 0.3583333194255829 0.4148148000240326 0.359375 0.4166666567325592 0.3656249940395355 0.4166666567325592 0.36666667461395264 0.4185185134410858 0.3760416805744171 0.4185185134410858 0.37708333134651184 0.4166666567325592 0.38229167461395264 0.4166666567325592 0.38333332538604736 0.4185185134410858 0.3864583373069763 0.4185185134410858 0.38749998807907104 0.4166666567325592 0.3895833194255829 0.4166666567325592 0.390625 0.4148148000240326 0.39791667461395264 0.4148148000240326 0.39895832538604736 0.41296297311782837 0.3968749940395355 0.41296297311782837 0.3958333432674408 0.41111111640930176 0.3895833194255829 0.41111111640930176 0.38854166865348816 0.40925925970077515 0.37708333134651184 0.40925925970077515 0.3739583194255829 0.4037036895751953 0.37291666865348816 0.4037036895751953 0.37187498807907104 0.4018518626689911 0.36145833134651184 0.4018518626689911 0.3604166805744171 0.4000000059604645 0.36145833134651184 0.39814814925193787 0.3604166805744171 0.39814814925193787 0.3583333194255829 0.4018518626689911 0.3541666567325592 0.4018518626689911 0.35104167461395264 0.4055555462837219 0.3479166626930237 0.4055555462837219 0.34687501192092896 0.40740740299224854 0.3447916805744171 0.4037036895751953 0.3375000059604645 0.4037036895751953 0.33645832538604736 0.4055555462837219 0.33541667461395264 0.4055555462837219 0.3343749940395355 0.4037036895751953 0.3322916626930237 0.4037036895751953 0.3322916626930237 0.40925925970077515 0.33125001192092896 0.41111111640930176 0.3291666805744171 0.41111111640930176 0.32604166865348816 0.40740740299224854 0.32604166865348816 0.40925925970077515
1 0.3843750059604645 0.3888888955116272 0.3739583194255829 0.3888888955116272 0.37291666865348816 0.3907407522201538 0.3531250059604645 0.3907407522201538 0.35208332538604736 0.39259257912635803 0.3479166626930237 0.39259257912635803 0.34687501192092896 0.3907407522201538 0.34583333134651184 0.39259257912635803 0.34375 0.39259257912635803 0.3656249940395355 0.39259257912635803 0.36666667461395264 0.3907407522201538 0.3802083432674408 0.3907407522201538 0.3812499940395355 0.3888888955116272
1 0.7229166626930237 0.3888888955116272 0.7208333611488342 0.3888888955116272 0.7197916507720947 0.3870370388031006 0.7145833373069763 0.3870370388031006 0.7135416865348816 0.385185182094574 0.6895833611488342 0.385185182094574 0.6885416507720947 0.3870370388031006 0.6833333373069763 0.3870370388031006 0.6822916865348816 0.3888888955116272 0.6770833134651184 0.3888888955116272 0.6760416626930237 0.3907407522201538 0.671875 0.3907407522201538 0.6708333492279053 0.39259257912635803 0.6666666865348816 0.39259257912635803 0.6656249761581421 0.39444443583488464 0.6625000238418579 0.39444443583488464 0.6614583134651184 0.39629629254341125 0.659375011920929 0.39629629254341125 0.6583333611488342 0.39814814925193787 0.6541666388511658 0.39814814925193787 0.653124988079071 0.4000000059604645 0.6499999761581421 0.4000000059604645 0.6489583253860474 0.4018518626689911 0.6479166746139526 0.4018518626689911 0.6447916626930237 0.4055555462837219 0.6427083611488342 0.4055555462837219 0.6395833492279053 0.40925925970077515 0.6364583373069763 0.40925925970077515 0.6354166865348816 0.41111111640930176 0.6322916746139526 0.41111111640930176 0.6333333253860474 0.41111111640930176 0.6343749761581421 0.41296297311782837 0.6364583373069763 0.41296297311782837 0.637499988079071 0.4148148000240326 0.6416666507720947 0.4148148000240326 0.6427083611488342 0.4166666567325592 0.6458333134651184 0.4166666567325592 0.6468750238418579 0.4185185134410858 0.6552083492279053 0.4185185134410858 0.65625 0.4203703701496124 0.6645833253860474 0.4203703701496124 0.6656249761581421 0.4185185134410858 0.6697916388511658 0.4185185134410858 0.6708333492279053 0.4166666567325592 0.675000011920929 0.4166666567325592 0.6760416626930237 0.4148148000240326 0.6781250238418579 0.4148148000240326 0.6791666746139526 0.41296297311782837 0.6812499761581421 0.41296297311782837 0.6822916865348816 0.41111111640930176 0.684374988079071 0.41111111640930176 0.6854166388511658 0.40925925970077515 0.690625011920929 0.4055555462837219 0.6927083134651184 0.4018518626689911 0.6937500238418579 0.4037036895751953 0.6947916746139526 0.4037036895751953 0.699999988079071 0.39814814925193787 0.703125 0.39814814925193787 0.7041666507720947 0.39629629254341125 0.7083333134651184 0.39629629254341125 0.7093750238418579 0.39444443583488464 0.7135416865348816 0.39444443583488464 0.7124999761581421 0.39444443583488464 0.7114583253860474 0.39259257912635803 0.7124999761581421 0.3907407522201538 0.715624988079071 0.3907407522201538 0.7166666388511658 0.39259257912635803 0.7208333611488342 0.39259257912635803 0.721875011920929 0.3907407522201538 0.7229166626930237 0.3907407522201538
1 0.5687500238418579 0.3888888955116272 0.5718749761581421 0.3888888955116272 0.5729166865348816 0.3907407522201538 0.5791666507720947 0.3907407522201538 0.5822916626930237 0.39444443583488464 0.5833333134651184 0.39259257912635803 0.5843750238418579 0.39444443583488464 0.5874999761581421 0.39444443583488464 0.5885416865348816 0.39629629254341125 0.596875011920929 0.39629629254341125 0.5979166626930237 0.39814814925193787 0.6000000238418579 0.39814814925193787 0.6020833253860474 0.4000000059604645 0.609375 0.39259257912635803 0.6114583611488342 0.39259257912635803 0.6145833134651184 0.3888888955116272 0.6166666746139526 0.3888888955116272 0.6197916865348816 0.385185182094574 0.6197916865348816 0.38148146867752075 0.6156250238418579 0.38148146867752075 0.6145833134651184 0.37962964177131653 0.6156250238418579 0.3777777850627899 0.6208333373069763 0.3777777850627899 0.621874988079071 0.3759259283542633 0.6291666626930237 0.3759259283542633 0.6302083134651184 0.3740740716457367 0.6333333253860474 0.3740740716457367 0.6354166865348816 0.3759259283542633 0.6333333253860474 0.3740740716457367 0.6343749761581421 0.3722222149372101 0.6364583373069763 0.3722222149372101 0.6385416388511658 0.36851853132247925 0.640625 0.36851853132247925 0.6395833492279053 0.36666667461395264 0.6343749761581421 0.364814817905426 0.6312500238418579 0.3611111044883728 0.628125011920929 0.3611111044883728 0.621874988079071 0.35555556416511536 0.6187499761581421 0.35555556416511536 0.6177083253860474 0.35370370745658875 0.6145833134651184 0.35370370745658875 0.6135416626930237 0.35185185074806213 0.6083333492279053 0.35185185074806213 0.6072916388511658 0.3499999940395355 0.6000000238418579 0.3481481373310089 0.5989583134651184 0.3462963104248047 0.6000000238418579 0.3444444537162781 0.6104166507720947 0.3444444537162781 0.6052083373069763 0.3444444537162781 0.6041666865348816 0.34259259700775146 0.5874999761581421 0.34259259700775146 0.5864583253860474 0.3444444537162781 0.5864583253860474 0.35185185074806213 0.5854166746139526 0.35370370745658875 0.5770833492279053 0.35370370745658875 0.5739583373069763 0.35740742087364197 0.5729166865348816 0.3629629611968994 0.5708333253860474 0.36666667461395264 0.5729166865348816 0.36666667461395264 0.5739583373069763 0.36851853132247925 0.574999988079071 0.36666667461395264 0.578125 0.37037035822868347 0.578125 0.3740740716457367 0.5802083611488342 0.3759259283542633 0.5770833492279053 0.37962964177131653 0.5739583373069763 0.37962964177131653
1 0.6760416626930237 0.34074074029922485 0.6760416626930237 0.34259259700775146 0.6770833134651184 0.34074074029922485 0.6791666746139526 0.34074074029922485 0.6802083253860474 0.33888888359069824 0.6812499761581421 0.34074074029922485 0.7041666507720947 0.34074074029922485 0.7052083611488342 0.34259259700775146 0.7083333134651184 0.34259259700775146 0.7072916626930237 0.34074074029922485 0.706250011920929 0.34074074029922485 0.7052083611488342 0.33888888359069824 0.699999988079071 0.33888888359069824 0.6989583373069763 0.34074074029922485 0.6864583492279053 0.34074074029922485 0.6854166388511658 0.33888888359069824 0.684374988079071 0.33888888359069824 0.6833333373069763 0.33703702688217163 0.6802083253860474 0.33703702688217163 0.6791666746139526 0.33888888359069824 0.6770833134651184 0.33888888359069824
1 0.0 0.34074074029922485 0.0010416667209938169 0.33888888359069824 0.02291666716337204 0.33888888359069824 0.02395833283662796 0.33703702688217163 0.04062499850988388 0.33703702688217163 0.0416666679084301 0.3351851999759674 0.0729166641831398 0.3351851999759674 0.05624999850988388 0.3351851999759674 0.05520833283662796 0.3333333432674408 0.03125 0.3333333432674408 0.03020833246409893 0.3351851999759674 0.02812499925494194 0.3351851999759674 0.02708333358168602 0.33703702688217163 0.01145833358168602 0.33703702688217163 0.010416666977107525 0.3351851999759674 0.0062500000931322575 0.3351851999759674 0.0052083334885537624 0.33703702688217163 0.0 0.33703702688217163
1 0.5687500238418579 0.3296296298503876 0.5760416388511658 0.3296296298503876 0.5770833492279053 0.3314814865589142 0.5885416865348816 0.3314814865589142 0.5895833373069763 0.3333333432674408 0.5979166626930237 0.3333333432674408 0.5989583134651184 0.3351851999759674 0.6031249761581421 0.3333333432674408 0.6052083373069763 0.3351851999759674 0.606249988079071 0.3333333432674408 0.6166666746139526 0.3333333432674408 0.6177083253860474 0.3314814865589142 0.625 0.3314814865589142 0.6260416507720947 0.3296296298503876 0.6364583373069763 0.3296296298503876 0.637499988079071 0.32777777314186096 0.6458333134651184 0.32777777314186096 0.6468750238418579 0.32592591643333435 0.6520833373069763 0.32592591643333435 0.653124988079071 0.32407405972480774 0.671875 0.32407405972480774 0.6729166507720947 0.3222222328186035 0.6812499761581421 0.3222222328186035 0.6822916865348816 0.3203703761100769 0.6854166388511658 0.3203703761100769 0.6791666746139526 0.3203703761100769 0.6781250238418579 0.3185185194015503 0.675000011920929 0.3185185194015503 0.6739583611488342 0.3203703761100769 0.6708333492279053 0.3203703761100769 0.6697916388511658 0.3222222328186035 0.6666666865348816 0.3222222328186035 0.6656249761581421 0.3203703761100769 0.659375011920929 0.3203703761100769 0.6583333611488342 0.3222222328186035 0.6520833373069763 0.3203703761100769 0.653124988079071 0.3222222328186035 0.6520833373069763 0.32407405972480774 0.637499988079071 0.32407405972480774 0.6364583373069763 0.32592591643333435 0.6291666626930237 0.32592591643333435 0.628125011920929 0.32407405972480774 0.6291666626930237 0.3222222328186035 0.6322916746139526 0.3222222328186035 0.628125011920929 0.3222222328186035 0.625 0.3185185194015503 0.5979166626930237 0.3185185194015503 0.6010416746139526 0.3222222328186035 0.6000000238418579 0.32407405972480774 0.596875011920929 0.32407405972480774 0.5947916507720947 0.3222222328186035 0.5947916507720947 0.32407405972480774 0.5927083492279053 0.32592591643333435 0.5947916507720947 0.3296296298503876 0.59375 0.3314814865589142 0.590624988079071 0.3314814865589142 0.5895833373069763 0.3296296298503876 0.5822916626930237 0.3296296298503876 0.5802083611488342 0.32592591643333435 0.578125 0.3296296298503876
1 0.5635416507720947 0.3592592477798462 0.49270832538604736 0.3351851999759674 0.3395833373069763 0.37962964177131653 0.3218750059604645 0.3740740716457367 0.34166666865348816 0.36851853132247925 0.3114583194255829 0.3759259283542633 0.3229166567325592 0.364814817905426 0.4427083432674408 0.34259259700775146 0.35208332538604736 0.3499999940395355 0.4020833373069763 0.3333333432674408 0.3072916567325592 0.3296296298503876 0.4177083373069763 0.32592591643333435 0.3854166567325592 0.307407408952713 0.40937501192092896 0.3037036955356598 0.23541666567325592 0.32407405972480774 0.11666666716337204 0.31296294927597046 0.09583333134651184 0.32407405972480774 0.20937499403953552 0.3203703761100769 0.18854166567325592 0.34074074029922485 0.234375 0.3462963104248047 0.08749999850988388 0.36666667461395264 0.09687499701976776 0.3759259283542633 0.0010416667209938169 0.39814814925193787 0.0 0.42222222685813904 0.12083332985639572 0.4037036895751953 0.08749999850988388 0.4000000059604645 0.14166666567325592 0.38148146867752075 0.19583334028720856 0.385185182094574 0.14479166269302368 0.4148148000240326 0.24270834028720856 0.40740740299224854 0.2593750059604645 0.364814817905426 0.3291666805744171 0.385185182094574 0.41874998807907104 0.36666667461395264 0.5104166865348816 0.3740740716457367 0.5322916507720947 0.364814817905426 0.46562498807907104 0.3481481373310089 0.4895833432674408 0.34074074029922485
1 0.4906249940395355 0.30000001192092896 0.4947916567325592 0.30000001192092896 0.4958333373069763 0.3018518388271332 0.4989583194255829 0.3018518388271332 0.5 0.3037036955356598 0.5062500238418579 0.3037036955356598 0.5072916746139526 0.3055555522441864 0.5083333253860474 0.3055555522441864 0.5093749761581421 0.3037036955356598 0.5364583134651184 0.3037036955356598 0.5375000238418579 0.3018518388271332 0.5416666865348816 0.3018518388271332 0.528124988079071 0.3018518388271332 0.5270833373069763 0.30000001192092896 0.5197916626930237 0.30000001192092896 0.518750011920929 0.29814815521240234 0.5177083611488342 0.30000001192092896 0.5166666507720947 0.30000001192092896 0.515625 0.3018518388271332 0.5041666626930237 0.3018518388271332 0.503125011920929 0.30000001192092896 0.5041666626930237 0.29814815521240234 0.5104166865348816 0.29814815521240234 0.5020833611488342 0.29814815521240234 0.5010416507720947 0.30000001192092896 0.4989583194255829 0.30000001192092896 0.49791666865348816 0.3018518388271332 0.49687498807907104 0.30000001192092896
2 0.09791667014360428 0.7962962985038757 0.08958332985639572 0.7962962985038757 0.0885416641831398 0.7944444417953491 0.07708333432674408 0.7944444417953491 0.07604166865348816 0.7962962985038757 0.06875000149011612 0.7962962985038757 0.0677083358168602 0.7981481552124023 0.06145833432674408 0.7981481552124023 0.06041666492819786 0.800000011920929 0.05624999850988388 0.800000011920929 0.05520833283662796 0.8018518686294556 0.0520833320915699 0.8018518686294556 0.05104166641831398 0.8037037253379822 0.04895833507180214 0.8037037253379822 0.04791666567325592 0.8055555820465088 0.04583333432674408 0.8055555820465088 0.04479166492819786 0.8074073791503906 0.0416666679084301 0.8074073791503906 0.04062499850988388 0.8092592358589172 0.03541666641831398 0.8111110925674438 0.03229166567325592 0.8148148059844971 0.03020833246409893 0.8148148059844971 0.02708333358168602 0.8185185194015503 0.02500000037252903 0.8185185194015503 0.01979166641831398 0.8240740895271301 0.01770833320915699 0.8240740895271301 0.015625 0.8277778029441833 0.014583333395421505 0.8277778029441833 0.00937500037252903 0.8333333134651184 0.0072916666977107525 0.8333333134651184 0.008333333767950535 0.8333333134651184 0.00937500037252903 0.835185170173645 0.012500000186264515 0.835185170173645 0.015625 0.8388888835906982 0.01770833320915699 0.8388888835906982 0.01875000074505806 0.8370370268821716 0.03125 0.8370370268821716 0.03229166567325592 0.8388888835906982 0.03437500074505806 0.8388888835906982 0.0364583320915699 0.8425925970077515 0.03750000149011612 0.8425925970077515 0.04062499850988388 0.8462963104248047 0.04374999925494194 0.8462963104248047 0.04479166492819786 0.8481481671333313 0.046875 0.8481481671333313 0.04791666567325592 0.8500000238418579 0.04895833507180214 0.8500000238418579 0.05520833283662796 0.8388888835906982 0.05624999850988388 0.8388888835906982 0.05833333358168602 0.835185170173645 0.06145833432674408 0.8333333134651184 0.06354166567325592 0.8296296000480652 0.06562499701976776 0.8296296000480652 0.06666667014360428 0.8277778029441833 0.06979166716337204 0.8259259462356567 0.0833333358168602 0.8074073791503906 0.08437500149011612 0.8074073791503906 0.09375 0.7981481552124023 0.09583333134651184 0.7981481552124023 0.09687499701976776 0.7962962985038757
2 0.3229166567325592 0.6333333253860474 0.32083332538604736 0.6296296119689941 0.31458333134651184 0.6277777552604675 0.3135416805744171 0.6296296119689941 0.30937498807907104 0.6296296119689941 0.3083333373069763 0.6314814686775208 0.3062500059604645 0.6314814686775208 0.30520832538604736 0.6333333253860474 0.3031249940395355 0.6333333253860474 0.2958333194255829 0.6388888955116272 0.2927083373069763 0.6388888955116272 0.28958332538604736 0.6425926089286804 0.2874999940395355 0.6425926089286804 0.28333333134651184 0.6462963223457336 0.2718749940395355 0.6611111164093018 0.26875001192092896 0.6629629731178284 0.2666666805744171 0.6666666865348816 0.2604166567325592 0.6722221970558167 0.25312501192092896 0.6851851940155029 0.25208333134651184 0.6851851940155029 0.24687500298023224 0.6925926208496094 0.24375000596046448 0.6944444179534912 0.24166665971279144 0.6981481313705444 0.23854166269302368 0.699999988079071 0.23645833134651184 0.7037037014961243 0.23333333432674408 0.7055555582046509 0.23125000298023224 0.7092592716217041 0.22604165971279144 0.7129629850387573 0.2239583283662796 0.7166666388511658 0.21979166567325592 0.720370352268219 0.21458333730697632 0.7277777791023254 0.2135416716337204 0.7333333492279053 0.21979166567325592 0.7333333492279053 0.22083333134651184 0.7351852059364319 0.22499999403953552 0.7351852059364319 0.23229166865348816 0.7407407164573669 0.23854166269302368 0.7407407164573669 0.2395833283662796 0.7388888597488403 0.24895833432674408 0.7388888597488403 0.25 0.7370370626449585 0.2562499940395355 0.7370370626449585 0.25729167461395264 0.7351852059364319 0.2614583373069763 0.7351852059364319 0.26249998807907104 0.7333333492279053 0.265625 0.7333333492279053 0.2718749940395355 0.7277777791023254 0.27812498807907104 0.7166666388511658 0.2802083194255829 0.7074074149131775 0.2874999940395355 0.6944444179534912 0.29479166865348816 0.6870370507240295 0.296875 0.6870370507240295 0.30416667461395264 0.6759259104728699 0.30416667461395264 0.6740740537643433 0.30937498807907104 0.664814829826355 0.3125 0.6555555462837219 0.3218750059604645 0.6407407522201538
2 0.20416666567325592 0.9981481432914734 0.9989583492279053 0.9981481432914734 0.9989583492279053 0.8462963104248047 0.809374988079071 0.6907407641410828 0.621874988079071 0.5111111402511597 0.5822916626930237 0.4888888895511627 0.5093749761581421 0.5777778029441833 0.39895832538604736 0.7388888597488403 0.25 0.9277777671813965
2 0.24270834028720856 0.41111111640930176 0.18020834028720856 0.43888887763023376 0.0010416667209938169 0.49074074625968933 0.0 0.5074074268341064 0.02187499962747097 0.4870370328426361 0.04270833358168602 0.4888888895511627 0.06979166716337204 0.48148149251937866 0.08541666716337204 0.49074074625968933 0.11562500149011612 0.49444442987442017 0.1197916641831398 0.5037037134170532 0.10208333283662796 0.5240740776062012 0.08124999701976776 0.5370370149612427 0.0 0.5666666626930237 0.0 0.6222222447395325 0.00937500037252903 0.6240741014480591 0.010416666977107525 0.635185182094574 0.01979166641831398 0.6407407522201538 0.03437500074505806 0.6685185432434082 0.02395833283662796 0.6833333373069763 0.03750000149011612 0.6833333373069763 0.02395833283662796 0.6925926208496094 0.0 0.7259259223937988 0.0 0.779629647731781 0.02291666716337204 0.75 0.02395833283662796 0.7351852059364319 0.02916666679084301 0.7259259223937988 0.05833333358168602 0.699999988079071 0.08749999850988388 0.6833333373069763 0.09375 0.6277777552604675 0.13229165971279144 0.550000011920929 0.16354165971279144 0.5277777910232544 0.19583334028720856 0.5148147940635681 0.18333333730697632 0.5074074268341064 0.16354165971279144 0.5092592835426331 0.15833333134651184 0.49074074625968933 0.1666666716337204 0.46296295523643494 0.21250000596046448 0.4407407343387604 0.25 0.43888887763023376 0.23749999701976776 0.4314814805984497 0.23854166269302368 0.4166666567325592
2 0.7927083373069763 0.40925925970077515 0.793749988079071 0.41111111640930176 0.793749988079071 0.4185185134410858 0.796875 0.42222222685813904 0.8010416626930237 0.42222222685813904 0.8020833134651184 0.42407408356666565 0.8052083253860474 0.42407408356666565 0.8062499761581421 0.42592594027519226 0.8083333373069763 0.42592594027519226 0.809374988079071 0.4277777671813965 0.8114583492279053 0.4277777671813965 0.8125 0.4296296238899231 0.8145833611488342 0.4296296238899231 0.815625011920929 0.4314814805984497 0.8177083134651184 0.4314814805984497 0.8187500238418579 0.4333333373069763 0.8218749761581421 0.4333333373069763 0.8229166865348816 0.43518519401550293 0.8260416388511658 0.43518519401550293 0.8270833492279053 0.43703705072402954 0.8291666507720947 0.43703705072402954 0.8302083611488342 0.43888887763023376 0.8322916626930237 0.43888887763023376 0.8333333134651184 0.4407407343387604 0.8354166746139526 0.4407407343387604 0.8343750238418579 0.4407407343387604 0.8333333134651184 0.43888887763023376 0.8343750238418579 0.43703705072402954 0.8354166746139526 0.43703705072402954 0.831250011920929 0.43703705072402954 0.8302083611488342 0.43518519401550293 0.8260416388511658 0.43518519401550293 0.824999988079071 0.4333333373069763 0.824999988079071 0.4314814805984497 0.8218749761581421 0.4314814805984497 0.8197916746139526 0.4277777671813965 0.8208333253860474 0.42592594027519226 0.8197916746139526 0.42592594027519226 0.8187500238418579 0.42407408356666565 0.8197916746139526 0.42222222685813904 0.8187500238418579 0.4203703701496124 0.8145833611488342 0.4203703701496124 0.8135416507720947 0.42222222685813904 0.8114583492279053 0.42222222685813904 0.8104166388511658 0.4203703701496124 0.809374988079071 0.4203703701496124 0.8072916865348816 0.4166666567325592 0.8083333373069763 0.4148148000240326 0.8104166388511658 0.4148148000240326 0.8114583492279053 0.4166666567325592 0.8125 0.4166666567325592 0.8135416507720947 0.4148148000240326 0.8145833611488342 0.4148148000240326 0.815625011920929 0.4166666567325592 0.8229166865348816 0.4166666567325592 0.8218749761581421 0.4166666567325592 0.8208333253860474 0.4148148000240326 0.8208333253860474 0.41296297311782837 0.8187500238418579 0.41296297311782837 0.8177083134651184 0.41111111640930176 0.8166666626930237 0.41296297311782837 0.8135416507720947 0.41296297311782837 0.8125 0.41111111640930176 0.8083333373069763 0.41111111640930176 0.8072916865348816 0.40925925970077515
2 0.15312500298023224 0.385185182094574 0.14270833134651184 0.385185182094574 0.14166666567325592 0.38333332538604736 0.140625 0.385185182094574 0.13958333432674408 0.385185182094574 0.13854166865348816 0.3870370388031006 0.13750000298023224 0.3870370388031006 0.13645833730697632 0.3888888955116272 0.13437500596046448 0.3888888955116272 0.13437500596046448 0.3907407522201538 0.13333334028720856 0.39259257912635803 0.13229165971279144 0.3907407522201538 0.12395833432674408 0.3907407522201538 0.12291666865348816 0.39259257912635803 0.12187500298023224 0.39259257912635803 0.12083332985639572 0.39444443583488464 0.11249999701976776 0.39444443583488464 0.11145833134651184 0.39629629254341125 0.11041666567325592 0.39629629254341125 0.109375 0.39444443583488464 0.10833333432674408 0.39629629254341125 0.10104166716337204 0.39629629254341125 0.10000000149011612 0.39814814925193787 0.09375 0.39814814925193787 0.09375 0.4000000059604645 0.09270833432674408 0.4018518626689911 0.08749999850988388 0.4018518626689911 0.09687499701976776 0.4018518626689911 0.09791667014360428 0.4037036895751953 0.0989583358168602 0.4018518626689911 0.11354167014360428 0.4018518626689911 0.1145833358168602 0.4000000059604645 0.12291666865348816 0.4000000059604645 0.12395833432674408 0.39814814925193787 0.13229165971279144 0.39814814925193787 0.13333334028720856 0.39629629254341125 0.140625 0.39629629254341125 0.14166666567325592 0.39444443583488464 0.14270833134651184 0.39444443583488464 0.14374999701976776 0.39259257912635803 0.14687499403953552 0.39259257912635803 0.14895834028720856 0.3888888955116272 0.15000000596046448 0.3888888955116272 0.15208333730697632 0.385185182094574
2 0.5697916746139526 0.47777777910232544 0.5427083373069763 0.4592592716217041 0.5114583373069763 0.4555555582046509 0.5104166865348816 0.4462963044643402 0.5166666507720947 0.4407407343387604 0.4677083194255829 0.4018518626689911 0.4541666805744171 0.4018518626689911 0.4593749940395355 0.39444443583488464 0.4749999940395355 0.39259257912635803 0.46666666865348816 0.38148146867752075 0.4541666805744171 0.38333332538604736 0.4593749940395355 0.3759259283542633 0.4541666805744171 0.37962964177131653 0.41874998807907104 0.36851853132247925 0.32083332538604736 0.3870370388031006 0.33125001192092896 0.4037036895751953 0.3447916805744171 0.4018518626689911 0.34166666865348816 0.4055555462837219 0.36145833134651184 0.39629629254341125 0.37708333134651184 0.40740740299224854 0.4000000059604645 0.41296297311782837 0.3864583373069763 0.4203703701496124 0.3531250059604645 0.4166666567325592 0.3447916805744171 0.4203703701496124 0.35729166865348816 0.42222222685813904 0.3531250059604645 0.4277777671813965 0.3291666805744171 0.42222222685813904 0.3333333432674408 0.4277777671813965 0.26875001192092896 0.4407407343387604 0.2906250059604645 0.46666666865348816 0.28125 0.47592592239379883 0.27395832538604736 0.4981481432914734 0.26354166865348816 0.5055555701255798 0.2718749940395355 0.5055555701255798 0.28125 0.520370364189148 0.28333333134651184 0.5481481552124023 0.30000001192092896 0.5444444417953491 0.2927083373069763 0.5555555820465088 0.296875 0.5703703761100769 0.33125001192092896 0.5407407283782959 0.3583333194255829 0.5277777910232544 0.3812499940395355 0.5277777910232544 0.4052083194255829 0.5074074268341064 0.4416666626930237 0.4870370328426361 0.48750001192092896 0.4851851761341095 0.5072916746139526 0.5018518567085266 0.5260416865348816 0.5018518567085266
2 0.13854166865348816 0.35555556416511536 0.11249999701976776 0.35555556416511536 0.11145833134651184 0.35740742087364197 0.08645833283662796 0.3592592477798462 0.08541666716337204 0.3611111044883728 0.07083333283662796 0.3611111044883728 0.06979166716337204 0.3592592477798462 0.03958333283662796 0.3592592477798462 0.03854166716337204 0.3611111044883728 0.0 0.3592592477798462 0.01666666753590107 0.3592592477798462 0.01770833320915699 0.3611111044883728 0.01666666753590107 0.3629629611968994 0.0020833334419876337 0.3629629611968994 0.0 0.364814817905426 0.0 0.3888888955116272 0.0020833334419876337 0.3907407522201538 0.0 0.39444443583488464 0.0 0.39814814925193787 0.0010416667209938169 0.39629629254341125 0.01354166679084301 0.39444443583488464 0.014583333395421505 0.3888888955116272 0.03020833246409893 0.3907407522201538 0.03333333507180214 0.3870370388031006 0.04062499850988388 0.3870370388031006 0.0416666679084301 0.385185182094574 0.04895833507180214 0.385185182094574 0.05000000074505806 0.38333332538604736 0.0572916679084301 0.38333332538604736 0.05833333358168602 0.38148146867752075 0.0677083358168602 0.38148146867752075 0.06875000149011612 0.37962964177131653 0.07083333283662796 0.38148146867752075 0.07500000298023224 0.37962964177131653 0.07395832985639572 0.3777777850627899 0.07500000298023224 0.3759259283542633 0.08124999701976776 0.3759259283542633 0.08229167014360428 0.3740740716457367 0.08437500149011612 0.3759259283542633 0.08749999850988388 0.3740740716457367 0.09687499701976776 0.3740740716457367 0.09479166567325592 0.3740740716457367 0.09375 0.3722222149372101 0.09583333134651184 0.37037035822868347 0.09375 0.36851853132247925 0.08645833283662796 0.3722222149372101 0.08437500149011612 0.36851853132247925 0.08749999850988388 0.364814817905426 0.10104166716337204 0.364814817905426 0.109375 0.3611111044883728 0.11249999701976776 0.3629629611968994 0.11562500149011612 0.3611111044883728 0.125 0.3611111044883728 0.12604166567325592 0.3592592477798462 0.13437500596046448 0.3592592477798462 0.13854166865348816 0.35740742087364197
2 0.0989583358168602 0.3222222328186035 0.078125 0.3222222328186035 0.07708333432674408 0.32407405972480774 0.0677083358168602 0.32407405972480774 0.06666667014360428 0.32592591643333435 0.05833333358168602 0.32592591643333435 0.0572916679084301 0.32777777314186096 0.04895833507180214 0.32777777314186096 0.04791666567325592 0.3296296298503876 0.0416666679084301 0.3296296298503876 0.06145833432674408 0.3296296298503876 0.0625 0.32777777314186096 0.078125 0.32777777314186096 0.07916666567325592 0.32592591643333435 0.08645833283662796 0.32592591643333435 0.08749999850988388 0.32407405972480774 0.08958332985639572 0.32407405972480774 0.09062500298023224 0.3222222328186035 0.09166666865348816 0.3222222328186035 0.09270833432674408 0.32407405972480774 0.09479166567325592 0.32407405972480774 0.09583333134651184 0.3222222328186035
2 0.18645833432674408 0.3166666626930237 0.39375001192092896 0.307407408952713 0.40625 0.3222222328186035 0.46875 0.3203703761100769 0.5625 0.35740742087364197 0.46562498807907104 0.3462963104248047 0.5333333611488342 0.364814817905426 0.46875 0.3759259283542633 0.4833333194255829 0.3870370388031006 0.5677083134651184 0.3888888955116272 0.5791666507720947 0.3759259283542633 0.5697916746139526 0.36666667461395264 0.5874999761581421 0.34074074029922485 0.684374988079071 0.38333332538604736 0.7072916626930237 0.3777777850627899 0.6729166507720947 0.364814817905426 0.7416666746139526 0.37037035822868347 0.737500011920929 0.4000000059604645 0.9125000238418579 0.4203703701496124 0.9593750238418579 0.4888888895511627 0.9989583492279053 0.4851851761341095 0.9989583492279053 0.36666667461395264 0.7677083611488342 0.3203703761100769 0.5989583134651184 0.33703702688217163 0.5687500238418579 0.3314814865589142 0.5916666388511658 0.32407405972480774 0.5197916626930237 0.3166666626930237 0.4739583432674408 0.2944444417953491
3 0.05416666716337204 0.8537036776542664 0.04791666567325592 0.8518518805503845 0.04374999925494194 0.8481481671333313 0.04062499850988388 0.8481481671333313 0.0364583320915699 0.8444444537162781 0.03437500074505806 0.8407407402992249 0.03229166567325592 0.8407407402992249 0.03125 0.8388888835906982 0.01875000074505806 0.8388888835906982 0.01770833320915699 0.8407407402992249 0.01145833358168602 0.8407407402992249 0.010416666977107525 0.8425925970077515 0.004166666883975267 0.8425925970077515 0.0031250000465661287 0.8444444537162781 0.0 0.8444444537162781 0.0 0.9981481432914734 0.02083333395421505 0.9981481432914734 0.03229166567325592 0.9759259223937988 0.03229166567325592 0.9740740656852722 0.03958333283662796 0.9611111283302307 0.0416666679084301 0.9537037014961243 0.04270833358168602 0.9444444179534912 0.04374999925494194 0.9425926208496094 0.04374999925494194 0.9370370507240295 0.04479166492819786 0.9351851940155029 0.04479166492819786 0.9314814805984497 0.04583333432674408 0.9296296238899231 0.04583333432674408 0.9259259104728699 0.046875 0.9240740537643433 0.046875 0.9203703999519348 0.04791666567325592 0.9185185432434082 0.04791666567325592 0.914814829826355 0.04895833507180214 0.9129629731178284 0.04895833507180214 0.9092592597007751 0.05000000074505806 0.9074074029922485 0.0520833320915699 0.8925926089286804 0.05416666716337204 0.8870370388031006 0.05416666716337204 0.8833333253860474 0.05624999850988388 0.8777777552604675 0.05624999850988388 0.8740741014480591 0.05833333358168602 0.8666666746139526 0.0572916679084301 0.864814817905426 0.05624999850988388 0.8574073910713196
3 0.0062500000931322575 0.6240741014480591 0.0 0.6240741014480591 0.0 0.7240740656852722 0.0031250000465661287 0.7185184955596924 0.004166666883975267 0.7185184955596924 0.00937500037252903 0.7092592716217041 0.010416666977107525 0.7092592716217041 0.01145833358168602 0.7074074149131775 0.012500000186264515 0.7074074149131775 0.014583333395421505 0.7037037014961243 0.015625 0.7037037014961243 0.02083333395421505 0.6944444179534912 0.02187499962747097 0.6944444179534912 0.02395833283662796 0.6907407641410828 0.0364583320915699 0.6833333373069763 0.02916666679084301 0.6833333373069763 0.02812499925494194 0.6851851940155029 0.02395833283662796 0.6851851940155029 0.02291666716337204 0.6833333373069763 0.02291666716337204 0.6796296238899231 0.02500000037252903 0.6759259104728699 0.02604166604578495 0.6759259104728699 0.02708333358168602 0.6740740537643433 0.02812499925494194 0.6740740537643433 0.03020833246409893 0.6703703999519348 0.03333333507180214 0.6685185432434082 0.03020833246409893 0.6629629731178284 0.03020833246409893 0.6611111164093018 0.01979166641831398 0.6425926089286804 0.01875000074505806 0.6425926089286804 0.01770833320915699 0.6407407522201538 0.014583333395421505 0.6407407522201538 0.01354166679084301 0.6388888955116272 0.01145833358168602 0.6388888955116272 0.00937500037252903 0.635185182094574 0.00937500037252903 0.6259258985519409 0.0072916666977107525 0.6259258985519409
3 0.11874999850988388 0.5018518567085266 0.11562500149011612 0.4962962865829468 0.11249999701976776 0.4962962865829468 0.10729166865348816 0.49259260296821594 0.10312499850988388 0.49259260296821594 0.10208333283662796 0.49074074625968933 0.09166666865348816 0.49074074625968933 0.09062500298023224 0.49259260296821594 0.08541666716337204 0.49259260296821594 0.08437500149011612 0.49074074625968933 0.08229167014360428 0.49074074625968933 0.078125 0.4870370328426361 0.07500000298023224 0.4870370328426361 0.07395832985639572 0.4851851761341095 0.07083333283662796 0.4851851761341095 0.06979166716337204 0.4833333194255829 0.06875000149011612 0.4851851761341095 0.05416666716337204 0.4851851761341095 0.05312500149011612 0.4870370328426361 0.04895833507180214 0.4870370328426361 0.04791666567325592 0.4888888895511627 0.04374999925494194 0.4888888895511627 0.04270833358168602 0.49074074625968933 0.04062499850988388 0.49074074625968933 0.03958333283662796 0.4888888895511627 0.02187499962747097 0.4888888895511627 0.012500000186264515 0.4981481432914734 0.010416666977107525 0.4981481432914734 0.0020833334419876337 0.5055555701255798 0.0 0.5092592835426331 0.0 0.5648148059844971 0.0010416667209938169 0.5629629492759705 0.015625 0.5592592358589172 0.02083333395421505 0.5555555820465088 0.02604166604578495 0.5555555820465088 0.02708333358168602 0.5537037253379822 0.03229166567325592 0.5537037253379822 0.03333333507180214 0.5518518686294556 0.03854166716337204 0.5518518686294556 0.03958333283662796 0.550000011920929 0.04479166492819786 0.550000011920929 0.04583333432674408 0.5481481552124023 0.05104166641831398 0.5481481552124023 0.0520833320915699 0.5462962985038757 0.06145833432674408 0.5444444417953491 0.0625 0.5425925850868225 0.07395832985639572 0.5388888716697693 0.078125 0.5351851582527161 0.08124999701976776 0.5351851582527161 0.08229167014360428 0.5333333611488342 0.09687499701976776 0.5259259343147278 0.10000000149011612 0.5222222208976746 0.10208333283662796 0.5222222208976746 0.11562500149011612 0.5092592835426331 0.11666666716337204 0.5055555701255798 0.11874999850988388 0.5037037134170532
3 0.3291666805744171 0.39814814925193787 0.3177083432674408 0.385185182094574 0.3083333373069763 0.38333332538604736 0.2822916805744171 0.3629629611968994 0.26249998807907104 0.364814817905426 0.2552083432674408 0.3740740716457367 0.2395833283662796 0.4166666567325592 0.23854166269302368 0.4314814805984497 0.25 0.43518519401550293 0.25 0.4407407343387604 0.21250000596046448 0.442592591047287 0.16562500596046448 0.46666666865348816 0.15937499701976776 0.49074074625968933 0.16354165971279144 0.5074074268341064 0.18333333730697632 0.5055555701255798 0.19479165971279144 0.5092592835426331 0.19687500596046448 0.5148147940635681 0.16354165971279144 0.529629647731781 0.13229165971279144 0.5518518686294556 0.09479166567325592 0.6277777552604675 0.08958332985639572 0.6814814805984497 0.10625000298023224 0.6962962746620178 0.140625 0.7111111283302307 0.15416666865348816 0.7111111283302307 0.23749999701976776 0.664814829826355 0.2645833194255829 0.6277777552604675 0.2822916805744171 0.5907407402992249 0.28333333134651184 0.5407407283782959 0.2802083194255829 0.520370364189148 0.2718749940395355 0.5074074268341064 0.26249998807907104 0.5037037134170532 0.27395832538604736 0.4962962865829468 0.2802083194255829 0.47592592239379883 0.28958332538604736 0.46666666865348816 0.26770833134651184 0.4407407343387604 0.3062500059604645 0.4333333373069763 0.3343749940395355 0.4203703701496124 0.3239583373069763 0.41111111640930176 0.32604166865348816 0.4055555462837219 0.33125001192092896 0.40925925970077515
4 0.20416666567325592 0.3296296298503876 0.19479165971279144 0.3296296298503876 0.19374999403953552 0.3314814865589142 0.19166666269302368 0.3296296298503876 0.1875 0.3296296298503876 0.18645833432674408 0.3314814865589142 0.18125000596046448 0.3314814865589142 0.18020834028720856 0.3296296298503876 0.17083333432674408 0.3296296298503876 0.16979166865348816 0.3314814865589142 0.14687499403953552 0.3314814865589142 0.1458333283662796 0.3333333432674408 0.13229165971279144 0.3333333432674408 0.13124999403953552 0.3351851999759674 0.11041666567325592 0.3351851999759674 0.109375 0.33703702688217163 0.10000000149011612 0.33703702688217163 0.0989583358168602 0.33888888359069824 0.08749999850988388 0.33888888359069824 0.08645833283662796 0.34074074029922485 0.08124999701976776 0.34074074029922485 0.13958333432674408 0.34074074029922485 0.140625 0.33888888359069824 0.16458334028720856 0.33888888359069824 0.16562500596046448 0.33703702688217163 0.17812499403953552 0.33703702688217163 0.17916665971279144 0.3351851999759674 0.19583334028720856 0.3351851999759674 0.19374999403953552 0.3333333432674408 0.19479165971279144 0.3314814865589142 0.20416666567325592 0.3314814865589142
