0 0.9989583492279053 0.4981481432914734 0.9989583492279053 0.4037036895751953 0.8958333134651184 0.385185182094574 0.8739583492279053 0.39259257912635803 0.800000011920929 0.39444443583488464 0.6989583373069763 0.3870370388031006 0.706250011920929 0.4000000059604645 0.7239583134651184 0.39629629254341125 0.7427083253860474 0.4037036895751953 0.8166666626930237 0.40740740299224854 0.8604166507720947 0.4037036895751953 0.8708333373069763 0.40925925970077515 0.903124988079071 0.4055555462837219 0.9947916865348816 0.4277777671813965 0.9885416626930237 0.4333333373069763 0.8135416507720947 0.4166666567325592 0.8052083253860474 0.42407408356666565 0.8083333373069763 0.43888887763023376 0.7614583373069763 0.44999998807907104 0.828125 0.4462963044643402
0 0.04270833358168602 0.3759259283542633 0.03541666641831398 0.3759259283542633 0.03437500074505806 0.3740740716457367 0.03333333507180214 0.3740740716457367 0.03229166567325592 0.3759259283542633 0.02812499925494194 0.3759259283542633 0.02708333358168602 0.3740740716457367 0.02708333358168602 0.3722222149372101 0.02812499925494194 0.37037035822868347 0.02708333358168602 0.3722222149372101 0.02187499962747097 0.3722222149372101 0.02083333395421505 0.3740740716457367 0.010416666977107525 0.3740740716457367 0.00937500037252903 0.3759259283542633 0.0 0.3759259283542633 0.0 0.38148146867752075 0.0031250000465661287 0.38148146867752075 0.004166666883975267 0.38333332538604736 0.014583333395421505 0.38333332538604736 0.015625 0.385185182094574 0.02500000037252903 0.385185182094574 0.02604166604578495 0.3870370388031006 0.0364583320915699 0.3870370388031006 0.03229166567325592 0.3870370388031006 0.03125 0.385185182094574 0.03229166567325592 0.38333332538604736 0.03333333507180214 0.38333332538604736 0.03437500074505806 0.38148146867752075 0.03437500074505806 0.37962964177131653 0.03541666641831398 0.3777777850627899 0.0364583320915699 0.3777777850627899 0.03750000149011612 0.3759259283542633
0 0.0 0.40740740299224854 0.0 0.8888888955116272 0.16875000298023224 0.7277777791023254 0.23645833134651184 0.7185184955596924 0.23020833730697632 0.7481481432914734 0.16562500596046448 0.7611111402511597 0.30000001192092896 0.7944444417953491 0.4052083194255829 0.8500000238418579 0.46145832538604736 0.894444465637207 0.5333333611488342 0.9981481432914734 0.9989583492279053 0.9981481432914734 0.9989583492279053 0.9129629731178284 0.871874988079071 0.7018518447875977 0.796875 0.6407407522201538 0.7604166865348816 0.6388888955116272 0.7052083611488342 0.5648148059844971 0.643750011920929 0.5555555820465088 0.5895833373069763 0.5777778029441833 0.546875 0.5648148059844971 0.484375 0.5907407402992249 0.38749998807907104 0.5759259462356567 0.31458333134651184 0.6000000238418579 0.3031249940395355 0.5611110925674438 0.2854166626930237 0.5555555820465088 0.31562501192092896 0.5129629373550415 0.23125000298023224 0.5240740776062012 0.2708333432674408 0.4981481432914734 0.26354166865348816 0.46851852536201477 0.32604166865348816 0.44999998807907104 0.35729166865348816 0.41111111640930176 0.3177083432674408 0.39629629254341125 0.4364583194255829 0.39629629254341125 0.27395832538604736 0.3740740716457367 0.2864583432674408 0.3592592477798462
0 0.0520833320915699 0.35555556416511536 0.03958333283662796 0.35555556416511536 0.03854166716337204 0.35740742087364197 0.03541666641831398 0.35740742087364197 0.03437500074505806 0.3592592477798462 0.02812499925494194 0.3592592477798462 0.02708333358168602 0.3611111044883728 0.02083333395421505 0.3611111044883728 0.01979166641831398 0.3629629611968994 0.00937500037252903 0.3629629611968994 0.010416666977107525 0.3629629611968994 0.01145833358168602 0.364814817905426 0.010416666977107525 0.36666667461395264 0.0072916666977107525 0.36666667461395264 0.0062500000931322575 0.36851853132247925 0.0052083334885537624 0.36666667461395264 0.004166666883975267 0.36851853132247925 0.0031250000465661287 0.36666667461395264 0.0 0.36666667461395264 0.0 0.37037035822868347 0.004166666883975267 0.37037035822868347 0.0052083334885537624 0.36851853132247925 0.01145833358168602 0.36851853132247925 0.012500000186264515 0.36666667461395264 0.02083333395421505 0.36666667461395264 0.02187499962747097 0.364814817905426 0.02604166604578495 0.364814817905426 0.02708333358168602 0.3629629611968994 0.03125 0.3629629611968994 0.03229166567325592 0.3611111044883728 0.03750000149011612 0.3611111044883728 0.03854166716337204 0.3592592477798462 0.04062499850988388 0.3592592477798462 0.0416666679084301 0.35740742087364197 0.04583333432674408 0.35740742087364197 0.046875 0.35555556416511536
0 0.6729166507720947 0.35740742087364197 0.668749988079071 0.35185185074806213 0.6645833253860474 0.35185185074806213 0.6614583134651184 0.3481481373310089 0.65625 0.3481481373310089 0.6552083492279053 0.3462963104248047 0.6541666388511658 0.3481481373310089 0.6270833611488342 0.3462963104248047 0.6260416507720947 0.3481481373310089 0.6135416626930237 0.3481481373310089 0.6114583611488342 0.35185185074806213 0.590624988079071 0.35370370745658875 0.590624988079071 0.35555556416511536 0.5947916507720947 0.35555556416511536 0.5958333611488342 0.35740742087364197 0.6197916865348816 0.35740742087364197 0.6239583492279053 0.3611111044883728 0.6208333373069763 0.364814817905426 0.5874999761581421 0.364814817905426 0.5864583253860474 0.3629629611968994 0.581250011920929 0.3629629611968994 0.5802083611488342 0.364814817905426 0.5541666746139526 0.364814817905426 0.5718749761581421 0.364814817905426 0.5729166865348816 0.36666667461395264 0.5833333134651184 0.36666667461395264 0.5843750238418579 0.364814817905426 0.5895833373069763 0.364814817905426 0.590624988079071 0.36666667461395264 0.5979166626930237 0.36666667461395264 0.5989583134651184 0.364814817905426 0.6239583492279053 0.364814817905426 0.625 0.3629629611968994 0.640625 0.3629629611968994 0.6416666507720947 0.3611111044883728 0.6604166626930237 0.3611111044883728 0.6614583134651184 0.3592592477798462 0.6697916388511658 0.3592592477798462 0.6708333492279053 0.35740742087364197
0 0.2802083194255829 0.3499999940395355 0.2874999940395355 0.3499999940395355 0.28854167461395264 0.3481481373310089 0.28958332538604736 0.3499999940395355 0.3010416626930237 0.3499999940395355 0.3020833432674408 0.3481481373310089 0.31041666865348816 0.3481481373310089 0.3114583194255829 0.3462963104248047 0.3125 0.3481481373310089 0.31562501192092896 0.3481481373310089 0.3166666626930237 0.3462963104248047 0.328125 0.3462963104248047 0.31979167461395264 0.3462963104248047 0.3187499940395355 0.3444444537162781 0.3072916567325592 0.3444444537162781 0.3062500059604645 0.34259259700775146 0.3010416626930237 0.34259259700775146 0.30000001192092896 0.3444444537162781 0.29895833134651184 0.3444444537162781 0.2979166805744171 0.3462963104248047 0.29479166865348816 0.3462963104248047 0.29374998807907104 0.3481481373310089 0.2874999940395355 0.3481481373310089 0.2864583432674408 0.3499999940395355
0 0.4541666805744171 0.3462963104248047 0.4520833194255829 0.3444444537162781 0.4489583373069763 0.3444444537162781 0.4468750059604645 0.34074074029922485 0.44062501192092896 0.34074074029922485 0.43958333134651184 0.34259259700775146 0.42916667461395264 0.34259259700775146 0.4281249940395355 0.3444444537162781 0.41354167461395264 0.3444444537162781 0.4124999940395355 0.34259259700775146 0.4104166626930237 0.34259259700775146 0.4124999940395355 0.34259259700775146 0.41354167461395264 0.3444444537162781 0.4124999940395355 0.3462963104248047 0.40625 0.3462963104248047 0.4052083194255829 0.3444444537162781 0.3947916626930237 0.3444444537162781 0.39375001192092896 0.3462963104248047 0.3916666805744171 0.3462963104248047 0.3895833194255829 0.3444444537162781 0.38854166865348816 0.3462963104248047 0.3864583373069763 0.3462963104248047 0.3958333432674408 0.3481481373310089 0.3968749940395355 0.3499999940395355 0.3958333432674408 0.35185185074806213 0.38749998807907104 0.35185185074806213 0.3864583373069763 0.35370370745658875 0.3791666626930237 0.35370370745658875 0.38749998807907104 0.35370370745658875 0.38854166865348816 0.35555556416511536 0.38749998807907104 0.3592592477798462 0.38229167461395264 0.3592592477798462 0.3812499940395355 0.3611111044883728 0.3656249940395355 0.3611111044883728 0.38333332538604736 0.3611111044883728 0.3843750059604645 0.3592592477798462 0.38749998807907104 0.3592592477798462 0.38854166865348816 0.3611111044883728 0.390625 0.3592592477798462 0.39791667461395264 0.3592592477798462 0.4000000059604645 0.3611111044883728 0.4010416567325592 0.3592592477798462 0.4020833373069763 0.3611111044883728 0.4052083194255829 0.3611111044883728 0.4072916805744171 0.3629629611968994 0.40833333134651184 0.36666667461395264 0.4104166626930237 0.36851853132247925 0.4124999940395355 0.36851853132247925 0.41458332538604736 0.3722222149372101 0.4156250059604645 0.37037035822868347 0.4229166805744171 0.36851853132247925 0.42395833134651184 0.36666667461395264 0.42916667461395264 0.364814817905426 0.4322916567325592 0.3611111044883728 0.43437498807907104 0.3611111044883728 0.4333333373069763 0.3592592477798462 0.4364583194255829 0.35185185074806213 0.44062501192092896 0.35185185074806213 0.4416666626930237 0.3499999940395355 0.44479167461395264 0.3499999940395355 0.44583332538604736 0.3481481373310089 0.4489583373069763 0.3481481373310089 0.44999998807907104 0.3462963104248047
0 0.1666666716337204 0.3499999940395355 0.10625000298023224 0.34259259700775146 0.10520832985639572 0.34074074029922485 0.10833333432674408 0.33703702688217163 0.12708333134651184 0.3333333432674408 0.10312499850988388 0.3314814865589142 0.10208333283662796 0.3333333432674408 0.09062500298023224 0.3333333432674408 0.08958332985639572 0.3351851999759674 0.07187499850988388 0.3351851999759674 0.05520833283662796 0.3444444537162781 0.04583333432674408 0.3444444537162781 0.04062499850988388 0.3481481373310089 0.02291666716337204 0.3481481373310089 0.02187499962747097 0.3499999940395355 0.012500000186264515 0.3499999940395355 0.01145833358168602 0.35185185074806213 0.0 0.3499999940395355 0.0 0.35185185074806213 0.03229166567325592 0.3499999940395355 0.04791666567325592 0.3444444537162781 0.06354166567325592 0.3481481373310089 0.06458333134651184 0.3462963104248047 0.0885416641831398 0.3462963104248047 0.08958332985639572 0.3444444537162781 0.10312499850988388 0.3444444537162781 0.1041666641831398 0.34259259700775146 0.10520832985639572 0.3444444537162781 0.1197916641831398 0.3444444537162781 0.12083332985639572 0.3462963104248047 0.11874999850988388 0.3499999940395355 0.1145833358168602 0.3499999940395355 0.12083332985639572 0.3499999940395355 0.12187500298023224 0.3481481373310089 0.1302083283662796 0.3499999940395355 0.13124999403953552 0.35370370745658875 0.12916666269302368 0.35555556416511536 0.13229165971279144 0.35555556416511536 0.13645833730697632 0.3499999940395355 0.15000000596046448 0.3499999940395355 0.15312500298023224 0.35555556416511536 0.16249999403953552 0.3499999940395355
0 0.25312501192092896 0.32592591643333435 0.23125000298023224 0.32592591643333435 0.23020833730697632 0.32407405972480774 0.22499999403953552 0.32407405972480774 0.2239583283662796 0.32592591643333435 0.21250000596046448 0.32592591643333435 0.21145834028720856 0.32777777314186096 0.19687500596046448 0.32777777314186096 0.19583334028720856 0.3296296298503876 0.18541666865348816 0.3296296298503876 0.20000000298023224 0.3296296298503876 0.20104166865348816 0.3314814865589142 0.20520833134651184 0.3314814865589142 0.20624999701976776 0.3296296298503876 0.21458333730697632 0.3296296298503876 0.21666666865348816 0.32592591643333435 0.21979166567325592 0.32592591643333435 0.22083333134651184 0.32777777314186096 0.22291666269302368 0.32777777314186096 0.2239583283662796 0.32592591643333435 0.24583333730697632 0.32592591643333435 0.24687500298023224 0.32777777314186096 0.2510416805744171 0.32777777314186096 0.25208333134651184 0.32592591643333435
0 0.515625 0.3166666626930237 0.512499988079071 0.3166666626930237 0.5114583373069763 0.31481480598449707 0.5104166865348816 0.31481480598449707 0.5093749761581421 0.3166666626930237 0.5083333253860474 0.31481480598449707 0.5010416507720947 0.31481480598449707 0.5 0.3166666626930237 0.4854166805744171 0.3166666626930237 0.484375 0.3185185194015503 0.4833333194255829 0.3166666626930237 0.48229166865348816 0.3185185194015503 0.48124998807907104 0.3166666626930237 0.4739583432674408 0.3166666626930237 0.4729166626930237 0.3185185194015503 0.4520833194255829 0.3185185194015503 0.45104166865348816 0.3203703761100769 0.4520833194255829 0.3222222328186035 0.46666666865348816 0.3222222328186035 0.4677083194255829 0.32407405972480774 0.4885416626930237 0.32407405972480774 0.4895833432674408 0.3222222328186035 0.5 0.3222222328186035 0.5010416507720947 0.3203703761100769 0.5093749761581421 0.3203703761100769 0.5104166865348816 0.3185185194015503 0.5135416388511658 0.3185185194015503 0.5145833492279053 0.3166666626930237
1 0.0 0.8907407522201538 0.0 0.9981481432914734 0.5322916507720947 0.9981481432914734 0.5291666388511658 0.9833333492279053 0.515625 0.9740740656852722 0.5166666507720947 0.9666666388511658 0.5114583373069763 0.9722222089767456 0.5072916746139526 0.9611111283302307 0.4958333373069763 0.9555555582046509 0.49687498807907104 0.9462962746620178 0.4802083373069763 0.9370370507240295 0.4791666567325592 0.9203703999519348 0.46145832538604736 0.8962963223457336 0.42916667461395264 0.8796296119689941 0.4270833432674408 0.8703703880310059 0.4052083194255829 0.8592592477798462 0.4052083194255829 0.8518518805503845 0.3166666626930237 0.8129629492759705 0.3125 0.8037037253379822 0.30520832538604736 0.8111110925674438 0.3072916567325592 0.800000011920929 0.30000001192092896 0.7962962985038757 0.296875 0.8018518686294556 0.27812498807907104 0.7981481552124023 0.25208333134651184 0.7833333611488342 0.16562500596046448 0.7629629373550415 0.19062499701976776 0.7481481432914734 0.23020833730697632 0.7462962865829468 0.23854166269302368 0.7370370626449585 0.23125000298023224 0.729629635810852 0.23645833134651184 0.720370352268219 0.21041665971279144 0.7259259223937988 0.203125 0.7351852059364319 0.16875000298023224 0.729629635810852 0.04270833358168602 0.8574073910713196
1 0.5802083611488342 0.4314814805984497 0.5843750238418579 0.43518519401550293 0.5791666507720947 0.442592591047287 0.5895833373069763 0.4481481611728668 0.5854166746139526 0.45185184478759766 0.6302083134651184 0.4962962865829468 0.65625 0.4981481432914734 0.6604166626930237 0.5074074268341064 0.6916666626930237 0.5074074268341064 0.7281249761581421 0.5370370149612427 0.8447916507720947 0.5370370149612427 0.9125000238418579 0.5518518686294556 0.9375 0.5759259462356567 0.9437500238418579 0.5740740895271301 0.9989583492279053 0.6333333253860474 0.9989583492279053 0.5944444537162781 0.953125 0.5592592358589172 0.9666666388511658 0.5555555820465088 0.996874988079071 0.5648148059844971 0.9989583492279053 0.5407407283782959 0.9302083253860474 0.529629647731781 0.9447916746139526 0.5425925850868225 0.9354166388511658 0.5462962985038757 0.9114583134651184 0.5259259343147278 0.8833333253860474 0.5166666507720947 0.8572916388511658 0.4851851761341095 0.8145833611488342 0.4833333194255829 0.7927083373069763 0.4592592716217041 0.7458333373069763 0.4555555582046509 0.7364583611488342 0.4462963044643402 0.7250000238418579 0.4481481611728668 0.703125 0.43703705072402954 0.7114583253860474 0.45370370149612427 0.7270833253860474 0.520370364189148 0.7208333611488342 0.5222222208976746 0.7135416865348816 0.5111111402511597 0.6583333611488342 0.4870370328426361 0.6552083492279053 0.47777777910232544 0.6343749761581421 0.4611110985279083 0.6395833492279053 0.45370370149612427 0.612500011920929 0.43888887763023376 0.6156250238418579 0.43518519401550293 0.59375 0.4277777671813965
1 0.7072916626930237 0.4018518626689911 0.715624988079071 0.4166666567325592 0.731249988079071 0.4166666567325592 0.7322916388511658 0.4203703701496124 0.7635416388511658 0.4314814805984497 0.7749999761581421 0.43703705072402954 0.7791666388511658 0.442592591047287 0.7947916388511658 0.442592591047287 0.8083333373069763 0.43703705072402954 0.8041666746139526 0.42407408356666565 0.8135416507720947 0.4148148000240326 0.8572916388511658 0.4203703701496124 0.9312499761581421 0.42222222685813904 0.9885416626930237 0.4314814805984497 0.9947916865348816 0.4296296238899231 0.903124988079071 0.40740740299224854 0.8708333373069763 0.41111111640930176 0.8604166507720947 0.4055555462837219 0.8166666626930237 0.40925925970077515 0.7791666388511658 0.4037036895751953 0.7427083253860474 0.4055555462837219 0.7239583134651184 0.39814814925193787
1 0.01770833320915699 0.3888888955116272 0.010416666977107525 0.3888888955116272 0.00937500037252903 0.3907407522201538 0.008333333767950535 0.3907407522201538 0.0072916666977107525 0.39259257912635803 0.0010416667209938169 0.39259257912635803 0.0 0.39444443583488464 0.0 0.4000000059604645 0.0052083334885537624 0.4000000059604645 0.0062500000931322575 0.39814814925193787 0.008333333767950535 0.39814814925193787 0.00937500037252903 0.39629629254341125 0.01354166679084301 0.39629629254341125 0.012500000186264515 0.39629629254341125 0.01145833358168602 0.39444443583488464 0.012500000186264515 0.39259257912635803 0.014583333395421505 0.39259257912635803 0.014583333395421505 0.3907407522201538 0.015625 0.3888888955116272
1 0.8645833134651184 0.3722222149372101 0.8645833134651184 0.3777777850627899 0.8677083253860474 0.37962964177131653 0.8687499761581421 0.38333332538604736 0.8770833611488342 0.38333332538604736 0.878125011920929 0.385185182094574 0.8822916746139526 0.385185182094574 0.8833333253860474 0.38333332538604736 0.8895833492279053 0.38333332538604736 0.890625 0.385185182094574 0.8916666507720947 0.38333332538604736 0.8958333134651184 0.38333332538604736 0.8968750238418579 0.385185182094574 0.909375011920929 0.385185182094574 0.9104166626930237 0.3870370388031006 0.9239583611488342 0.3870370388031006 0.925000011920929 0.3888888955116272 0.9468749761581421 0.3907407522201538 0.9479166865348816 0.39259257912635803 0.9520833492279053 0.39259257912635803 0.953125 0.39444443583488464 0.9645833373069763 0.39444443583488464 0.965624988079071 0.39629629254341125 0.9760416746139526 0.39629629254341125 0.9770833253860474 0.39814814925193787 0.9854166507720947 0.39814814925193787 0.9864583611488342 0.4000000059604645 0.9916666746139526 0.4000000059604645 0.9927083253860474 0.4018518626689911 0.9989583492279053 0.4018518626689911 0.9989583492279053 0.39444443583488464 0.996874988079071 0.3907407522201538 0.9989583492279053 0.3888888955116272 0.9989583492279053 0.37962964177131653 0.9895833134651184 0.3777777850627899 0.9885416626930237 0.3759259283542633 0.9781249761581421 0.3759259283542633 0.9770833253860474 0.3740740716457367 0.9729166626930237 0.3740740716457367 0.96875 0.36666667461395264 0.9666666388511658 0.36666667461395264 0.965624988079071 0.364814817905426 0.9520833492279053 0.364814817905426 0.9468749761581421 0.3722222149372101 0.9364583492279053 0.364814817905426 0.934374988079071 0.3592592477798462 0.9322916865348816 0.3592592477798462 0.9312499761581421 0.3611111044883728 0.9177083373069763 0.3611111044883728 0.9166666865348816 0.3629629611968994 0.9125000238418579 0.3629629611968994 0.9104166626930237 0.3611111044883728 0.909375011920929 0.3629629611968994 0.9072916507720947 0.3629629611968994 0.90625 0.3611111044883728 0.8989583253860474 0.3611111044883728 0.8979166746139526 0.3592592477798462 0.887499988079071 0.3592592477798462 0.8864583373069763 0.35740742087364197 0.8822916746139526 0.35740742087364197 0.8812500238418579 0.35555556416511536 0.875 0.35555556416511536 0.8739583492279053 0.35740742087364197 0.8708333373069763 0.35555556416511536 0.8656250238418579 0.36666667461395264 0.8666666746139526 0.36851853132247925
1 0.13124999403953552 0.35740742087364197 0.12812499701976776 0.35555556416511536 0.1302083283662796 0.35185185074806213 0.12395833432674408 0.3499999940395355 0.1145833358168602 0.35185185074806213 0.11354167014360428 0.3499999940395355 0.1197916641831398 0.3462963104248047 0.10520832985639572 0.3462963104248047 0.1041666641831398 0.3444444537162781 0.0885416641831398 0.3481481373310089 0.06458333134651184 0.3481481373310089 0.06354166567325592 0.3499999940395355 0.05416666716337204 0.3481481373310089 0.02291666716337204 0.35555556416511536 0.0 0.35555556416511536 0.0 0.364814817905426 0.03437500074505806 0.35740742087364197 0.03958333283662796 0.35370370745658875 0.0520833320915699 0.35370370745658875 0.05312500149011612 0.35555556416511536 0.03750000149011612 0.3629629611968994 0.03229166567325592 0.3629629611968994 0.02083333395421505 0.36851853132247925 0.0 0.3722222149372101 0.0 0.3740740716457367 0.02708333358168602 0.37037035822868347 0.02812499925494194 0.3740740716457367 0.03333333507180214 0.3722222149372101 0.04270833358168602 0.3740740716457367 0.04374999925494194 0.3759259283542633 0.04270833358168602 0.3777777850627899 0.03541666641831398 0.37962964177131653 0.03229166567325592 0.385185182094574 0.03541666641831398 0.385185182094574 0.03854166716337204 0.37962964177131653 0.05104166641831398 0.3759259283542633 0.046875 0.3759259283542633 0.04583333432674408 0.3740740716457367 0.046875 0.3722222149372101 0.05937499925494194 0.3722222149372101 0.06666667014360428 0.36851853132247925 0.06354166567325592 0.364814817905426 0.078125 0.35370370745658875 0.08124999701976776 0.35555556416511536 0.08749999850988388 0.35185185074806213 0.11354167014360428 0.35740742087364197 0.11666666716337204 0.3611111044883728 0.1145833358168602 0.364814817905426 0.12812499701976776 0.3629629611968994
1 0.24583333730697632 0.32777777314186096 0.2239583283662796 0.32777777314186096 0.22291666269302368 0.3296296298503876 0.21666666865348816 0.32777777314186096 0.21458333730697632 0.3314814865589142 0.20624999701976776 0.3314814865589142 0.20520833134651184 0.3333333432674408 0.20104166865348816 0.3333333432674408 0.20000000298023224 0.3314814865589142 0.14687499403953552 0.3314814865589142 0.140625 0.33703702688217163 0.11770833283662796 0.33888888359069824 0.11354167014360428 0.34259259700775146 0.11249999701976776 0.33888888359069824 0.10833333432674408 0.33888888359069824 0.109375 0.34074074029922485 0.11145833134651184 0.33888888359069824 0.11354167014360428 0.34259259700775146 0.14479166269302368 0.3444444537162781 0.1458333283662796 0.3462963104248047 0.1614583283662796 0.3462963104248047 0.16770833730697632 0.34259259700775146 0.17916665971279144 0.34259259700775146 0.18020834028720856 0.34074074029922485 0.23749999701976776 0.34074074029922485 0.2395833283662796 0.33703702688217163 0.24375000596046448 0.33703702688217163 0.24062499403953552 0.3351851999759674 0.23854166269302368 0.33703702688217163 0.22291666269302368 0.33703702688217163 0.22187499701976776 0.3351851999759674 0.2239583283662796 0.3333333432674408 0.21875 0.3333333432674408 0.21770833432674408 0.3314814865589142 0.21875 0.3296296298503876 0.2395833283662796 0.3296296298503876 0.24062499403953552 0.32777777314186096
1 0.6135416626930237 0.3462963104248047 0.6260416507720947 0.3462963104248047 0.6270833611488342 0.3444444537162781 0.6416666507720947 0.3444444537162781 0.6427083611488342 0.3462963104248047 0.6541666388511658 0.3462963104248047 0.6552083492279053 0.3444444537162781 0.65625 0.3462963104248047 0.6614583134651184 0.3462963104248047 0.6645833253860474 0.3499999940395355 0.6708333492279053 0.35185185074806213 0.6739583611488342 0.35740742087364197 0.6697916388511658 0.3611111044883728 0.6614583134651184 0.3611111044883728 0.6604166626930237 0.3629629611968994 0.6416666507720947 0.3629629611968994 0.6385416388511658 0.364814817905426 0.6520833373069763 0.364814817905426 0.653124988079071 0.3629629611968994 0.6833333373069763 0.364814817905426 0.684374988079071 0.36666667461395264 0.6895833611488342 0.36666667461395264 0.6968749761581421 0.38148146867752075 0.7020833492279053 0.38148146867752075 0.703125 0.37962964177131653 0.7072916626930237 0.37962964177131653 0.7083333134651184 0.38148146867752075 0.7114583253860474 0.37962964177131653 0.7229166626930237 0.37962964177131653 0.7239583134651184 0.3777777850627899 0.7208333611488342 0.3722222149372101 0.721875011920929 0.37037035822868347 0.7281249761581421 0.37037035822868347 0.7260416746139526 0.36851853132247925 0.7291666865348816 0.36666667461395264 0.7260416746139526 0.364814817905426 0.7250000238418579 0.3611111044883728 0.7208333611488342 0.3611111044883728 0.71875 0.364814817905426 0.7135416865348816 0.3629629611968994 0.7124999761581421 0.36666667461395264 0.7052083611488342 0.36666667461395264 0.6979166865348816 0.3629629611968994 0.6958333253860474 0.364814817905426 0.6895833611488342 0.3629629611968994 0.6802083253860474 0.35185185074806213 0.6781250238418579 0.33703702688217163 0.6729166507720947 0.3333333432674408 0.6583333611488342 0.3314814865589142 0.65625 0.32777777314186096 0.6520833373069763 0.3314814865589142 0.6458333134651184 0.32777777314186096 0.6354166865348816 0.32777777314186096 0.6343749761581421 0.32592591643333435 0.6166666746139526 0.32407405972480774
1 0.5604166388511658 0.3333333432674408 0.5614583492279053 0.3333333432674408 0.5614583492279053 0.3296296298503876 0.5625 0.32777777314186096 0.5614583492279053 0.32592591643333435 0.5614583492279053 0.32407405972480774 0.5625 0.3222222328186035 0.5666666626930237 0.3222222328186035 0.5677083134651184 0.3203703761100769 0.5687500238418579 0.3203703761100769 0.5697916746139526 0.3222222328186035 0.5708333253860474 0.3203703761100769 0.5729166865348816 0.3203703761100769 0.5739583373069763 0.3185185194015503 0.574999988079071 0.3203703761100769 0.5739583373069763 0.3185185194015503 0.5677083134651184 0.3185185194015503 0.5666666626930237 0.3166666626930237 0.5614583492279053 0.3166666626930237 0.5604166388511658 0.31481480598449707 0.559374988079071 0.31481480598449707 0.559374988079071 0.3222222328186035 0.5604166388511658 0.32407405972480774
1 0.21875 0.3592592477798462 0.23749999701976776 0.3592592477798462 0.23020833730697632 0.364814817905426 0.2864583432674408 0.35740742087364197 0.27395832538604736 0.3722222149372101 0.29895833134651184 0.3759259283542633 0.3062500059604645 0.38333332538604736 0.3541666567325592 0.3777777850627899 0.3864583373069763 0.38333332538604736 0.4124999940395355 0.37037035822868347 0.4010416567325592 0.3611111044883728 0.3656249940395355 0.3592592477798462 0.38749998807907104 0.35740742087364197 0.37812501192092896 0.35370370745658875 0.3958333432674408 0.3499999940395355 0.3864583373069763 0.3481481373310089 0.3895833194255829 0.34259259700775146 0.44062501192092896 0.33888888359069824 0.45520833134651184 0.3462963104248047 0.43437498807907104 0.3592592477798462 0.6229166388511658 0.3611111044883728 0.5895833373069763 0.35555556416511536 0.5052083134651184 0.3611111044883728 0.49687498807907104 0.35370370745658875 0.4749999940395355 0.35740742087364197 0.46666666865348816 0.35185185074806213 0.512499988079071 0.34074074029922485 0.5 0.33888888359069824 0.5010416507720947 0.3296296298503876 0.46145832538604736 0.3296296298503876 0.46041667461395264 0.32407405972480774 0.46666666865348816 0.32407405972480774 0.4520833194255829 0.32407405972480774 0.4468750059604645 0.31481480598449707 0.42500001192092896 0.3222222328186035 0.3479166626930237 0.31481480598449707 0.2979166805744171 0.3314814865589142 0.3114583194255829 0.3351851999759674 0.3072916567325592 0.34259259700775146 0.328125 0.3481481373310089
2 0.9541666507720947 0.5592592358589172 0.9552083611488342 0.5592592358589172 0.9583333134651184 0.5648148059844971 0.9604166746139526 0.5648148059844971 0.9614583253860474 0.5666666626930237 0.9624999761581421 0.5666666626930237 0.9635416865348816 0.5685185194015503 0.965624988079071 0.5685185194015503 0.9666666388511658 0.5703703761100769 0.96875 0.5703703761100769 0.9697916507720947 0.5722222328186035 0.9708333611488342 0.5722222328186035 0.971875011920929 0.5740740895271301 0.9729166626930237 0.5740740895271301 0.9750000238418579 0.5777778029441833 0.9760416746139526 0.5777778029441833 0.9770833253860474 0.5796296000480652 0.9791666865348816 0.5796296000480652 0.9802083373069763 0.5814814567565918 0.9822916388511658 0.5814814567565918 0.9833333492279053 0.5833333134651184 0.984375 0.5833333134651184 0.9854166507720947 0.585185170173645 0.987500011920929 0.585185170173645 0.9885416626930237 0.5870370268821716 0.9906250238418579 0.5870370268821716 0.9916666746139526 0.5888888835906982 0.9937499761581421 0.5888888835906982 0.9947916865348816 0.5907407402992249 0.996874988079071 0.5907407402992249 0.9979166388511658 0.5925925970077515 0.9989583492279053 0.5925925970077515 0.9989583492279053 0.5629629492759705 0.9958333373069763 0.5629629492759705 0.996874988079071 0.5629629492759705 0.9979166388511658 0.5648148059844971 0.996874988079071 0.5666666626930237 0.9947916865348816 0.5666666626930237 0.9937499761581421 0.5648148059844971 0.9906250238418579 0.5648148059844971 0.9895833134651184 0.5629629492759705 0.9906250238418579 0.5611110925674438 0.9895833134651184 0.5629629492759705 0.9864583611488342 0.5629629492759705 0.9854166507720947 0.5611110925674438 0.9854166507720947 0.5629629492759705 0.9864583611488342 0.5648148059844971 0.9854166507720947 0.5666666626930237 0.9833333492279053 0.5666666626930237 0.9822916388511658 0.5648148059844971 0.981249988079071 0.5648148059844971 0.9791666865348816 0.5611110925674438 0.9750000238418579 0.5611110925674438 0.9739583134651184 0.5592592358589172 0.9677083492279053 0.5592592358589172 0.9666666388511658 0.5574073791503906 0.9624999761581421 0.5574073791503906 0.9614583253860474 0.5555555820465088 0.9604166746139526 0.5555555820465088 0.9614583253860474 0.5555555820465088 0.9624999761581421 0.5574073791503906 0.9614583253860474 0.5592592358589172
2 0.9489583373069763 0.5370370149612427 0.949999988079071 0.5388888716697693 0.9520833492279053 0.5388888716697693 0.953125 0.5407407283782959 0.9552083611488342 0.5407407283782959 0.956250011920929 0.5425925850868225 0.9583333134651184 0.5425925850868225 0.9593750238418579 0.5444444417953491 0.9614583253860474 0.5444444417953491 0.9624999761581421 0.5462962985038757 0.971875011920929 0.5462962985038757 0.9697916507720947 0.5462962985038757 0.96875 0.5444444417953491 0.9635416865348816 0.5444444417953491 0.9624999761581421 0.5425925850868225 0.9614583253860474 0.5425925850868225 0.9604166746139526 0.5407407283782959 0.956250011920929 0.5407407283782959 0.9552083611488342 0.5388888716697693 0.953125 0.5388888716697693 0.9520833492279053 0.5370370149612427
2 0.0 0.4055555462837219 0.008333333767950535 0.4055555462837219 0.00937500037252903 0.40740740299224854 0.010416666977107525 0.40740740299224854 0.01145833358168602 0.4055555462837219 0.014583333395421505 0.4055555462837219 0.015625 0.4037036895751953 0.01875000074505806 0.4037036895751953 0.01979166641831398 0.4018518626689911 0.02500000037252903 0.4018518626689911 0.02604166604578495 0.4000000059604645 0.03020833246409893 0.4000000059604645 0.03125 0.39814814925193787 0.03541666641831398 0.39814814925193787 0.0364583320915699 0.39629629254341125 0.0416666679084301 0.39629629254341125 0.04270833358168602 0.39444443583488464 0.04791666567325592 0.39444443583488464 0.04895833507180214 0.39259257912635803 0.05312500149011612 0.39259257912635803 0.05416666716337204 0.3907407522201538 0.06041666492819786 0.3907407522201538 0.04791666567325592 0.3907407522201538 0.046875 0.39259257912635803 0.03854166716337204 0.39259257912635803 0.03750000149011612 0.3907407522201538 0.02916666679084301 0.3907407522201538 0.02812499925494194 0.3888888955116272 0.02604166604578495 0.3888888955116272 0.02500000037252903 0.3870370388031006 0.015625 0.3870370388031006 0.014583333395421505 0.385185182094574 0.004166666883975267 0.385185182094574 0.0031250000465661287 0.38333332538604736 0.0 0.38333332538604736 0.0 0.39259257912635803 0.0010416667209938169 0.3907407522201538 0.0072916666977107525 0.3907407522201538 0.010416666977107525 0.3870370388031006 0.01770833320915699 0.3870370388031006 0.01875000074505806 0.3888888955116272 0.01770833320915699 0.3907407522201538 0.015625 0.3907407522201538 0.015625 0.39259257912635803 0.014583333395421505 0.39444443583488464 0.012500000186264515 0.39444443583488464 0.015625 0.39444443583488464 0.01666666753590107 0.39629629254341125 0.015625 0.39814814925193787 0.00937500037252903 0.39814814925193787 0.008333333767950535 0.4000000059604645 0.0062500000931322575 0.4000000059604645 0.0052083334885537624 0.4018518626689911 0.0 0.4018518626689911
2 0.9145833253860474 0.3759259283542633 0.9166666865348816 0.3759259283542633 0.9177083373069763 0.3777777850627899 0.9177083373069763 0.37962964177131653 0.925000011920929 0.37962964177131653 0.9260416626930237 0.38148146867752075 0.9447916746139526 0.38148146867752075 0.9458333253860474 0.37962964177131653 0.9541666507720947 0.37962964177131653 0.9552083611488342 0.3777777850627899 0.9479166865348816 0.3777777850627899 0.9468749761581421 0.3759259283542633 0.9416666626930237 0.3759259283542633 0.940625011920929 0.3740740716457367 0.9291666746139526 0.3740740716457367 0.9281250238418579 0.3759259283542633 0.9229166507720947 0.3759259283542633 0.921875 0.3777777850627899 0.9177083373069763 0.3777777850627899 0.9166666865348816 0.3759259283542633
2 0.12187500298023224 0.37962964177131653 0.12187500298023224 0.3777777850627899 0.12083332985639572 0.3759259283542633 0.12083332985639572 0.3740740716457367 0.11770833283662796 0.3740740716457367 0.11666666716337204 0.3759259283542633 0.11145833134651184 0.3759259283542633 0.11041666567325592 0.3777777850627899 0.109375 0.3759259283542633 0.10625000298023224 0.3759259283542633 0.10520832985639572 0.3777777850627899 0.09479166567325592 0.3777777850627899 0.09583333134651184 0.3777777850627899 0.09687499701976776 0.37962964177131653 0.09791667014360428 0.37962964177131653 0.10000000149011612 0.38333332538604736 0.10000000149011612 0.3870370388031006 0.10208333283662796 0.3870370388031006 0.10312499850988388 0.385185182094574 0.10833333432674408 0.385185182094574 0.109375 0.38333332538604736 0.1145833358168602 0.38333332538604736 0.11562500149011612 0.38148146867752075 0.11874999850988388 0.38148146867752075 0.1197916641831398 0.37962964177131653
2 0.9989583492279053 0.3777777850627899 0.9989583492279053 0.36666667461395264 0.9927083253860474 0.36666667461395264 0.9916666746139526 0.36851853132247925 0.9708333611488342 0.36851853132247925 0.9729166626930237 0.3722222149372101 0.9770833253860474 0.3722222149372101 0.9781249761581421 0.3740740716457367 0.9885416626930237 0.3740740716457367 0.9895833134651184 0.3759259283542633 0.9947916865348816 0.3759259283542633 0.9958333373069763 0.3777777850627899
2 0.1614583283662796 0.3759259283542633 0.16562500596046448 0.3759259283542633 0.1666666716337204 0.3740740716457367 0.17812499403953552 0.3740740716457367 0.17916665971279144 0.3722222149372101 0.18437500298023224 0.3722222149372101 0.18541666865348816 0.37037035822868347 0.18854166567325592 0.37037035822868347 0.18333333730697632 0.37037035822868347 0.1822916716337204 0.36851853132247925 0.17291666567325592 0.36851853132247925 0.171875 0.36666667461395264 0.1666666716337204 0.36666667461395264 0.16770833730697632 0.36851853132247925 0.16770833730697632 0.3722222149372101 0.16562500596046448 0.3759259283542633
2 0.9989583492279053 0.9111111164093018 0.996874988079071 0.6314814686775208 0.9125000238418579 0.5537037253379822 0.7281249761581421 0.5388888716697693 0.6916666626930237 0.5092592835426331 0.6302083134651184 0.4981481432914734 0.578125 0.43888887763023376 0.6156250238418579 0.4333333373069763 0.6583333611488342 0.4851851761341095 0.7208333611488342 0.520370364189148 0.706250011920929 0.43518519401550293 0.8572916388511658 0.4833333194255829 0.9437500238418579 0.5425925850868225 0.9302083253860474 0.5277777910232544 0.9989583492279053 0.5388888716697693 0.9989583492279053 0.5 0.828125 0.4481481611728668 0.7614583373069763 0.45185184478759766 0.7749999761581421 0.43888887763023376 0.7135416865348816 0.4166666567325592 0.6989583373069763 0.385185182094574 0.8739583492279053 0.3907407522201538 0.8635416626930237 0.3777777850627899 0.8687499761581421 0.3592592477798462 0.7354166507720947 0.35740742087364197 0.7104166746139526 0.38333332538604736 0.6666666865348816 0.364814817905426 0.4385416805744171 0.3592592477798462 0.3739583194255829 0.39444443583488464 0.42500001192092896 0.4037036895751953 0.3177083432674408 0.39814814925193787 0.35729166865348816 0.41296297311782837 0.32604166865348816 0.45185184478759766 0.26354166865348816 0.4703703820705414 0.2708333432674408 0.5 0.23125000298023224 0.5222222208976746 0.31562501192092896 0.5111111402511597 0.2854166626930237 0.5574073791503906 0.3031249940395355 0.5592592358589172 0.31458333134651184 0.5981481671333313 0.38749998807907104 0.5740740895271301 0.484375 0.5888888835906982 0.546875 0.5629629492759705 0.7020833492279053 0.5611110925674438 0.7604166865348816 0.6370370388031006 0.796875 0.6388888955116272 0.8687499761581421 0.6962962746620178
2 0.6854166388511658 0.35555556416511536 0.6864583492279053 0.35740742087364197 0.6875 0.35740742087364197 0.6895833611488342 0.3611111044883728 0.6927083134651184 0.3611111044883728 0.6937500238418579 0.3629629611968994 0.6958333253860474 0.3629629611968994 0.6968749761581421 0.3611111044883728 0.6979166865348816 0.3611111044883728 0.6989583373069763 0.3629629611968994 0.7041666507720947 0.3629629611968994 0.7052083611488342 0.364814817905426 0.7124999761581421 0.364814817905426 0.7124999761581421 0.3629629611968994 0.7135416865348816 0.3611111044883728 0.7166666388511658 0.3611111044883728 0.7177083492279053 0.3629629611968994 0.71875 0.3629629611968994 0.7197916507720947 0.3611111044883728 0.7104166746139526 0.3611111044883728 0.7093750238418579 0.3592592477798462 0.7052083611488342 0.3592592477798462 0.7041666507720947 0.35740742087364197 0.6979166865348816 0.35740742087364197 0.6968749761581421 0.35555556416511536
2 0.04062499850988388 0.3462963104248047 0.0364583320915699 0.3462963104248047 0.03541666641831398 0.3444444537162781 0.03333333507180214 0.3444444537162781 0.03229166567325592 0.3462963104248047 0.01979166641831398 0.3462963104248047 0.01875000074505806 0.3481481373310089 0.0010416667209938169 0.3481481373310089 0.004166666883975267 0.3481481373310089 0.0052083334885537624 0.3499999940395355 0.01145833358168602 0.3499999940395355 0.012500000186264515 0.35185185074806213 0.01145833358168602 0.35370370745658875 0.0 0.35370370745658875 0.02291666716337204 0.35370370745658875 0.02395833283662796 0.35185185074806213 0.03125 0.35185185074806213 0.012500000186264515 0.35185185074806213 0.01145833358168602 0.3499999940395355 0.012500000186264515 0.3481481373310089 0.02187499962747097 0.3481481373310089 0.02291666716337204 0.3462963104248047
2 0.16249999403953552 0.3462963104248047 0.17916665971279144 0.3499999940395355 0.20624999701976776 0.3481481373310089 0.20729166269302368 0.3499999940395355 0.20416666567325592 0.35185185074806213 0.21145834028720856 0.35370370745658875 0.21875 0.35185185074806213 0.22187499701976776 0.35370370745658875 0.22187499701976776 0.35740742087364197 0.21145834028720856 0.35740742087364197 0.21145834028720856 0.364814817905426 0.2083333283662796 0.36666667461395264 0.21979166567325592 0.36851853132247925 0.23020833730697632 0.3611111044883728 0.24270834028720856 0.3592592477798462 0.21979166567325592 0.3629629611968994 0.21770833432674408 0.3592592477798462 0.23125000298023224 0.35370370745658875 0.24791666865348816 0.35740742087364197 0.2604166567325592 0.35185185074806213 0.29374998807907104 0.3462963104248047 0.30520832538604736 0.34074074029922485 0.3031249940395355 0.33888888359069824 0.31041666865348816 0.3351851999759674 0.2906250059604645 0.3333333432674408 0.2906250059604645 0.3296296298503876 0.31458333134651184 0.32592591643333435 0.27812498807907104 0.32777777314186096 0.2604166567325592 0.32407405972480774 0.23125000298023224 0.32407405972480774 0.25312501192092896 0.32407405972480774 0.25312501192092896 0.32777777314186096 0.2395833283662796 0.3314814865589142 0.21875 0.3314814865589142 0.2239583283662796 0.3314814865589142 0.22499999403953552 0.3333333432674408 0.22291666269302368 0.3351851999759674 0.24687500298023224 0.3314814865589142 0.24895833432674408 0.3351851999759674 0.2562499940395355 0.3351851999759674 0.25 0.33888888359069824 0.2395833283662796 0.33888888359069824 0.23749999701976776 0.34259259700775146 0.18020834028720856 0.34259259700775146
2 0.4677083194255829 0.35185185074806213 0.4749999940395355 0.35555556416511536 0.49687498807907104 0.35185185074806213 0.5010416507720947 0.35740742087364197 0.5052083134651184 0.3592592477798462 0.5177083611488342 0.3592592477798462 0.5197916626930237 0.35555556416511536 0.5291666388511658 0.35555556416511536 0.534375011920929 0.3592592477798462 0.5385416746139526 0.3592592477798462 0.5489583611488342 0.35370370745658875 0.5562499761581421 0.35740742087364197 0.5666666626930237 0.35740742087364197 0.5708333253860474 0.35370370745658875 0.5895833373069763 0.35370370745658875 0.5989583134651184 0.3499999940395355 0.6114583611488342 0.3499999940395355 0.6166666746139526 0.3185185194015503 0.6156250238418579 0.3203703761100769 0.6135416626930237 0.3185185194015503 0.5833333134651184 0.3185185194015503 0.5822916626930237 0.3203703761100769 0.574999988079071 0.3185185194015503 0.5697916746139526 0.32407405972480774 0.5687500238418579 0.3222222328186035 0.5625 0.32407405972480774 0.5635416507720947 0.32777777314186096 0.5614583492279053 0.3351851999759674 0.559374988079071 0.3333333432674408 0.559374988079071 0.32407405972480774 0.5583333373069763 0.3185185194015503 0.5562499761581421 0.3166666626930237 0.546875 0.3166666626930237 0.5458333492279053 0.3185185194015503 0.518750011920929 0.3166666626930237 0.5197916626930237 0.3185185194015503 0.518750011920929 0.3203703761100769 0.5145833492279053 0.3185185194015503 0.5093749761581421 0.3222222328186035 0.5010416507720947 0.3222222328186035 0.5 0.32407405972480774 0.4697916805744171 0.32592591643333435 0.46875 0.32777777314186096 0.4729166626930237 0.3296296298503876 0.5010416507720947 0.32777777314186096 0.5020833611488342 0.3296296298503876 0.5 0.3314814865589142 0.5 0.33703702688217163 0.5135416388511658 0.34074074029922485 0.5020833611488342 0.3444444537162781 0.5 0.3481481373310089
3 0.21145834028720856 0.3592592477798462 0.21041665971279144 0.35555556416511536 0.203125 0.35185185074806213 0.19062499701976776 0.35185185074806213 0.1822916716337204 0.35555556416511536 0.18020834028720856 0.35185185074806213 0.16770833730697632 0.3499999940395355 0.15416666865348816 0.35740742087364197 0.15000000596046448 0.35185185074806213 0.13645833730697632 0.35185185074806213 0.12812499701976776 0.364814817905426 0.1145833358168602 0.36666667461395264 0.11354167014360428 0.364814817905426 0.11562500149011612 0.3611111044883728 0.11354167014360428 0.3592592477798462 0.0885416641831398 0.35555556416511536 0.08749999850988388 0.35370370745658875 0.08124999701976776 0.35740742087364197 0.08020833134651184 0.35555556416511536 0.07500000298023224 0.35740742087364197 0.06979166716337204 0.3629629611968994 0.06458333134651184 0.364814817905426 0.0677083358168602 0.36851853132247925 0.06666667014360428 0.37037035822868347 0.0416666679084301 0.37962964177131653 0.0364583320915699 0.385185182094574 0.03854166716337204 0.3907407522201538 0.046875 0.3907407522201538 0.05104166641831398 0.3870370388031006 0.0625 0.3870370388031006 0.06354166567325592 0.385185182094574 0.06666667014360428 0.385185182094574 0.06875000149011612 0.3907407522201538 0.08229167014360428 0.3907407522201538 0.0989583358168602 0.3870370388031006 0.09791667014360428 0.38148146867752075 0.09166666865348816 0.3759259283542633 0.08124999701976776 0.3759259283542633 0.08020833134651184 0.3740740716457367 0.08124999701976776 0.3722222149372101 0.10208333283662796 0.36851853132247925 0.10312499850988388 0.37037035822868347 0.10208333283662796 0.3759259283542633 0.10625000298023224 0.3740740716457367 0.11041666567325592 0.3759259283542633 0.12083332985639572 0.3722222149372101 0.12395833432674408 0.37962964177131653 0.13124999403953552 0.3759259283542633 0.16041666269302368 0.3759259283542633 0.16562500596046448 0.3740740716457367 0.1666666716337204 0.364814817905426 0.17499999701976776 0.364814817905426 0.18333333730697632 0.36851853132247925 0.20208333432674408 0.36666667461395264 0.203125 0.364814817905426 0.20729166269302368 0.36666667461395264 0.21041665971279144 0.364814817905426
4 0.09166666865348816 0.442592591047287 0.09270833432674408 0.4444444477558136 0.10625000298023224 0.4444444477558136 0.10729166865348816 0.4462963044643402 0.11666666716337204 0.4462963044643402 0.11770833283662796 0.4444444477558136 0.1302083283662796 0.4444444477558136 0.13124999403953552 0.442592591047287 0.1354166716337204 0.442592591047287 0.13645833730697632 0.4407407343387604 0.13958333432674408 0.4407407343387604 0.140625 0.43888887763023376 0.14270833134651184 0.43888887763023376 0.14374999701976776 0.43703705072402954 0.1458333283662796 0.43703705072402954 0.1354166716337204 0.43703705072402954 0.13437500596046448 0.43888887763023376 0.13229165971279144 0.43888887763023376 0.13124999403953552 0.4407407343387604 0.12395833432674408 0.4407407343387604 0.12083332985639572 0.43518519401550293 0.12083332985639572 0.4314814805984497 0.1197916641831398 0.4296296238899231 0.11874999850988388 0.4296296238899231 0.11770833283662796 0.4277777671813965 0.11041666567325592 0.4277777671813965 0.109375 0.4296296238899231 0.10312499850988388 0.4296296238899231 0.10208333283662796 0.4314814805984497 0.10000000149011612 0.4314814805984497 0.0989583358168602 0.4333333373069763 0.09687499701976776 0.4333333373069763 0.09583333134651184 0.43518519401550293 0.09479166567325592 0.43518519401550293 0.09375 0.43703705072402954 0.09270833432674408 0.43703705072402954 0.09270833432674408 0.43888887763023376 0.09166666865348816 0.4407407343387604
4 0.1927083283662796 0.41111111640930176 0.18541666865348816 0.41111111640930176 0.18437500298023224 0.41296297311782837 0.1770833283662796 0.41296297311782837 0.17604166269302368 0.4148148000240326 0.17499999701976776 0.4148148000240326 0.17604166269302368 0.4166666567325592 0.1770833283662796 0.4148148000240326 0.17812499403953552 0.4148148000240326 0.17916665971279144 0.4166666567325592 0.18333333730697632 0.4166666567325592 0.18437500298023224 0.4148148000240326 0.19062499701976776 0.4148148000240326 0.19062499701976776 0.41296297311782837 0.19166666269302368 0.41111111640930176
