0 0.2718749940395355 0.5574073791503906 0.2708333432674408 0.5555555820465088 0.2708333432674408 0.5574073791503906 0.2697916626930237 0.5592592358589172 0.26875001192092896 0.5574073791503906 0.26770833134651184 0.5592592358589172 0.265625 0.5592592358589172 0.2645833194255829 0.5611110925674438 0.26354166865348816 0.5611110925674438 0.26249998807907104 0.5629629492759705 0.2604166567325592 0.5629629492759705 0.2593750059604645 0.5648148059844971 0.25729167461395264 0.5648148059844971 0.2562499940395355 0.5666666626930237 0.2541666626930237 0.5666666626930237 0.25312501192092896 0.5685185194015503 0.25 0.5685185194015503 0.24895833432674408 0.5703703761100769 0.24687500298023224 0.5703703761100769 0.24583333730697632 0.5722222328186035 0.24270834028720856 0.5722222328186035 0.24166665971279144 0.5740740895271301 0.23854166269302368 0.5740740895271301 0.23749999701976776 0.5759259462356567 0.234375 0.5759259462356567 0.24062499403953552 0.5759259462356567 0.24166665971279144 0.5740740895271301 0.24583333730697632 0.5740740895271301 0.24687500298023224 0.5722222328186035 0.25 0.5722222328186035 0.2510416805744171 0.5703703761100769 0.25312501192092896 0.5703703761100769 0.2541666626930237 0.5685185194015503 0.2562499940395355 0.5685185194015503 0.25729167461395264 0.5666666626930237 0.25833332538604736 0.5666666626930237 0.2593750059604645 0.5648148059844971 0.2614583373069763 0.5648148059844971 0.26249998807907104 0.5629629492759705 0.26354166865348816 0.5629629492759705 0.2645833194255829 0.5611110925674438 0.26770833134651184 0.5611110925674438 0.26875001192092896 0.5592592358589172 0.2718749940395355 0.5592592358589172
0 0.0 0.5388888716697693 0.01875000074505806 0.5166666507720947 0.04062499850988388 0.5 0.06145833432674408 0.47777777910232544 0.09479166567325592 0.4611110985279083 0.12708333134651184 0.43518519401550293 0.10208333283662796 0.4407407343387604 0.09687499701976776 0.44999998807907104 0.09375 0.44999998807907104 0.09270833432674408 0.4481481611728668 0.09375 0.4407407343387604 0.10208333283662796 0.4314814805984497 0.11354167014360428 0.4296296238899231 0.12083332985639572 0.4333333373069763 0.12812499701976776 0.4296296238899231 0.11354167014360428 0.4296296238899231 0.1041666641831398 0.42592594027519226 0.09062500298023224 0.4277777671813965 0.07083333283662796 0.42407408356666565 0.04479166492819786 0.42407408356666565 0.046875 0.42592594027519226 0.0416666679084301 0.4296296238899231 0.03020833246409893 0.4296296238899231 0.014583333395421505 0.43518519401550293 0.010416666977107525 0.4333333373069763 0.0052083334885537624 0.43703705072402954 0.0 0.43703705072402954 0.0 0.48148149251937866 0.02604166604578495 0.47777777910232544 0.03229166567325592 0.4833333194255829 0.01979166641831398 0.49444442987442017 0.0010416667209938169 0.5018518567085266 0.0 0.5037037134170532
0 0.23541666567325592 0.36666667461395264 0.23333333432674408 0.36666667461395264 0.23229166865348816 0.364814817905426 0.23229166865348816 0.3629629611968994 0.23020833730697632 0.3629629611968994 0.2291666716337204 0.3611111044883728 0.22708334028720856 0.3611111044883728 0.22604165971279144 0.3629629611968994 0.22499999403953552 0.3629629611968994 0.22291666269302368 0.36666667461395264 0.21770833432674408 0.36666667461395264 0.21666666865348816 0.364814817905426 0.21562500298023224 0.364814817905426 0.21666666865348816 0.364814817905426 0.21770833432674408 0.36666667461395264 0.21666666865348816 0.36851853132247925 0.20937499403953552 0.36851853132247925 0.2083333283662796 0.36666667461395264 0.20937499403953552 0.36851853132247925 0.21875 0.36851853132247925 0.21979166567325592 0.36666667461395264
0 0.11354167014360428 0.3629629611968994 0.10729166865348816 0.3629629611968994 0.10625000298023224 0.364814817905426 0.10520832985639572 0.364814817905426 0.10312499850988388 0.3611111044883728 0.10208333283662796 0.3629629611968994 0.0989583358168602 0.3629629611968994 0.09791667014360428 0.3611111044883728 0.09375 0.3611111044883728 0.09270833432674408 0.3629629611968994 0.08749999850988388 0.3629629611968994 0.08645833283662796 0.364814817905426 0.08124999701976776 0.364814817905426 0.08020833134651184 0.36666667461395264 0.07500000298023224 0.36666667461395264 0.07395832985639572 0.36851853132247925 0.06666667014360428 0.36851853132247925 0.06666667014360428 0.37037035822868347 0.06562499701976776 0.3722222149372101 0.06354166567325592 0.3722222149372101 0.0625 0.3740740716457367 0.0572916679084301 0.3740740716457367 0.05520833283662796 0.3777777850627899 0.05312500149011612 0.3777777850627899 0.05833333358168602 0.3777777850627899 0.05833333358168602 0.3759259283542633 0.05937499925494194 0.3740740716457367 0.06458333134651184 0.3740740716457367 0.06666667014360428 0.37037035822868347 0.07187499850988388 0.37037035822868347 0.0729166641831398 0.3722222149372101 0.078125 0.3722222149372101 0.07916666567325592 0.37037035822868347 0.08020833134651184 0.37037035822868347 0.08124999701976776 0.36851853132247925 0.08749999850988388 0.36851853132247925 0.0885416641831398 0.37037035822868347 0.09687499701976776 0.37037035822868347 0.09791667014360428 0.36851853132247925 0.10208333283662796 0.36851853132247925 0.10312499850988388 0.36666667461395264 0.10520832985639572 0.36666667461395264 0.10625000298023224 0.36851853132247925 0.10729166865348816 0.36666667461395264 0.11041666567325592 0.36666667461395264 0.11145833134651184 0.364814817905426 0.11249999701976776 0.364814817905426
0 0.9281250238418579 0.364814817905426 0.9364583492279053 0.364814817905426 0.9395833611488342 0.36851853132247925 0.9437500238418579 0.36851853132247925 0.9447916746139526 0.37037035822868347 0.9479166865348816 0.37037035822868347 0.9489583373069763 0.3722222149372101 0.9572916626930237 0.3722222149372101 0.9583333134651184 0.3740740716457367 0.9677083492279053 0.3740740716457367 0.96875 0.3759259283542633 0.9770833253860474 0.3759259283542633 0.9781249761581421 0.3777777850627899 0.9916666746139526 0.37962964177131653 0.9927083253860474 0.38148146867752075 0.996874988079071 0.38148146867752075 0.9989583492279053 0.38333332538604736 0.9989583492279053 0.364814817905426 0.9947916865348816 0.364814817905426 0.9937499761581421 0.3629629611968994 0.9885416626930237 0.3629629611968994 0.987500011920929 0.3611111044883728 0.984375 0.3611111044883728 0.9833333492279053 0.3629629611968994 0.9739583134651184 0.3629629611968994 0.9729166626930237 0.3611111044883728 0.9583333134651184 0.3611111044883728 0.9572916626930237 0.3592592477798462 0.9468749761581421 0.3592592477798462 0.9458333253860474 0.35740742087364197 0.9375 0.35740742087364197 0.9427083134651184 0.35740742087364197 0.9437500238418579 0.3592592477798462 0.9520833492279053 0.3592592477798462 0.953125 0.3611111044883728 0.9624999761581421 0.3611111044883728 0.9635416865348816 0.3629629611968994 0.9677083492279053 0.3629629611968994 0.96875 0.364814817905426 0.9677083492279053 0.36666667461395264 0.9593750238418579 0.36666667461395264 0.9583333134651184 0.364814817905426 0.949999988079071 0.364814817905426 0.9520833492279053 0.36851853132247925 0.9510416388511658 0.3722222149372101 0.9489583373069763 0.3722222149372101 0.9479166865348816 0.37037035822868347 0.9447916746139526 0.37037035822868347 0.9437500238418579 0.36851853132247925 0.9447916746139526 0.364814817905426 0.9468749761581421 0.364814817905426 0.9479166865348816 0.3629629611968994 0.9395833611488342 0.3629629611968994 0.9385416507720947 0.364814817905426
0 0.10520832985639572 0.35185185074806213 0.07500000298023224 0.35185185074806213 0.07395832985639572 0.3499999940395355 0.06666667014360428 0.3499999940395355 0.06562499701976776 0.35185185074806213 0.0572916679084301 0.35185185074806213 0.05624999850988388 0.35370370745658875 0.0520833320915699 0.35370370745658875 0.05104166641831398 0.35185185074806213 0.04895833507180214 0.35370370745658875 0.03958333283662796 0.35370370745658875 0.03854166716337204 0.35185185074806213 0.02083333395421505 0.35185185074806213 0.01979166641831398 0.35370370745658875 0.01145833358168602 0.35370370745658875 0.00937500037252903 0.35185185074806213 0.008333333767950535 0.35370370745658875 0.0 0.35370370745658875 0.0 0.3592592477798462 0.0010416667209938169 0.35740742087364197 0.0072916666977107525 0.35740742087364197 0.008333333767950535 0.3592592477798462 0.0 0.3629629611968994 0.01666666753590107 0.3611111044883728 0.02500000037252903 0.35740742087364197 0.02604166604578495 0.3592592477798462 0.03229166567325592 0.35555556416511536 0.05937499925494194 0.35555556416511536 0.06041666492819786 0.35740742087364197 0.05520833283662796 0.3611111044883728 0.04895833507180214 0.3611111044883728 0.05104166641831398 0.3611111044883728 0.0520833320915699 0.3629629611968994 0.05104166641831398 0.364814817905426 0.0364583320915699 0.364814817905426 0.03437500074505806 0.3629629611968994 0.03020833246409893 0.36666667461395264 0.0020833334419876337 0.36851853132247925 0.0 0.37037035822868347 0.0 0.3759259283542633 0.03125 0.3722222149372101 0.03229166567325592 0.37037035822868347 0.03958333283662796 0.37037035822868347 0.04062499850988388 0.36851853132247925 0.05416666716337204 0.36666667461395264 0.05520833283662796 0.364814817905426 0.06145833432674408 0.36666667461395264 0.0625 0.3629629611968994 0.0833333358168602 0.3592592477798462 0.08749999850988388 0.35555556416511536 0.09583333134651184 0.35555556416511536 0.09687499701976776 0.35370370745658875
0 0.28958332538604736 0.3499999940395355 0.2395833283662796 0.3333333432674408 0.21145834028720856 0.3296296298503876 0.2135416716337204 0.3314814865589142 0.19166666269302368 0.3444444537162781 0.18437500298023224 0.3444444537162781 0.18333333730697632 0.33703702688217163 0.16979166865348816 0.3351851999759674 0.16249999403953552 0.33888888359069824 0.17083333432674408 0.34259259700775146 0.17291666567325592 0.3462963104248047 0.171875 0.3499999940395355 0.15000000596046448 0.3481481373310089 0.15000000596046448 0.3444444537162781 0.15520833432674408 0.34259259700775146 0.13958333432674408 0.3499999940395355 0.11874999850988388 0.35370370745658875 0.12395833432674408 0.35555556416511536 0.125 0.3611111044883728 0.14166666567325592 0.35740742087364197 0.14374999701976776 0.3592592477798462 0.14270833134651184 0.35740742087364197 0.1458333283662796 0.35370370745658875 0.15208333730697632 0.35740742087364197 0.1458333283662796 0.3592592477798462 0.15937499701976776 0.3592592477798462 0.16562500596046448 0.35555556416511536 0.17812499403953552 0.3611111044883728 0.17604166269302368 0.3629629611968994 0.19062499701976776 0.364814817905426 0.1927083283662796 0.3629629611968994 0.1927083283662796 0.35740742087364197 0.18645833432674408 0.35740742087364197 0.18333333730697632 0.35370370745658875 0.1979166716337204 0.34074074029922485 0.20000000298023224 0.3444444537162781 0.2083333283662796 0.3462963104248047 0.22187499701976776 0.3444444537162781 0.22499999403953552 0.3499999940395355 0.21666666865348816 0.35370370745658875 0.2083333283662796 0.35185185074806213 0.20729166269302368 0.35555556416511536 0.20104166865348816 0.35555556416511536 0.20416666567325592 0.3592592477798462 0.21250000596046448 0.35740742087364197 0.21770833432674408 0.35185185074806213 0.22499999403953552 0.35370370745658875 0.23749999701976776 0.3499999940395355 0.2395833283662796 0.35370370745658875 0.23229166865348816 0.35555556416511536 0.26249998807907104 0.35185185074806213 0.27395832538604736 0.35740742087364197
0 0.8270833492279053 0.32777777314186096 0.8302083611488342 0.32777777314186096 0.831250011920929 0.3296296298503876 0.8416666388511658 0.3296296298503876 0.8427083492279053 0.3314814865589142 0.8489583134651184 0.3314814865589142 0.8500000238418579 0.3296296298503876 0.8510416746139526 0.3314814865589142 0.856249988079071 0.3314814865589142 0.856249988079071 0.3296296298503876 0.8458333611488342 0.3296296298503876 0.8447916507720947 0.32777777314186096
0 0.9989583492279053 0.4000000059604645 0.7645833492279053 0.32407405972480774 0.7270833253860474 0.3333333432674408 0.7989583611488342 0.35370370745658875 0.6947916746139526 0.35370370745658875 0.6312500238418579 0.39259257912635803 0.578125 0.3722222149372101 0.5041666626930237 0.3888888955116272 0.4749999940395355 0.37037035822868347 0.4260416626930237 0.38333332538604736 0.46041667461395264 0.39444443583488464 0.4052083194255829 0.39259257912635803 0.4177083373069763 0.41111111640930176 0.39270833134651184 0.3907407522201538 0.4000000059604645 0.4055555462837219 0.390625 0.41296297311782837 0.41979166865348816 0.41111111640930176 0.43958333134651184 0.43888887763023376 0.24895833432674408 0.5055555701255798 0.2770833373069763 0.5092592835426331 0.2906250059604645 0.5592592358589172 0.26354166865348816 0.614814817905426 0.27812498807907104 0.6555555462837219 0.25 0.9259259104728699 0.38333332538604736 0.5277777910232544 0.4781250059604645 0.5092592835426331 0.5760416388511658 0.5222222208976746 0.6333333253860474 0.4981481432914734 0.6864583492279053 0.5333333611488342 0.7895833253860474 0.664814829826355 0.9989583492279053 0.8759258985519409 0.9989583492279053 0.6962962746620178 0.668749988079071 0.5 0.6895833611488342 0.49259260296821594 0.6510416865348816 0.4722222089767456 0.8062499761581421 0.5018518567085266 0.9572916626930237 0.4962962865829468 0.9624999761581421 0.43888887763023376 0.8947916626930237 0.37962964177131653
0 0.8416666388511658 0.3222222328186035 0.8447916507720947 0.3222222328186035 0.8500000238418579 0.32592591643333435 0.8604166507720947 0.32592591643333435 0.8677083253860474 0.3314814865589142 0.8697916865348816 0.3314814865589142 0.8708333373069763 0.3296296298503876 0.8739583492279053 0.3296296298503876 0.875 0.3314814865589142 0.8885416388511658 0.3314814865589142 0.8895833492279053 0.3333333432674408 0.8885416388511658 0.33703702688217163 0.887499988079071 0.3351851999759674 0.8802083134651184 0.3351851999759674 0.878125011920929 0.33888888359069824 0.8666666746139526 0.33888888359069824 0.8656250238418579 0.34074074029922485 0.8541666865348816 0.33888888359069824 0.862500011920929 0.34074074029922485 0.8635416626930237 0.34259259700775146 0.8666666746139526 0.34259259700775146 0.8677083253860474 0.34074074029922485 0.8791666626930237 0.34074074029922485 0.8843749761581421 0.3444444537162781 0.8885416388511658 0.3444444537162781 0.8927083611488342 0.3481481373310089 0.8947916626930237 0.3444444537162781 0.8989583253860474 0.34074074029922485 0.9010416865348816 0.34074074029922485 0.90625 0.3351851999759674 0.8958333134651184 0.3333333432674408 0.8979166746139526 0.3333333432674408 0.8989583253860474 0.3351851999759674 0.8979166746139526 0.33703702688217163 0.893750011920929 0.33703702688217163 0.8927083611488342 0.3351851999759674 0.8927083611488342 0.3314814865589142 0.887499988079071 0.3314814865589142 0.8864583373069763 0.3296296298503876 0.887499988079071 0.32777777314186096 0.90625 0.32777777314186096 0.9072916507720947 0.3296296298503876 0.9135416746139526 0.3296296298503876 0.9177083373069763 0.32592591643333435 0.9156249761581421 0.32592591643333435 0.9145833253860474 0.32407405972480774 0.909375011920929 0.32407405972480774 0.9083333611488342 0.3222222328186035 0.9020833373069763 0.3222222328186035 0.9010416865348816 0.3203703761100769 0.8968750238418579 0.3222222328186035 0.8958333134651184 0.32407405972480774 0.8968750238418579 0.32592591643333435 0.8958333134651184 0.32777777314186096 0.893750011920929 0.32777777314186096 0.8927083611488342 0.32592591643333435 0.8812500238418579 0.32592591643333435 0.8802083134651184 0.32407405972480774 0.8645833134651184 0.32407405972480774 0.8635416626930237 0.3222222328186035 0.856249988079071 0.3222222328186035 0.8552083373069763 0.3203703761100769
1 0.008333333767950535 0.9814814925193787 0.0031250000465661287 0.9814814925193787 0.0020833334419876337 0.979629635810852 0.0 0.979629635810852 0.0 0.9981481432914734 0.0020833334419876337 0.9944444298744202 0.0031250000465661287 0.9944444298744202 0.0062500000931322575 0.9888888597488403 0.0072916666977107525 0.9888888597488403 0.00937500037252903 0.9851852059364319 0.008333333767950535 0.9833333492279053
1 0.8135416507720947 0.9407407641410828 0.8135416507720947 0.9444444179534912 0.8145833611488342 0.9462962746620178 0.8145833611488342 0.9481481313705444 0.8166666626930237 0.9518518447875977 0.8197916746139526 0.9537037014961243 0.8260416388511658 0.9648148417472839 0.8270833492279053 0.9648148417472839 0.8322916626930237 0.9722222089767456 0.8385416865348816 0.9722222089767456 0.8364583253860474 0.9685184955596924 0.8374999761581421 0.9666666388511658 0.8385416865348816 0.9666666388511658 0.840624988079071 0.970370352268219 0.84375 0.970370352268219 0.8510416746139526 0.9833333492279053 0.8541666865348816 0.9833333492279053 0.8572916388511658 0.9888888597488403 0.8583333492279053 0.9888888597488403 0.859375 0.9907407164573669 0.862500011920929 0.9925925731658936 0.8656250238418579 0.9981481432914734 0.8833333253860474 0.9981481432914734 0.8812500238418579 0.9981481432914734 0.8802083134651184 0.9962962865829468 0.8791666626930237 0.9962962865829468 0.878125011920929 0.9944444298744202 0.8770833611488342 0.9944444298744202 0.8739583492279053 0.9907407164573669 0.871874988079071 0.9907407164573669 0.8708333373069763 0.9888888597488403 0.8697916865348816 0.9888888597488403 0.8687499761581421 0.9870370626449585 0.8677083253860474 0.9870370626449585 0.8666666746139526 0.9851852059364319 0.8656250238418579 0.9851852059364319 0.8645833134651184 0.9833333492279053 0.8635416626930237 0.9833333492279053 0.862500011920929 0.9814814925193787 0.8614583611488342 0.9814814925193787 0.8604166507720947 0.979629635810852 0.859375 0.979629635810852 0.856249988079071 0.9759259223937988 0.8541666865348816 0.9759259223937988 0.8531249761581421 0.9740740656852722 0.8520833253860474 0.9740740656852722 0.8489583134651184 0.970370352268219 0.846875011920929 0.970370352268219 0.8458333611488342 0.9685184955596924 0.84375 0.9685184955596924 0.8427083492279053 0.9666666388511658 0.8416666388511658 0.9666666388511658 0.840624988079071 0.9648148417472839 0.8395833373069763 0.9648148417472839 0.8385416865348816 0.9629629850387573 0.8354166746139526 0.9611111283302307 0.8333333134651184 0.9574074149131775 0.8322916626930237 0.9574074149131775 0.8291666507720947 0.9518518447875977 0.828125 0.9518518447875977 0.824999988079071 0.9462962746620178 0.8239583373069763 0.9462962746620178 0.8208333253860474 0.9425926208496094 0.8177083134651184 0.9425926208496094 0.8166666626930237 0.9407407641410828
1 0.03854166716337204 0.914814829826355 0.03437500074505806 0.914814829826355 0.03333333507180214 0.9166666865348816 0.02916666679084301 0.9166666865348816 0.02812499925494194 0.9185185432434082 0.02291666716337204 0.9185185432434082 0.02187499962747097 0.9203703999519348 0.01666666753590107 0.9203703999519348 0.015625 0.9222221970558167 0.00937500037252903 0.9222221970558167 0.008333333767950535 0.9240740537643433 0.0031250000465661287 0.9240740537643433 0.0020833334419876337 0.9259259104728699 0.0 0.9259259104728699 0.0 0.9611111283302307 0.004166666883975267 0.9537037014961243 0.004166666883975267 0.9518518447875977 0.0052083334885537624 0.949999988079071 0.0072916666977107525 0.949999988079071 0.008333333767950535 0.9481481313705444 0.008333333767950535 0.9462962746620178 0.00937500037252903 0.9444444179534912 0.01145833358168602 0.9444444179534912 0.012500000186264515 0.9425926208496094 0.01354166679084301 0.9425926208496094 0.015625 0.9388889074325562 0.01666666753590107 0.9388889074325562 0.01770833320915699 0.9370370507240295 0.01875000074505806 0.9370370507240295 0.01979166641831398 0.9351851940155029 0.02083333395421505 0.9351851940155029 0.02500000037252903 0.9277777671813965 0.02604166604578495 0.9277777671813965 0.02708333358168602 0.9259259104728699 0.02812499925494194 0.9259259104728699 0.02916666679084301 0.9240740537643433 0.03020833246409893 0.9240740537643433 0.03229166567325592 0.9203703999519348 0.03333333507180214 0.9203703999519348 0.03437500074505806 0.9185185432434082 0.03541666641831398 0.9185185432434082 0.03750000149011612 0.914814829826355
1 0.12291666865348816 0.9351851940155029 0.12083332985639572 0.9351851940155029 0.11666666716337204 0.9407407641410828 0.11145833134651184 0.9407407641410828 0.10312499850988388 0.9481481313705444 0.10104166716337204 0.9481481313705444 0.09270833432674408 0.9555555582046509 0.08749999850988388 0.9629629850387573 0.08229167014360428 0.9629629850387573 0.08124999701976776 0.9611111283302307 0.08124999701976776 0.9574074149131775 0.08749999850988388 0.9462962746620178 0.09791667014360428 0.9351851940155029 0.10625000298023224 0.9222221970558167 0.10520832985639572 0.9166666865348816 0.11041666567325592 0.9037036895751953 0.10833333432674408 0.9018518328666687 0.109375 0.8999999761581421 0.10729166865348816 0.8999999761581421 0.1041666641831398 0.9037036895751953 0.09791667014360428 0.9037036895751953 0.09166666865348816 0.9092592597007751 0.09062500298023224 0.9074074029922485 0.08749999850988388 0.9092592597007751 0.07708333432674408 0.9203703999519348 0.07604166865348816 0.9185185432434082 0.07083333283662796 0.9222221970558167 0.05624999850988388 0.9259259104728699 0.04895833507180214 0.9314814805984497 0.04270833358168602 0.9314814805984497 0.03541666641831398 0.9388889074325562 0.03229166567325592 0.9481481313705444 0.02812499925494194 0.9555555582046509 0.02708333358168602 0.9666666388511658 0.02395833283662796 0.970370352268219 0.02812499925494194 0.970370352268219 0.02916666679084301 0.9685184955596924 0.03020833246409893 0.9722222089767456 0.03437500074505806 0.9722222089767456 0.03750000149011612 0.9759259223937988 0.03958333283662796 0.9759259223937988 0.04270833358168602 0.9814814925193787 0.0416666679084301 0.9870370626449585 0.03541666641831398 0.9981481432914734 0.06354166567325592 0.9981481432914734 0.07187499850988388 0.9851852059364319 0.10104166716337204 0.9611111283302307
1 0.14687499403953552 0.8277778029441833 0.1510416716337204 0.8277778029441833 0.15208333730697632 0.8259259462356567 0.15312500298023224 0.8259259462356567 0.15416666865348816 0.8240740895271301 0.15520833432674408 0.8240740895271301 0.15625 0.8222222328186035 0.15729166567325592 0.8222222328186035 0.16562500596046448 0.8074073791503906 0.16354165971279144 0.8037037253379822 0.15000000596046448 0.8037037253379822 0.14895834028720856 0.8055555820465088 0.14895834028720856 0.8074073791503906 0.14791665971279144 0.8092592358589172 0.14791665971279144 0.8148148059844971 0.14687499403953552 0.8166666626930237
1 0.2770833373069763 0.6555555462837219 0.2708333432674408 0.6407407522201538 0.2645833194255829 0.6666666865348816 0.23749999701976776 0.664814829826355 0.23020833730697632 0.6537036895751953 0.1927083283662796 0.6611111164093018 0.18125000596046448 0.6685185432434082 0.16770833730697632 0.6870370507240295 0.140625 0.6814814805984497 0.10520832985639572 0.7074074149131775 0.09166666865348816 0.7129629850387573 0.07395832985639572 0.7111111283302307 0.0 0.7574074268341064 0.0 0.8870370388031006 0.01145833358168602 0.8740741014480591 0.015625 0.8777777552604675 0.01770833320915699 0.8666666746139526 0.02812499925494194 0.864814817905426 0.03125 0.8685185313224792 0.02812499925494194 0.8740741014480591 0.01875000074505806 0.8740741014480591 0.02083333395421505 0.8796296119689941 0.00937500037252903 0.8962963223457336 0.0010416667209938169 0.8999999761581421 0.0062500000931322575 0.8907407522201538 0.0010416667209938169 0.8925926089286804 0.0 0.9037036895751953 0.03541666641831398 0.8722222447395325 0.04270833358168602 0.8740741014480591 0.0625 0.8592592477798462 0.05937499925494194 0.8629629611968994 0.05624999850988388 0.8592592477798462 0.06145833432674408 0.8500000238418579 0.07500000298023224 0.8444444537162781 0.10000000149011612 0.8240740895271301 0.10729166865348816 0.8111110925674438 0.10729166865348816 0.800000011920929 0.1041666641831398 0.7962962985038757 0.11666666716337204 0.7888888716697693 0.13437500596046448 0.7685185074806213 0.1875 0.7333333492279053 0.18541666865348816 0.7259259223937988 0.19895833730697632 0.7185184955596924 0.21770833432674408 0.6925926208496094 0.234375 0.6851851940155029 0.25729167461395264 0.6666666865348816 0.2760416567325592 0.6685185432434082
1 0.0416666679084301 0.6277777552604675 0.04062499850988388 0.6277777552604675 0.03958333283662796 0.6296296119689941 0.03854166716337204 0.6296296119689941 0.03750000149011612 0.6314814686775208 0.0364583320915699 0.6314814686775208 0.03541666641831398 0.6333333253860474 0.03333333507180214 0.6333333253860474 0.03229166567325592 0.635185182094574 0.03125 0.635185182094574 0.03020833246409893 0.6370370388031006 0.02812499925494194 0.6370370388031006 0.02708333358168602 0.6388888955116272 0.02604166604578495 0.6388888955116272 0.02500000037252903 0.6407407522201538 0.02291666716337204 0.6407407522201538 0.02187499962747097 0.6425926089286804 0.01875000074505806 0.6425926089286804 0.01770833320915699 0.644444465637207 0.014583333395421505 0.644444465637207 0.01354166679084301 0.6462963223457336 0.01145833358168602 0.6462963223457336 0.010416666977107525 0.6481481194496155 0.00937500037252903 0.6481481194496155 0.008333333767950535 0.6499999761581421 0.0072916666977107525 0.6499999761581421 0.0062500000931322575 0.6518518328666687 0.0052083334885537624 0.6518518328666687 0.004166666883975267 0.6537036895751953 0.0010416667209938169 0.6537036895751953 0.0 0.6555555462837219 0.0 0.6629629731178284 0.0010416667209938169 0.6629629731178284 0.0020833334419876337 0.6611111164093018 0.0031250000465661287 0.6611111164093018 0.004166666883975267 0.6592592597007751 0.0052083334885537624 0.6592592597007751 0.0062500000931322575 0.6574074029922485 0.0072916666977107525 0.6574074029922485 0.008333333767950535 0.6555555462837219 0.00937500037252903 0.6555555462837219 0.010416666977107525 0.6537036895751953 0.01145833358168602 0.6537036895751953 0.012500000186264515 0.6518518328666687 0.01354166679084301 0.6518518328666687 0.014583333395421505 0.6499999761581421 0.01666666753590107 0.6499999761581421 0.01770833320915699 0.6481481194496155 0.01875000074505806 0.6481481194496155 0.01979166641831398 0.6462963223457336 0.02083333395421505 0.6462963223457336 0.02187499962747097 0.644444465637207 0.02395833283662796 0.644444465637207 0.02500000037252903 0.6425926089286804 0.02604166604578495 0.6425926089286804 0.02708333358168602 0.6407407522201538 0.02812499925494194 0.6407407522201538 0.02916666679084301 0.6388888955116272 0.03020833246409893 0.6388888955116272 0.03125 0.6370370388031006 0.03229166567325592 0.6370370388031006 0.03333333507180214 0.635185182094574 0.03437500074505806 0.635185182094574 0.03541666641831398 0.6333333253860474 0.0364583320915699 0.6333333253860474 0.03750000149011612 0.6314814686775208 0.03854166716337204 0.6314814686775208 0.04062499850988388 0.6277777552604675
1 0.6510416865348816 0.5314815044403076 0.6510416865348816 0.5351851582527161 0.6520833373069763 0.5370370149612427 0.653124988079071 0.5370370149612427 0.6541666388511658 0.5388888716697693 0.659375011920929 0.5388888716697693 0.659375011920929 0.5370370149612427 0.6604166626930237 0.5351851582527161 0.659375011920929 0.5351851582527161 0.6583333611488342 0.5333333611488342 0.6572916507720947 0.5333333611488342 0.65625 0.5314815044403076
1 0.6468750238418579 0.5759259462356567 0.6427083611488342 0.5944444537162781 0.6489583253860474 0.6092592477798462 0.690625011920929 0.6592592597007751 0.7302083373069763 0.720370352268219 0.746874988079071 0.7351852059364319 0.7489583492279053 0.7722222208976746 0.7614583373069763 0.7981481552124023 0.7854166626930237 0.8240740895271301 0.8083333373069763 0.8407407402992249 0.8354166746139526 0.8888888955116272 0.8739583492279053 0.9388889074325562 0.9083333611488342 0.9722222089767456 0.9177083373069763 0.9629629850387573 0.9333333373069763 0.9611111283302307 0.9989583492279053 0.9629629850387573 0.9989583492279053 0.8777777552604675 0.9697916507720947 0.835185170173645 0.9583333134651184 0.8296296000480652 0.9593750238418579 0.8259259462356567 0.856249988079071 0.7222222089767456 0.8354166746139526 0.7074074149131775 0.8208333253860474 0.6888889074325562 0.8052083253860474 0.6814814805984497 0.7979166507720947 0.6685185432434082 0.7958333492279053 0.6722221970558167 0.7895833253860474 0.6666666865348816 0.793749988079071 0.6629629731178284 0.753125011920929 0.6240741014480591 0.6822916865348816 0.5314815044403076 0.6697916388511658 0.5240740776062012 0.6854166388511658 0.5444444417953491 0.6854166388511658 0.5574073791503906 0.671875 0.5648148059844971 0.6520833373069763 0.5648148059844971
1 0.03229166567325592 0.48148149251937866 0.03125 0.4833333194255829 0.03020833246409893 0.48148149251937866 0.02708333358168602 0.48148149251937866 0.02604166604578495 0.47962963581085205 0.02291666716337204 0.47962963581085205 0.02187499962747097 0.48148149251937866 0.0031250000465661287 0.48148149251937866 0.0020833334419876337 0.4833333194255829 0.0 0.4833333194255829 0.0 0.5018518567085266 0.0010416667209938169 0.5 0.0031250000465661287 0.5 0.004166666883975267 0.4981481432914734 0.0072916666977107525 0.4981481432914734 0.008333333767950535 0.4962962865829468 0.012500000186264515 0.4962962865829468 0.01354166679084301 0.49444442987442017 0.015625 0.49444442987442017 0.01666666753590107 0.49259260296821594 0.01979166641831398 0.49259260296821594 0.02083333395421505 0.49074074625968933 0.02187499962747097 0.49074074625968933 0.02291666716337204 0.4888888895511627 0.02500000037252903 0.4888888895511627 0.02604166604578495 0.4870370328426361 0.02812499925494194 0.4870370328426361 0.03020833246409893 0.4833333194255829 0.03125 0.4833333194255829
1 0.6520833373069763 0.4722222089767456 0.6552083492279053 0.4722222089767456 0.65625 0.4740740656852722 0.659375011920929 0.4740740656852722 0.6625000238418579 0.47777777910232544 0.6645833253860474 0.47777777910232544 0.6656249761581421 0.47962963581085205 0.668749988079071 0.47962963581085205 0.6697916388511658 0.48148149251937866 0.6729166507720947 0.48148149251937866 0.6760416626930237 0.4851851761341095 0.6791666746139526 0.4851851761341095 0.6802083253860474 0.4870370328426361 0.6822916865348816 0.4870370328426361 0.6833333373069763 0.4888888895511627 0.6864583492279053 0.4888888895511627 0.6875 0.49074074625968933 0.6895833611488342 0.49074074625968933 0.690625011920929 0.49259260296821594 0.6958333253860474 0.49259260296821594 0.6968749761581421 0.49074074625968933 0.7020833492279053 0.49074074625968933 0.703125 0.4888888895511627 0.7124999761581421 0.4888888895511627 0.7135416865348816 0.49074074625968933 0.7229166626930237 0.49074074625968933 0.7239583134651184 0.49259260296821594 0.7260416746139526 0.49259260296821594 0.7250000238418579 0.49259260296821594 0.721875011920929 0.4888888895511627 0.7197916507720947 0.4888888895511627 0.71875 0.4870370328426361 0.715624988079071 0.4870370328426361 0.7145833373069763 0.4851851761341095 0.7124999761581421 0.4851851761341095 0.7114583253860474 0.4833333194255829 0.7083333134651184 0.4833333194255829 0.7072916626930237 0.48148149251937866 0.7041666507720947 0.48148149251937866 0.703125 0.47962963581085205 0.6979166865348816 0.47962963581085205 0.6968749761581421 0.47777777910232544 0.6927083134651184 0.47777777910232544 0.6916666626930237 0.47592592239379883 0.6864583492279053 0.47592592239379883 0.6854166388511658 0.4740740656852722 0.6770833134651184 0.4740740656852722 0.6760416626930237 0.4722222089767456 0.6572916507720947 0.4722222089767456 0.65625 0.4703703820705414 0.6552083492279053 0.4703703820705414 0.6541666388511658 0.4722222089767456
1 0.6645833253860474 0.4611110985279083 0.6666666865348816 0.46481481194496155 0.6677083373069763 0.46481481194496155 0.668749988079071 0.46666666865348816 0.6708333492279053 0.46666666865348816 0.671875 0.46851852536201477 0.6791666746139526 0.46851852536201477 0.6781250238418579 0.46851852536201477 0.6770833134651184 0.46666666865348816 0.6760416626930237 0.46666666865348816 0.675000011920929 0.46481481194496155 0.6729166507720947 0.46481481194496155 0.671875 0.46296295523643494 0.668749988079071 0.46296295523643494 0.6677083373069763 0.4611110985279083
1 0.6968749761581421 0.4574074149131775 0.699999988079071 0.4574074149131775 0.7010416388511658 0.4592592716217041 0.7041666507720947 0.4592592716217041 0.7052083611488342 0.4611110985279083 0.7072916626930237 0.4611110985279083 0.7083333134651184 0.46296295523643494 0.7104166746139526 0.46296295523643494 0.7114583253860474 0.46481481194496155 0.7135416865348816 0.46481481194496155 0.7145833373069763 0.46666666865348816 0.7177083492279053 0.46666666865348816 0.71875 0.46851852536201477 0.7208333611488342 0.46851852536201477 0.721875011920929 0.4703703820705414 0.7239583134651184 0.4703703820705414 0.7229166626930237 0.4703703820705414 0.721875011920929 0.46851852536201477 0.7197916507720947 0.46851852536201477 0.71875 0.46666666865348816 0.7177083492279053 0.46666666865348816 0.7166666388511658 0.46481481194496155 0.7145833373069763 0.46481481194496155 0.7124999761581421 0.4611110985279083 0.7135416865348816 0.4592592716217041 0.7124999761581421 0.4592592716217041 0.7114583253860474 0.4574074149131775 0.7104166746139526 0.4574074149131775 0.7093750238418579 0.4555555582046509 0.706250011920929 0.4555555582046509 0.7052083611488342 0.4574074149131775
1 0.0520833320915699 0.4611110985279083 0.05416666716337204 0.4611110985279083 0.05520833283662796 0.4592592716217041 0.05833333358168602 0.4592592716217041 0.05937499925494194 0.4574074149131775 0.06354166567325592 0.4574074149131775 0.06458333134651184 0.4555555582046509 0.0677083358168602 0.4555555582046509 0.06875000149011612 0.45370370149612427 0.0729166641831398 0.45370370149612427 0.06979166716337204 0.45370370149612427 0.06875000149011612 0.45185184478759766 0.06041666492819786 0.45185184478759766 0.05937499925494194 0.45370370149612427 0.05833333358168602 0.45370370149612427 0.05624999850988388 0.4574074149131775 0.05520833283662796 0.4574074149131775 0.05312500149011612 0.4611110985279083
1 0.24791666865348816 0.442592591047287 0.21250000596046448 0.44999998807907104 0.20729166269302368 0.4574074149131775 0.19479165971279144 0.45185184478759766 0.1666666716337204 0.45185184478759766 0.13645833730697632 0.46666666865348816 0.13124999403953552 0.46666666865348816 0.12187500298023224 0.4574074149131775 0.12395833432674408 0.4555555582046509 0.10104166716337204 0.4574074149131775 0.06145833432674408 0.47962963581085205 0.04062499850988388 0.5018518567085266 0.01875000074505806 0.5185185074806213 0.0 0.5407407283782959 0.0 0.5814814567565918 0.01666666753590107 0.5648148059844971 0.03854166716337204 0.550000011920929 0.08541666716337204 0.5407407283782959 0.09479166567325592 0.5351851582527161 0.12395833432674408 0.5277777910232544 0.18333333730697632 0.520370364189148 0.18958333134651184 0.5222222208976746 0.18437500298023224 0.520370364189148 0.19062499701976776 0.5148147940635681 0.18854166567325592 0.5111111402511597 0.18437500298023224 0.5166666507720947 0.18125000596046448 0.5148147940635681 0.1875 0.5055555701255798 0.21770833432674408 0.49074074625968933 0.24062499403953552 0.46851852536201477 0.24375000596046448 0.46851852536201477 0.23854166269302368 0.46481481194496155 0.2447916716337204 0.4592592716217041 0.23333333432674408 0.45370370149612427
1 0.04895833507180214 0.42222222685813904 0.03020833246409893 0.42222222685813904 0.02916666679084301 0.4203703701496124 0.02604166604578495 0.4203703701496124 0.02500000037252903 0.42222222685813904 0.01770833320915699 0.42222222685813904 0.01666666753590107 0.42407408356666565 0.015625 0.42407408356666565 0.014583333395421505 0.42592594027519226 0.0031250000465661287 0.42592594027519226 0.0020833334419876337 0.4277777671813965 0.0 0.4277777671813965 0.0 0.43518519401550293 0.0052083334885537624 0.43518519401550293 0.0062500000931322575 0.4333333373069763 0.00937500037252903 0.4333333373069763 0.010416666977107525 0.4314814805984497 0.01354166679084301 0.4314814805984497 0.014583333395421505 0.4333333373069763 0.015625 0.4314814805984497 0.02291666716337204 0.4314814805984497 0.02395833283662796 0.4296296238899231 0.02916666679084301 0.4296296238899231 0.03020833246409893 0.4277777671813965 0.0416666679084301 0.4277777671813965 0.04270833358168602 0.42592594027519226 0.04583333432674408 0.42592594027519226 0.04479166492819786 0.42592594027519226 0.04374999925494194 0.42407408356666565 0.04479166492819786 0.42222222685813904
1 0.5447916388511658 0.40925925970077515 0.546875 0.40925925970077515 0.5479166507720947 0.41111111640930176 0.550000011920929 0.41111111640930176 0.5510416626930237 0.41296297311782837 0.5520833134651184 0.41296297311782837 0.5531250238418579 0.4148148000240326 0.5531250238418579 0.4166666567325592 0.5552083253860474 0.4203703701496124 0.5562499761581421 0.4203703701496124 0.5572916865348816 0.42222222685813904 0.5708333253860474 0.42222222685813904 0.5718749761581421 0.42407408356666565 0.574999988079071 0.42407408356666565 0.5760416388511658 0.42592594027519226 0.578125 0.42592594027519226 0.5791666507720947 0.4277777671813965 0.581250011920929 0.4277777671813965 0.5822916626930237 0.4296296238899231 0.5843750238418579 0.4296296238899231 0.5854166746139526 0.4314814805984497 0.5874999761581421 0.4314814805984497 0.5885416865348816 0.4333333373069763 0.590624988079071 0.4333333373069763 0.5916666388511658 0.43518519401550293 0.5947916507720947 0.43518519401550293 0.5958333611488342 0.43703705072402954 0.5979166626930237 0.43703705072402954 0.5989583134651184 0.43888887763023376 0.6000000238418579 0.43888887763023376 0.6010416746139526 0.4407407343387604 0.6031249761581421 0.4407407343387604 0.6041666865348816 0.442592591047287 0.6041666865348816 0.4407407343387604 0.6031249761581421 0.43888887763023376 0.6020833253860474 0.43888887763023376 0.6010416746139526 0.43703705072402954 0.6000000238418579 0.43703705072402954 0.5989583134651184 0.43518519401550293 0.5979166626930237 0.43518519401550293 0.596875011920929 0.4333333373069763 0.5947916507720947 0.4333333373069763 0.59375 0.4314814805984497 0.5927083492279053 0.4314814805984497 0.5916666388511658 0.4296296238899231 0.590624988079071 0.4296296238899231 0.5895833373069763 0.4277777671813965 0.5874999761581421 0.4277777671813965 0.5864583253860474 0.42592594027519226 0.5854166746139526 0.42592594027519226 0.5843750238418579 0.42407408356666565 0.5833333134651184 0.42407408356666565 0.581250011920929 0.4203703701496124 0.5802083611488342 0.4203703701496124 0.5791666507720947 0.4185185134410858 0.578125 0.4185185134410858 0.5739583373069763 0.41111111640930176 0.5729166865348816 0.41111111640930176 0.5697916746139526 0.4055555462837219 0.5677083134651184 0.4055555462837219 0.5666666626930237 0.4037036895751953 0.5489583611488342 0.4037036895751953 0.5479166507720947 0.4055555462837219 0.546875 0.4055555462837219
1 0.28437501192092896 0.4166666567325592 0.28125 0.4166666567325592 0.2802083194255829 0.4203703701496124 0.2708333432674408 0.4166666567325592 0.2593750059604645 0.42407408356666565 0.25 0.42222222685813904 0.24687500298023224 0.4185185134410858 0.25833332538604736 0.4148148000240326 0.25208333134651184 0.40925925970077515 0.2552083432674408 0.4018518626689911 0.24270834028720856 0.4148148000240326 0.2395833283662796 0.41111111640930176 0.22499999403953552 0.41296297311782837 0.22083333134651184 0.40925925970077515 0.2083333283662796 0.40925925970077515 0.1770833283662796 0.4185185134410858 0.15312500298023224 0.4203703701496124 0.14479166269302368 0.4166666567325592 0.1145833358168602 0.42592594027519226 0.12812499701976776 0.4277777671813965 0.12708333134651184 0.4333333373069763 0.10208333283662796 0.4333333373069763 0.09583333134651184 0.43888887763023376 0.09375 0.4481481611728668 0.09687499701976776 0.4481481611728668 0.10208333283662796 0.43888887763023376 0.12708333134651184 0.4333333373069763 0.12708333134651184 0.43703705072402954 0.1197916641831398 0.4444444477558136 0.12708333134651184 0.43888887763023376 0.17395833134651184 0.42222222685813904 0.1927083283662796 0.42222222685813904 0.19374999403953552 0.4277777671813965 0.21666666865348816 0.4166666567325592 0.24583333730697632 0.4185185134410858 0.24583333730697632 0.42222222685813904 0.23541666567325592 0.42592594027519226 0.22604165971279144 0.42222222685813904 0.20000000298023224 0.4314814805984497 0.18333333730697632 0.4314814805984497 0.17395833134651184 0.43888887763023376 0.19687500596046448 0.43888887763023376 0.20000000298023224 0.43518519401550293 0.21145834028720856 0.43518519401550293 0.21666666865348816 0.4314814805984497 0.2291666716337204 0.4333333373069763 0.24270834028720856 0.4277777671813965 0.2666666805744171 0.42592594027519226
1 0.9239583611488342 0.39629629254341125 0.925000011920929 0.39629629254341125 0.9270833134651184 0.4000000059604645 0.9302083253860474 0.4018518626689911 0.9395833611488342 0.4166666567325592 0.940625011920929 0.4166666567325592 0.9437500238418579 0.42222222685813904 0.9447916746139526 0.42222222685813904 0.9468749761581421 0.42592594027519226 0.9479166865348816 0.42592594027519226 0.949999988079071 0.4296296238899231 0.9510416388511658 0.4296296238899231 0.9541666507720947 0.43518519401550293 0.956250011920929 0.43518519401550293 0.9572916626930237 0.43703705072402954 0.9624999761581421 0.43703705072402954 0.9593750238418579 0.43703705072402954 0.9583333134651184 0.43518519401550293 0.9604166746139526 0.4314814805984497 0.9614583253860474 0.4333333373069763 0.9635416865348816 0.4333333373069763 0.9645833373069763 0.43518519401550293 0.971875011920929 0.43518519401550293 0.9729166626930237 0.43703705072402954 0.9791666865348816 0.43703705072402954 0.9802083373069763 0.43888887763023376 0.9885416626930237 0.43888887763023376 0.9895833134651184 0.4407407343387604 0.9916666746139526 0.4407407343387604 0.9927083253860474 0.442592591047287 0.9989583492279053 0.442592591047287 0.9989583492279053 0.4037036895751953 0.9927083253860474 0.4037036895751953 0.9916666746139526 0.4018518626689911 0.9822916388511658 0.4018518626689911 0.981249988079071 0.4000000059604645 0.9739583134651184 0.4000000059604645 0.9729166626930237 0.39814814925193787 0.9677083492279053 0.39814814925193787 0.9666666388511658 0.4000000059604645 0.9604166746139526 0.4000000059604645 0.9593750238418579 0.39814814925193787 0.9395833611488342 0.39814814925193787 0.9385416507720947 0.39629629254341125 0.9375 0.39814814925193787 0.9364583492279053 0.39814814925193787 0.9354166388511658 0.39629629254341125
1 0.4000000059604645 0.39259257912635803 0.4010416567325592 0.39259257912635803 0.40312498807907104 0.39629629254341125 0.40416666865348816 0.39629629254341125 0.4052083194255829 0.39814814925193787 0.40625 0.39814814925193787 0.4072916805744171 0.4000000059604645 0.40833333134651184 0.4000000059604645 0.40937501192092896 0.4018518626689911 0.40833333134651184 0.4037036895751953 0.40416666865348816 0.4037036895751953 0.40312498807907104 0.4055555462837219 0.40416666865348816 0.4055555462837219 0.4052083194255829 0.40740740299224854 0.4156250059604645 0.40740740299224854 0.4166666567325592 0.40925925970077515 0.4177083373069763 0.40925925970077515 0.4177083373069763 0.4018518626689911 0.4156250059604645 0.4018518626689911 0.41458332538604736 0.4000000059604645 0.4114583432674408 0.4000000059604645 0.4104166626930237 0.39814814925193787 0.40833333134651184 0.39814814925193787 0.40625 0.39444443583488464 0.4052083194255829 0.39444443583488464 0.40416666865348816 0.39259257912635803
1 0.5864583253860474 0.3888888955116272 0.5864583253860474 0.39259257912635803 0.5874999761581421 0.39444443583488464 0.5874999761581421 0.39629629254341125 0.5885416865348816 0.39629629254341125 0.590624988079071 0.4000000059604645 0.5916666388511658 0.4000000059604645 0.59375 0.4037036895751953 0.5947916507720947 0.4037036895751953 0.5989583134651184 0.40925925970077515 0.6010416746139526 0.40925925970077515 0.6020833253860474 0.41111111640930176 0.6041666865348816 0.41111111640930176 0.6052083373069763 0.41296297311782837 0.6083333492279053 0.41296297311782837 0.609375 0.4148148000240326 0.6114583611488342 0.4148148000240326 0.612500011920929 0.4166666567325592 0.6145833134651184 0.4166666567325592 0.6156250238418579 0.4185185134410858 0.6177083253860474 0.4185185134410858 0.6187499761581421 0.4203703701496124 0.621874988079071 0.4203703701496124 0.6229166388511658 0.42222222685813904 0.625 0.42222222685813904 0.6260416507720947 0.42407408356666565 0.6291666626930237 0.42407408356666565 0.6302083134651184 0.42592594027519226 0.6322916746139526 0.42592594027519226 0.6333333253860474 0.4277777671813965 0.6364583373069763 0.4277777671813965 0.637499988079071 0.4296296238899231 0.640625 0.4296296238899231 0.6416666507720947 0.4314814805984497 0.643750011920929 0.4314814805984497 0.6447916626930237 0.4333333373069763 0.6489583253860474 0.4333333373069763 0.6499999761581421 0.43518519401550293 0.653124988079071 0.43518519401550293 0.6541666388511658 0.43703705072402954 0.65625 0.43703705072402954 0.6572916507720947 0.43888887763023376 0.6604166626930237 0.43888887763023376 0.6614583134651184 0.4407407343387604 0.6656249761581421 0.4407407343387604 0.6666666865348816 0.442592591047287 0.6697916388511658 0.442592591047287 0.6708333492279053 0.4444444477558136 0.6760416626930237 0.4462963044643402 0.6697916388511658 0.43888887763023376 0.6697916388511658 0.43703705072402954 0.6708333492279053 0.43518519401550293 0.675000011920929 0.43518519401550293 0.668749988079071 0.43518519401550293 0.6677083373069763 0.4333333373069763 0.6625000238418579 0.4333333373069763 0.6614583134651184 0.4314814805984497 0.6572916507720947 0.4314814805984497 0.65625 0.4296296238899231 0.6447916626930237 0.4203703701496124 0.6416666507720947 0.4148148000240326 0.640625 0.4148148000240326 0.6395833492279053 0.41296297311782837 0.637499988079071 0.41296297311782837 0.6364583373069763 0.41111111640930176 0.6343749761581421 0.41111111640930176 0.6333333253860474 0.40925925970077515 0.6312500238418579 0.40925925970077515 0.6302083134651184 0.40740740299224854 0.628125011920929 0.40740740299224854 0.6270833611488342 0.4055555462837219 0.621874988079071 0.4037036895751953 0.6187499761581421 0.4000000059604645 0.6166666746139526 0.4000000059604645 0.6145833134651184 0.39629629254341125 0.6135416626930237 0.39629629254341125 0.606249988079071 0.3888888955116272 0.6020833253860474 0.3888888955116272 0.6010416746139526 0.3870370388031006 0.590624988079071 0.3870370388031006 0.5895833373069763 0.3888888955116272
1 0.46562498807907104 0.39814814925193787 0.46562498807907104 0.4055555462837219 0.46666666865348816 0.40740740299224854 0.46666666865348816 0.41111111640930176 0.4677083194255829 0.41296297311782837 0.4677083194255829 0.4148148000240326 0.46875 0.4166666567325592 0.46875 0.4203703701496124 0.4697916805744171 0.42222222685813904 0.4697916805744171 0.42407408356666565 0.47083333134651184 0.42592594027519226 0.47083333134651184 0.4296296238899231 0.47187501192092896 0.4314814805984497 0.4802083373069763 0.4314814805984497 0.48229166865348816 0.43518519401550293 0.49166667461395264 0.43518519401550293 0.49270832538604736 0.4333333373069763 0.49687498807907104 0.4333333373069763 0.49791666865348816 0.4314814805984497 0.503125011920929 0.4314814805984497 0.5041666626930237 0.4296296238899231 0.5104166865348816 0.4296296238899231 0.5104166865348816 0.4277777671813965 0.5093749761581421 0.42592594027519226 0.5093749761581421 0.42222222685813904 0.5083333253860474 0.4203703701496124 0.5093749761581421 0.4185185134410858 0.5083333253860474 0.4166666567325592 0.5072916746139526 0.4166666567325592 0.5041666626930237 0.41111111640930176 0.503125011920929 0.41111111640930176 0.5010416507720947 0.40740740299224854 0.5 0.40740740299224854 0.4989583194255829 0.4055555462837219 0.49791666865348816 0.40740740299224854 0.49687498807907104 0.4055555462837219 0.49687498807907104 0.4037036895751953 0.4947916567325592 0.4000000059604645 0.4947916567325592 0.39814814925193787 0.4937500059604645 0.39629629254341125 0.4937500059604645 0.39444443583488464 0.49270832538604736 0.39259257912635803 0.49270832538604736 0.3888888955116272 0.4906249940395355 0.3888888955116272 0.4895833432674408 0.3870370388031006 0.4749999940395355 0.3870370388031006 0.4739583432674408 0.3888888955116272 0.47083333134651184 0.3888888955116272 0.4697916805744171 0.3907407522201538 0.46875 0.3907407522201538 0.46666666865348816 0.39444443583488464 0.46666666865348816 0.39629629254341125
1 0.25 0.37962964177131653 0.24791666865348816 0.37962964177131653 0.24687500298023224 0.3777777850627899 0.24583333730697632 0.37962964177131653 0.23854166269302368 0.37962964177131653 0.23749999701976776 0.3777777850627899 0.23645833134651184 0.37962964177131653 0.234375 0.37962964177131653 0.23333333432674408 0.3777777850627899 0.22604165971279144 0.3777777850627899 0.22499999403953552 0.3759259283542633 0.22291666269302368 0.3759259283542633 0.22187499701976776 0.3777777850627899 0.21666666865348816 0.3777777850627899 0.21458333730697632 0.3740740716457367 0.2135416716337204 0.3740740716457367 0.21250000596046448 0.3759259283542633 0.21145834028720856 0.3759259283542633 0.21145834028720856 0.3777777850627899 0.21041665971279144 0.37962964177131653 0.203125 0.37962964177131653 0.20208333432674408 0.38148146867752075 0.19166666269302368 0.38148146867752075 0.19062499701976776 0.38333332538604736 0.1875 0.38333332538604736 0.18645833432674408 0.385185182094574 0.18020834028720856 0.385185182094574 0.17916665971279144 0.3870370388031006 0.17499999701976776 0.3870370388031006 0.18958333134651184 0.3870370388031006 0.19062499701976776 0.385185182094574 0.19374999403953552 0.385185182094574 0.19479165971279144 0.38333332538604736 0.20208333432674408 0.38333332538604736 0.203125 0.38148146867752075 0.22291666269302368 0.38148146867752075 0.2239583283662796 0.37962964177131653
1 0.05937499925494194 0.35740742087364197 0.03229166567325592 0.35740742087364197 0.03125 0.3592592477798462 0.02708333358168602 0.3592592477798462 0.02604166604578495 0.3611111044883728 0.02500000037252903 0.3592592477798462 0.02395833283662796 0.3611111044883728 0.01770833320915699 0.3611111044883728 0.01666666753590107 0.3629629611968994 0.0062500000931322575 0.3629629611968994 0.0052083334885537624 0.364814817905426 0.0 0.364814817905426 0.0 0.36851853132247925 0.0010416667209938169 0.36851853132247925 0.0020833334419876337 0.36666667461395264 0.010416666977107525 0.36666667461395264 0.01145833358168602 0.364814817905426 0.012500000186264515 0.36666667461395264 0.01666666753590107 0.36666667461395264 0.01770833320915699 0.364814817905426 0.03020833246409893 0.364814817905426 0.03125 0.3629629611968994 0.03333333507180214 0.3629629611968994 0.03437500074505806 0.3611111044883728 0.03541666641831398 0.3611111044883728 0.0364583320915699 0.3629629611968994 0.05104166641831398 0.3629629611968994 0.04895833507180214 0.3629629611968994 0.04791666567325592 0.3611111044883728 0.04895833507180214 0.3592592477798462 0.05520833283662796 0.3592592477798462 0.05624999850988388 0.35740742087364197
1 0.9885416626930237 0.3592592477798462 0.9885416626930237 0.3611111044883728 0.9937499761581421 0.3611111044883728 0.9947916865348816 0.3629629611968994 0.9989583492279053 0.3629629611968994 0.9989583492279053 0.35555556416511536 0.9927083253860474 0.35555556416511536 0.9916666746139526 0.35740742087364197 0.9906250238418579 0.35740742087364197 0.9895833134651184 0.3592592477798462
1 0.8270833492279053 0.35370370745658875 0.828125 0.35370370745658875 0.8291666507720947 0.35555556416511536 0.8364583253860474 0.35555556416511536 0.8374999761581421 0.35740742087364197 0.8385416865348816 0.35740742087364197 0.8374999761581421 0.35740742087364197 0.8364583253860474 0.35555556416511536 0.8374999761581421 0.35370370745658875 0.8416666388511658 0.35370370745658875 0.8416666388511658 0.35185185074806213 0.840624988079071 0.3499999940395355 0.8395833373069763 0.3499999940395355 0.8385416865348816 0.3481481373310089 0.8322916626930237 0.3481481373310089 0.8302083611488342 0.35185185074806213 0.831250011920929 0.35185185074806213 0.8322916626930237 0.35370370745658875 0.831250011920929 0.35555556416511536 0.8291666507720947 0.35555556416511536 0.828125 0.35370370745658875
1 0.22499999403953552 0.3592592477798462 0.23229166865348816 0.3611111044883728 0.23645833134651184 0.36666667461395264 0.234375 0.36851853132247925 0.25729167461395264 0.3759259283542633 0.29479166865348816 0.3759259283542633 0.29479166865348816 0.38333332538604736 0.27395832538604736 0.3888888955116272 0.2979166805744171 0.39814814925193787 0.3010416626930237 0.4018518626689911 0.2958333194255829 0.4055555462837219 0.3229166567325592 0.4203703701496124 0.33645832538604736 0.4185185134410858 0.3604166805744171 0.42592594027519226 0.36250001192092896 0.4333333373069763 0.3708333373069763 0.43518519401550293 0.3854166567325592 0.4462963044643402 0.4104166626930237 0.442592591047287 0.4229166805744171 0.43703705072402954 0.43958333134651184 0.43703705072402954 0.4312500059604645 0.42222222685813904 0.41979166865348816 0.41296297311782837 0.4114583432674408 0.4148148000240326 0.4052083194255829 0.41111111640930176 0.40312498807907104 0.4166666567325592 0.390625 0.4148148000240326 0.390625 0.41111111640930176 0.39895832538604736 0.4055555462837219 0.3916666805744171 0.3907407522201538 0.33645832538604736 0.3870370388031006 0.33645832538604736 0.38333332538604736 0.34166666865348816 0.38148146867752075 0.2979166805744171 0.38148146867752075 0.2979166805744171 0.3777777850627899 0.3135416805744171 0.37037035822868347 0.3343749940395355 0.35185185074806213 0.34583333134651184 0.3462963104248047 0.31041666865348816 0.34259259700775146 0.3031249940395355 0.3481481373310089 0.2916666567325592 0.3481481373310089 0.2760416567325592 0.3592592477798462 0.26249998807907104 0.35370370745658875
1 0.6656249761581421 0.34259259700775146 0.6968749761581421 0.3444444537162781 0.6979166865348816 0.3462963104248047 0.6947916746139526 0.3499999940395355 0.6927083134651184 0.3481481373310089 0.6895833611488342 0.3481481373310089 0.6885416507720947 0.3499999940395355 0.684374988079071 0.3499999940395355 0.6822916865348816 0.3481481373310089 0.6802083253860474 0.3499999940395355 0.6822916865348816 0.3499999940395355 0.6833333373069763 0.35370370745658875 0.6895833611488342 0.35370370745658875 0.6947916746139526 0.3499999940395355 0.7291666865348816 0.3499999940395355 0.7302083373069763 0.3481481373310089 0.7458333373069763 0.3481481373310089 0.746874988079071 0.3462963104248047 0.7583333253860474 0.3462963104248047 0.7593749761581421 0.3444444537162781 0.7895833253860474 0.3444444537162781 0.78125 0.3444444537162781 0.7802083492279053 0.34259259700775146 0.7635416388511658 0.34074074029922485 0.762499988079071 0.33888888359069824 0.7520833611488342 0.33888888359069824 0.7510416507720947 0.33703702688217163 0.7489583492279053 0.33703702688217163 0.7479166388511658 0.33888888359069824 0.7458333373069763 0.33703702688217163 0.737500011920929 0.33703702688217163 0.7364583611488342 0.33888888359069824 0.7302083373069763 0.33888888359069824 0.7291666865348816 0.34074074029922485 0.7135416865348816 0.34074074029922485 0.7104166746139526 0.33703702688217163 0.703125 0.33703702688217163 0.7020833492279053 0.33888888359069824 0.6937500238418579 0.33888888359069824 0.6927083134651184 0.34074074029922485 0.684374988079071 0.34074074029922485 0.6833333373069763 0.34259259700775146 0.6781250238418579 0.34259259700775146 0.6770833134651184 0.34074074029922485 0.6739583611488342 0.34074074029922485 0.6729166507720947 0.34259259700775146
1 0.7864583134651184 0.3333333432674408 0.8166666626930237 0.3444444537162781 0.8343750238418579 0.34259259700775146 0.8552083373069763 0.3481481373310089 0.8572916388511658 0.35185185074806213 0.856249988079071 0.35370370745658875 0.862500011920929 0.35555556416511536 0.8510416746139526 0.3611111044883728 0.8645833134651184 0.3611111044883728 0.8822916746139526 0.36666667461395264 0.8927083611488342 0.364814817905426 0.8927083611488342 0.36851853132247925 0.9052083492279053 0.36851853132247925 0.9302083253860474 0.3777777850627899 0.9458333253860474 0.37962964177131653 0.96875 0.3907407522201538 0.9989583492279053 0.39814814925193787 0.9989583492279053 0.385185182094574 0.9489583373069763 0.3740740716457367 0.9479166865348816 0.3722222149372101 0.9510416388511658 0.37037035822868347 0.9489583373069763 0.364814817905426 0.9447916746139526 0.36666667461395264 0.9437500238418579 0.37037035822868347 0.9281250238418579 0.36666667461395264 0.9281250238418579 0.3629629611968994 0.9385416507720947 0.3629629611968994 0.9375 0.3592592477798462 0.9291666746139526 0.35740742087364197 0.921875 0.3499999940395355 0.8979166746139526 0.35185185074806213 0.8791666626930237 0.34259259700775146 0.8635416626930237 0.3444444537162781 0.8541666865348816 0.34074074029922485 0.8541666865348816 0.33703702688217163 0.8656250238418579 0.33888888359069824 0.8885416388511658 0.3333333432674408 0.8531249761581421 0.3351851999759674 0.8500000238418579 0.3314814865589142 0.824999988079071 0.3314814865589142 0.8229166865348816 0.3333333432674408 0.831250011920929 0.3351851999759674 0.8270833492279053 0.33888888359069824 0.8052083253860474 0.3333333432674408
1 0.887499988079071 0.3296296298503876 0.8927083611488342 0.3296296298503876 0.893750011920929 0.3314814865589142 0.9010416865348816 0.3314814865589142 0.9020833373069763 0.3333333432674408 0.9083333611488342 0.3333333432674408 0.909375011920929 0.3314814865589142 0.9114583134651184 0.3314814865589142 0.9072916507720947 0.3314814865589142 0.90625 0.3296296298503876
2 0.03125 0.864814817905426 0.02916666679084301 0.864814817905426 0.02812499925494194 0.8666666746139526 0.02500000037252903 0.8666666746139526 0.02395833283662796 0.8685185313224792 0.02291666716337204 0.8685185313224792 0.02187499962747097 0.8666666746139526 0.02083333395421505 0.8685185313224792 0.01770833320915699 0.8685185313224792 0.01666666753590107 0.8703703880310059 0.01666666753590107 0.8722222447395325 0.014583333395421505 0.8759258985519409 0.01145833358168602 0.8759258985519409 0.010416666977107525 0.8777777552604675 0.00937500037252903 0.8777777552604675 0.0072916666977107525 0.8814814686775208 0.0062500000931322575 0.8814814686775208 0.0052083334885537624 0.8833333253860474 0.004166666883975267 0.8833333253860474 0.0031250000465661287 0.885185182094574 0.0020833334419876337 0.885185182094574 0.0 0.8888888955116272 0.0 0.8925926089286804 0.0010416667209938169 0.8907407522201538 0.004166666883975267 0.8907407522201538 0.0052083334885537624 0.8925926089286804 0.004166666883975267 0.894444465637207 0.0031250000465661287 0.894444465637207 0.0010416667209938169 0.8981481194496155 0.0031250000465661287 0.8981481194496155 0.004166666883975267 0.8962963223457336 0.0062500000931322575 0.8962963223457336 0.0072916666977107525 0.894444465637207 0.00937500037252903 0.894444465637207 0.010416666977107525 0.8925926089286804 0.01145833358168602 0.8925926089286804 0.012500000186264515 0.8907407522201538 0.01354166679084301 0.8907407522201538 0.012500000186264515 0.8888888955116272 0.01354166679084301 0.8870370388031006 0.014583333395421505 0.8870370388031006 0.01770833320915699 0.8814814686775208 0.01875000074505806 0.8814814686775208 0.01979166641831398 0.8796296119689941 0.01979166641831398 0.8777777552604675 0.01875000074505806 0.8759258985519409 0.02083333395421505 0.8722222447395325 0.02812499925494194 0.8722222447395325 0.02916666679084301 0.8703703880310059 0.03020833246409893 0.8703703880310059 0.03020833246409893 0.8685185313224792 0.02916666679084301 0.8685185313224792 0.02812499925494194 0.8666666746139526 0.02916666679084301 0.864814817905426
2 0.15208333730697632 0.5185185074806213 0.15208333730697632 0.520370364189148 0.16875000298023224 0.520370364189148 0.16562500596046448 0.520370364189148 0.16458334028720856 0.5185185074806213 0.16041666269302368 0.5185185074806213 0.15937499701976776 0.5166666507720947 0.15520833432674408 0.5166666507720947 0.15416666865348816 0.5148147940635681 0.15312500298023224 0.5148147940635681 0.15312500298023224 0.5166666507720947
2 0.2854166626930237 0.5240740776062012 0.2770833373069763 0.5111111402511597 0.25729167461395264 0.520370364189148 0.2135416716337204 0.5222222208976746 0.203125 0.5129629373550415 0.18437500298023224 0.529629647731781 0.17291666567325592 0.5314815044403076 0.1770833283662796 0.5240740776062012 0.12395833432674408 0.529629647731781 0.03854166716337204 0.5518518686294556 0.01666666753590107 0.5666666626930237 0.0 0.5833333134651184 0.0 0.6537036895751953 0.04062499850988388 0.6296296119689941 0.0 0.664814829826355 0.0 0.7555555701255798 0.07395832985639572 0.7092592716217041 0.09166666865348816 0.7111111283302307 0.10520832985639572 0.7055555582046509 0.140625 0.6796296238899231 0.16770833730697632 0.6851851940155029 0.18125000596046448 0.6666666865348816 0.1979166716337204 0.6574074029922485 0.23020833730697632 0.6518518328666687 0.23749999701976776 0.6629629731178284 0.2645833194255829 0.664814829826355 0.26770833134651184 0.6574074029922485 0.26770833134651184 0.644444465637207 0.2718749940395355 0.6370370388031006 0.26249998807907104 0.6240741014480591 0.26249998807907104 0.614814817905426 0.2822916805744171 0.5796296000480652 0.28958332538604736 0.5592592358589172 0.27395832538604736 0.5314815044403076
2 0.9083333611488342 0.9740740656852722 0.7614583373069763 0.800000011920929 0.7437499761581421 0.7314814925193787 0.6427083611488342 0.6000000238418579 0.6520833373069763 0.5629629492759705 0.6854166388511658 0.5555555820465088 0.6447916626930237 0.5 0.6000000238418579 0.5037037134170532 0.5760416388511658 0.5240740776062012 0.4781250059604645 0.5111111402511597 0.38333332538604736 0.529629647731781 0.3375000059604645 0.6907407641410828 0.2510416805744171 0.9277777671813965 0.2760416567325592 0.6759259104728699 0.2645833194255829 0.6685185432434082 0.08124999701976776 0.8074073791503906 0.10729166865348816 0.7981481552124023 0.10000000149011612 0.8259259462356567 0.0 0.9055555462837219 0.0 0.9240740537643433 0.03958333283662796 0.914814829826355 0.0031250000465661287 0.9537037014961243 0.0 0.9777777791023254 0.010416666977107525 0.9851852059364319 0.0010416667209938169 0.9981481432914734 0.03437500074505806 0.9981481432914734 0.0416666679084301 0.9814814925193787 0.02291666716337204 0.970370352268219 0.03541666641831398 0.9370370507240295 0.10729166865348816 0.8981481194496155 0.10729166865348816 0.9222221970558167 0.08229167014360428 0.9611111283302307 0.12395833432674408 0.9351851940155029 0.06458333134651184 0.9981481432914734 0.8645833134651184 0.9981481432914734 0.8135416507720947 0.9388889074325562 0.8843749761581421 0.9981481432914734
2 0.109375 0.47777777910232544 0.10833333432674408 0.47777777910232544 0.10729166865348816 0.47592592239379883 0.10520832985639572 0.47592592239379883 0.1041666641831398 0.4740740656852722 0.10312499850988388 0.47592592239379883 0.10208333283662796 0.47592592239379883 0.10104166716337204 0.47777777910232544 0.09791667014360428 0.47777777910232544 0.09687499701976776 0.47962963581085205 0.09375 0.47962963581085205 0.09270833432674408 0.48148149251937866 0.08958332985639572 0.48148149251937866 0.0885416641831398 0.4833333194255829 0.08541666716337204 0.4833333194255829 0.08437500149011612 0.4851851761341095 0.08124999701976776 0.4851851761341095 0.08020833134651184 0.4870370328426361 0.078125 0.4870370328426361 0.07708333432674408 0.4888888895511627 0.07500000298023224 0.4888888895511627 0.07395832985639572 0.49074074625968933 0.07187499850988388 0.49074074625968933 0.07083333283662796 0.49259260296821594 0.0677083358168602 0.49259260296821594 0.06666667014360428 0.49444442987442017 0.06145833432674408 0.49444442987442017 0.06041666492819786 0.4962962865829468 0.0572916679084301 0.4962962865829468 0.05624999850988388 0.4981481432914734 0.05416666716337204 0.4981481432914734 0.05312500149011612 0.5 0.05000000074505806 0.5 0.04895833507180214 0.5018518567085266 0.04791666567325592 0.5018518567085266 0.05000000074505806 0.5018518567085266 0.05104166641831398 0.5037037134170532 0.05416666716337204 0.5037037134170532 0.05520833283662796 0.5018518567085266 0.06562499701976776 0.5018518567085266 0.06666667014360428 0.5 0.06875000149011612 0.5 0.06979166716337204 0.4981481432914734 0.07187499850988388 0.4981481432914734 0.0729166641831398 0.4962962865829468 0.07395832985639572 0.4962962865829468 0.07500000298023224 0.49444442987442017 0.08020833134651184 0.49444442987442017 0.08124999701976776 0.49259260296821594 0.08229167014360428 0.49259260296821594 0.0833333358168602 0.49074074625968933 0.08541666716337204 0.49074074625968933 0.08645833283662796 0.4888888895511627 0.0885416641831398 0.4888888895511627 0.08958332985639572 0.4870370328426361 0.09270833432674408 0.4870370328426361 0.09375 0.4851851761341095 0.09479166567325592 0.4851851761341095 0.09583333134651184 0.4833333194255829 0.09687499701976776 0.4833333194255829 0.09791667014360428 0.48148149251937866 0.10104166716337204 0.48148149251937866 0.10208333283662796 0.47962963581085205 0.1041666641831398 0.47962963581085205 0.10520832985639572 0.47777777910232544
2 0.16979166865348816 0.4574074149131775 0.16770833730697632 0.4574074149131775 0.1666666716337204 0.4592592716217041 0.16354165971279144 0.4592592716217041 0.16249999403953552 0.4611110985279083 0.15833333134651184 0.4611110985279083 0.15729166567325592 0.46296295523643494 0.15625 0.46296295523643494 0.15520833432674408 0.46481481194496155 0.15416666865348816 0.46481481194496155 0.15416666865348816 0.46851852536201477 0.15416666865348816 0.46666666865348816 0.15520833432674408 0.46481481194496155 0.15625 0.46481481194496155 0.15729166567325592 0.46666666865348816 0.15833333134651184 0.46666666865348816 0.15937499701976776 0.46481481194496155 0.16249999403953552 0.46481481194496155 0.16354165971279144 0.46296295523643494 0.16562500596046448 0.46296295523643494 0.16875000298023224 0.4574074149131775
2 0.9989583492279053 0.6944444179534912 0.9989583492279053 0.4574074149131775 0.987500011920929 0.45370370149612427 0.9989583492279053 0.45185184478759766 0.9989583492279053 0.4444444477558136 0.9604166746139526 0.4333333373069763 0.9635416865348816 0.43703705072402954 0.9635416865348816 0.45370370149612427 0.9572916626930237 0.4981481432914734 0.8979166746139526 0.4962962865829468 0.8062499761581421 0.5037037134170532 0.7124999761581421 0.49074074625968933 0.668749988079071 0.4981481432914734 0.8374999761581421 0.5925925970077515
2 0.3864583373069763 0.45185184478759766 0.3604166805744171 0.4277777671813965 0.3229166567325592 0.42222222685813904 0.27395832538604736 0.3907407522201538 0.29479166865348816 0.3777777850627899 0.17499999701976776 0.385185182094574 0.21250000596046448 0.3740740716457367 0.19895833730697632 0.36666667461395264 0.12604166567325592 0.36851853132247925 0.09062500298023224 0.38333332538604736 0.0 0.3777777850627899 0.0 0.4203703701496124 0.11354167014360428 0.42592594027519226 0.14479166269302368 0.4148148000240326 0.24687500298023224 0.40925925970077515 0.2552083432674408 0.4000000059604645 0.25312501192092896 0.40925925970077515 0.2593750059604645 0.4148148000240326 0.25 0.4203703701496124 0.28437501192092896 0.4148148000240326 0.27291667461395264 0.42592594027519226 0.17395833134651184 0.4407407343387604 0.18333333730697632 0.4296296238899231 0.24583333730697632 0.4203703701496124 0.17395833134651184 0.42407408356666565 0.10312499850988388 0.4555555582046509 0.12395833432674408 0.45370370149612427 0.13645833730697632 0.46481481194496155 0.16562500596046448 0.44999998807907104 0.20729166269302368 0.4555555582046509 0.24791666865348816 0.4407407343387604 0.23125000298023224 0.4555555582046509 0.25 0.4555555582046509 0.24687500298023224 0.46851852536201477 0.18125000596046448 0.5166666507720947 0.21250000596046448 0.5 0.27291667461395264 0.5055555701255798 0.2906250059604645 0.48148149251937866
2 0.2979166805744171 0.37962964177131653 0.46041667461395264 0.39259257912635803 0.4625000059604645 0.38333332538604736 0.4281249940395355 0.3888888955116272 0.4260416626930237 0.38148146867752075 0.4375 0.3777777850627899 0.43541666865348816 0.3722222149372101 0.4749999940395355 0.36851853132247925 0.5072916746139526 0.3888888955116272 0.5260416865348816 0.3907407522201538 0.5072916746139526 0.385185182094574 0.578125 0.37037035822868347 0.6312500238418579 0.3907407522201538 0.637499988079071 0.38333332538604736 0.628125011920929 0.3777777850627899 0.659375011920929 0.3759259283542633 0.653124988079071 0.36666667461395264 0.6656249761581421 0.36851853132247925 0.6781250238418579 0.35740742087364197 0.7104166746139526 0.35185185074806213 0.6833333373069763 0.35555556416511536 0.6791666746139526 0.3499999940395355 0.6822916865348816 0.3462963104248047 0.6968749761581421 0.3462963104248047 0.609375 0.3351851999759674 0.5583333373069763 0.33888888359069824 0.4000000059604645 0.3296296298503876 0.39270833134651184 0.33703702688217163 0.359375 0.33703702688217163
3 0.8989583253860474 0.9944444298744202 0.8989583253860474 0.9981481432914734 0.9989583492279053 0.9981481432914734 0.9989583492279053 0.9648148417472839 0.996874988079071 0.9648148417472839 0.9958333373069763 0.9629629850387573 0.9333333373069763 0.9629629850387573 0.9322916865348816 0.9648148417472839 0.9177083373069763 0.9648148417472839 0.9156249761581421 0.9685184955596924 0.9104166626930237 0.9722222089767456 0.9083333611488342 0.9759259223937988 0.9072916507720947 0.9759259223937988 0.90625 0.9777777791023254 0.903124988079071 0.979629635810852 0.9010416865348816 0.9833333492279053 0.8999999761581421 0.9833333492279053 0.8999999761581421 0.9925925731658936
3 0.893750011920929 0.3481481373310089 0.8968750238418579 0.3481481373310089 0.8979166746139526 0.3499999940395355 0.8999999761581421 0.3481481373310089 0.9041666388511658 0.3481481373310089 0.9052083492279053 0.3499999940395355 0.9208333492279053 0.3499999940395355 0.921875 0.3481481373310089 0.9270833134651184 0.35370370745658875 0.9312499761581421 0.35370370745658875 0.9322916865348816 0.35555556416511536 0.9458333253860474 0.35555556416511536 0.9468749761581421 0.35740742087364197 0.9572916626930237 0.35740742087364197 0.9583333134651184 0.3592592477798462 0.9729166626930237 0.3592592477798462 0.9739583134651184 0.3611111044883728 0.9833333492279053 0.3611111044883728 0.984375 0.3592592477798462 0.987500011920929 0.3592592477798462 0.9927083253860474 0.35370370745658875 0.9958333373069763 0.35370370745658875 0.996874988079071 0.35185185074806213 0.9989583492279053 0.35185185074806213 0.9989583492279053 0.3351851999759674 0.9947916865348816 0.3314814865589142 0.9927083253860474 0.3314814865589142 0.9916666746139526 0.32777777314186096 0.9895833134651184 0.32777777314186096 0.9854166507720947 0.32407405972480774 0.9802083373069763 0.32407405972480774 0.9781249761581421 0.3203703761100769 0.9666666388511658 0.3185185194015503 0.9624999761581421 0.31481480598449707 0.956250011920929 0.31481480598449707 0.953125 0.31111112236976624 0.940625011920929 0.31111112236976624 0.9395833611488342 0.31296294927597046 0.9364583492279053 0.31296294927597046 0.9354166388511658 0.31481480598449707 0.9333333373069763 0.31481480598449707 0.9229166507720947 0.32407405972480774 0.9208333492279053 0.32407405972480774
4 0.7302083373069763 0.38148146867752075 0.731249988079071 0.38333332538604736 0.7364583611488342 0.38333332538604736 0.737500011920929 0.385185182094574 0.7406250238418579 0.385185182094574 0.7416666746139526 0.3870370388031006 0.7572916746139526 0.3870370388031006 0.7583333253860474 0.3888888955116272 0.7635416388511658 0.3888888955116272 0.7645833492279053 0.3870370388031006 0.7718750238418579 0.3870370388031006 0.7729166746139526 0.3888888955116272 0.7833333611488342 0.3888888955116272 0.7749999761581421 0.3888888955116272 0.7739583253860474 0.3870370388031006 0.7583333253860474 0.3870370388031006 0.7572916746139526 0.385185182094574 0.7479166388511658 0.385185182094574 0.746874988079071 0.38333332538604736 0.7416666746139526 0.38333332538604736 0.7406250238418579 0.38148146867752075
