0 0.971875011920929 0.40925925970077515 0.9750000238418579 0.40925925970077515 0.9760416746139526 0.41111111640930176 0.9781249761581421 0.41111111640930176 0.9791666865348816 0.41296297311782837 0.981249988079071 0.41296297311782837 0.9822916388511658 0.4148148000240326 0.984375 0.4148148000240326 0.9854166507720947 0.4166666567325592 0.987500011920929 0.4166666567325592 0.9885416626930237 0.4185185134410858 0.9989583492279053 0.4185185134410858 0.9989583492279053 0.40925925970077515 0.9979166388511658 0.40740740299224854 0.9833333492279053 0.40740740299224854 0.9822916388511658 0.4055555462837219 0.9802083373069763 0.4055555462837219 0.9791666865348816 0.40740740299224854 0.9770833253860474 0.40740740299224854 0.9760416746139526 0.4055555462837219 0.9760416746139526 0.40740740299224854 0.9750000238418579 0.40925925970077515
0 0.3062500059604645 0.42222222685813904 0.4468750059604645 0.49444442987442017 0.5041666626930237 0.5018518567085266 0.5083333253860474 0.5111111402511597 0.49270832538604736 0.5537037253379822 0.5249999761581421 0.5796296000480652 0.5833333134651184 0.5759259462356567 0.596875011920929 0.5925925970077515 0.6697916388511658 0.5907407402992249 0.715624988079071 0.6111111044883728 0.7395833134651184 0.5351851582527161 0.6427083611488342 0.4870370328426361 0.6354166865348816 0.4722222089767456 0.6479166746139526 0.4611110985279083 0.9989583492279053 0.5740740895271301 0.9989583492279053 0.4962962865829468 0.8864583373069763 0.47962963581085205 0.824999988079071 0.4462963044643402 0.8458333611488342 0.4407407343387604 0.9947916865348816 0.47777777910232544 0.9989583492279053 0.45185184478759766 0.7437499761581421 0.4203703701496124 0.7322916388511658 0.4574074149131775 0.5510416626930237 0.4333333373069763 0.6135416626930237 0.42407408356666565 0.5052083134651184 0.41296297311782837 0.4437499940395355 0.3870370388031006 0.35729166865348816 0.39629629254341125 0.4020833373069763 0.40740740299224854 0.38749998807907104 0.4203703701496124
0 0.7447916865348816 0.3740740716457367 0.75 0.3740740716457367 0.7510416507720947 0.3759259283542633 0.7604166865348816 0.3759259283542633 0.7614583373069763 0.3777777850627899 0.7708333134651184 0.3777777850627899 0.7718750238418579 0.37962964177131653 0.78125 0.37962964177131653 0.7822916507720947 0.38148146867752075 0.7916666865348816 0.38148146867752075 0.7927083373069763 0.38333332538604736 0.800000011920929 0.38333332538604736 0.8010416626930237 0.385185182094574 0.8104166388511658 0.385185182094574 0.8114583492279053 0.3870370388031006 0.8208333253860474 0.3870370388031006 0.8218749761581421 0.3888888955116272 0.8322916626930237 0.3888888955116272 0.8333333134651184 0.3907407522201538 0.8427083492279053 0.3907407522201538 0.840624988079071 0.3907407522201538 0.8364583253860474 0.3870370388031006 0.8354166746139526 0.3888888955116272 0.8333333134651184 0.3888888955116272 0.8322916626930237 0.3870370388031006 0.828125 0.3870370388031006 0.8270833492279053 0.385185182094574 0.8291666507720947 0.38148146867752075 0.8322916626930237 0.38148146867752075 0.8343750238418579 0.37962964177131653 0.8374999761581421 0.38333332538604736 0.8479166626930237 0.38333332538604736 0.8447916507720947 0.38333332538604736 0.84375 0.38148146867752075 0.8374999761581421 0.38148146867752075 0.8364583253860474 0.37962964177131653 0.831250011920929 0.37962964177131653 0.8302083611488342 0.3777777850627899 0.8208333253860474 0.3777777850627899 0.8197916746139526 0.3759259283542633 0.8135416507720947 0.3759259283542633 0.8125 0.3777777850627899 0.8083333373069763 0.3777777850627899 0.8072916865348816 0.3740740716457367 0.7895833253860474 0.3740740716457367 0.7885416746139526 0.3722222149372101 0.7666666507720947 0.37037035822868347 0.765625 0.36851853132247925 0.7562500238418579 0.36851853132247925 0.7552083134651184 0.36666667461395264 0.7541666626930237 0.36851853132247925 0.7520833611488342 0.36666667461395264 0.7510416507720947 0.36851853132247925 0.7489583492279053 0.36851853132247925 0.7479166388511658 0.3722222149372101 0.7458333373069763 0.3722222149372101
0 0.6010416746139526 0.35740742087364197 0.6020833253860474 0.3592592477798462 0.6020833253860474 0.3611111044883728 0.6031249761581421 0.3611111044883728 0.6041666865348816 0.3592592477798462 0.609375 0.3592592477798462 0.6104166507720947 0.3611111044883728 0.6114583611488342 0.3611111044883728 0.612500011920929 0.3592592477798462 0.6156250238418579 0.3592592477798462 0.6166666746139526 0.3611111044883728 0.6197916865348816 0.3611111044883728 0.6208333373069763 0.3629629611968994 0.6239583492279053 0.3629629611968994 0.6229166388511658 0.3611111044883728 0.621874988079071 0.3611111044883728 0.6197916865348816 0.35740742087364197 0.6197916865348816 0.35555556416511536 0.6187499761581421 0.35555556416511536 0.6177083253860474 0.35740742087364197 0.6156250238418579 0.35740742087364197 0.6145833134651184 0.35555556416511536 0.612500011920929 0.35555556416511536 0.6114583611488342 0.35370370745658875 0.6104166507720947 0.35370370745658875 0.609375 0.35555556416511536 0.606249988079071 0.35555556416511536 0.6052083373069763 0.35740742087364197
0 0.02395833283662796 0.49074074625968933 0.02812499925494194 0.5055555701255798 0.14166666567325592 0.5129629373550415 0.16770833730697632 0.5388888716697693 0.24895833432674408 0.5518518686294556 0.3427083194255829 0.5925925970077515 0.3552083373069763 0.5796296000480652 0.3958333432674408 0.5870370268821716 0.4208333194255829 0.5666666626930237 0.27812498807907104 0.46851852536201477 0.26770833134651184 0.46851852536201477 0.2708333432674408 0.46296295523643494 0.25833332538604736 0.43888887763023376 0.28958332538604736 0.42222222685813904 0.25 0.42592594027519226 0.24895833432674408 0.4185185134410858 0.2604166567325592 0.4037036895751953 0.2552083432674408 0.39259257912635803 0.234375 0.39814814925193787 0.24062499403953552 0.385185182094574 0.22291666269302368 0.37037035822868347 0.24270834028720856 0.35740742087364197 0.2614583373069763 0.35740742087364197 0.2874999940395355 0.3722222149372101 0.30000001192092896 0.36851853132247925 0.2854166626930237 0.37037035822868347 0.29479166865348816 0.3611111044883728 0.3166666626930237 0.36851853132247925 0.30937498807907104 0.37037035822868347 0.31562501192092896 0.3722222149372101 0.3114583194255829 0.3759259283542633 0.3322916626930237 0.3759259283542633 0.3218750059604645 0.3888888955116272 0.328125 0.3907407522201538 0.3479166626930237 0.35740742087364197 0.20416666567325592 0.3444444537162781 0.07500000298023224 0.38148146867752075 0.07395832985639572 0.3907407522201538 0.14374999701976776 0.39444443583488464 0.19166666269302368 0.41111111640930176 0.09166666865348816 0.4481481611728668 0.09687499701976776 0.45185184478759766
0 0.4489583373069763 0.34074074029922485 0.4572916626930237 0.34259259700775146 0.46562498807907104 0.35185185074806213 0.4625000059604645 0.37037035822868347 0.484375 0.3777777850627899 0.5197916626930237 0.38333332538604736 0.5635416507720947 0.4000000059604645 0.5927083492279053 0.4000000059604645 0.6114583611488342 0.39259257912635803 0.653124988079071 0.39444443583488464 0.6927083134651184 0.40925925970077515 0.7197916507720947 0.4296296238899231 0.7302083373069763 0.4314814805984497 0.6958333253860474 0.4055555462837219 0.6958333253860474 0.4018518626689911 0.7104166746139526 0.4037036895751953 0.6989583373069763 0.4018518626689911 0.6885416507720947 0.3888888955116272 0.5854166746139526 0.3759259283542633 0.5635416507720947 0.37037035822868347 0.5635416507720947 0.3629629611968994 0.546875 0.3611111044883728 0.5489583611488342 0.364814817905426 0.5458333492279053 0.36666667461395264 0.5260416865348816 0.3611111044883728 0.5260416865348816 0.35740742087364197 0.4833333194255829 0.35185185074806213 0.46145832538604736 0.3462963104248047 0.4541666805744171 0.33888888359069824
0 0.6114583611488342 0.3444444537162781 0.621874988079071 0.3444444537162781 0.6229166388511658 0.3481481373310089 0.6187499761581421 0.3499999940395355 0.6583333611488342 0.3592592477798462 0.6479166746139526 0.35555556416511536 0.6468750238418579 0.3499999940395355 0.668749988079071 0.3499999940395355 0.684374988079071 0.35740742087364197 0.6822916865348816 0.3611111044883728 0.684374988079071 0.364814817905426 0.6916666626930237 0.3611111044883728 0.7052083611488342 0.364814817905426 0.7020833492279053 0.3629629611968994 0.7041666507720947 0.3611111044883728 0.6854166388511658 0.35370370745658875 0.6885416507720947 0.3481481373310089 0.6614583134651184 0.3444444537162781 0.6604166626930237 0.33888888359069824 0.671875 0.33703702688217163 0.7458333373069763 0.3499999940395355 0.7885416746139526 0.3481481373310089 0.8322916626930237 0.3629629611968994 0.8541666865348816 0.3592592477798462 0.8979166746139526 0.3740740716457367 0.9104166626930237 0.37037035822868347 0.925000011920929 0.38148146867752075 0.9447916746139526 0.3870370388031006 0.9989583492279053 0.38333332538604736 0.971875011920929 0.3722222149372101 0.6822916865348816 0.3314814865589142 0.643750011920929 0.3333333432674408 0.6479166746139526 0.3351851999759674 0.6343749761581421 0.3444444537162781
0 0.33541667461395264 0.3333333432674408 0.33645832538604736 0.3333333432674408 0.3375000059604645 0.3351851999759674 0.34687501192092896 0.3351851999759674 0.3479166626930237 0.33703702688217163 0.3583333194255829 0.33703702688217163 0.359375 0.3351851999759674 0.3604166805744171 0.33703702688217163 0.36145833134651184 0.33703702688217163 0.36250001192092896 0.3351851999759674 0.3635416626930237 0.3351851999759674 0.3656249940395355 0.3314814865589142 0.3489583432674408 0.3314814865589142 0.3479166626930237 0.3333333432674408
0 0.3187499940395355 0.32777777314186096 0.3177083432674408 0.32777777314186096 0.3166666626930237 0.32592591643333435 0.3177083432674408 0.32407405972480774 0.3177083432674408 0.3222222328186035 0.3166666626930237 0.32407405972480774 0.30416667461395264 0.32407405972480774 0.30520832538604736 0.32592591643333435 0.3062500059604645 0.32592591643333435 0.3072916567325592 0.32777777314186096 0.3072916567325592 0.3296296298503876 0.3083333373069763 0.3314814865589142 0.3083333373069763 0.3351851999759674 0.3135416805744171 0.3351851999759674 0.3135416805744171 0.3333333432674408 0.31458333134651184 0.3314814865589142 0.3166666626930237 0.3314814865589142 0.3166666626930237 0.3296296298503876 0.3177083432674408 0.32777777314186096
0 0.5 0.31296294927597046 0.5010416507720947 0.31481480598449707 0.5041666626930237 0.31481480598449707 0.5062500238418579 0.3185185194015503 0.5062500238418579 0.3203703761100769 0.5052083134651184 0.3222222328186035 0.5041666626930237 0.3203703761100769 0.503125011920929 0.3203703761100769 0.5020833611488342 0.3222222328186035 0.5062500238418579 0.3222222328186035 0.5072916746139526 0.3203703761100769 0.5114583373069763 0.3203703761100769 0.5114583373069763 0.3185185194015503 0.5104166865348816 0.3185185194015503 0.5093749761581421 0.3203703761100769 0.5072916746139526 0.3166666626930237 0.5083333253860474 0.31481480598449707 0.5135416388511658 0.31481480598449707 0.515625 0.3185185194015503 0.515625 0.3203703761100769 0.5177083611488342 0.3203703761100769 0.5197916626930237 0.3166666626930237 0.5208333134651184 0.3185185194015503 0.5260416865348816 0.3185185194015503 0.5270833373069763 0.3166666626930237 0.534375011920929 0.3166666626930237 0.5354166626930237 0.31481480598449707 0.5364583134651184 0.31481480598449707 0.5218750238418579 0.31481480598449707 0.5208333134651184 0.31296294927597046
0 0.4166666567325592 0.3203703761100769 0.4416666626930237 0.32407405972480774 0.4468750059604645 0.32777777314186096 0.46875 0.3296296298503876 0.4906249940395355 0.33703702688217163 0.5052083134651184 0.33703702688217163 0.5093749761581421 0.3333333432674408 0.5104166865348816 0.3351851999759674 0.5093749761581421 0.33888888359069824 0.5135416388511658 0.33888888359069824 0.5145833492279053 0.33703702688217163 0.5239583253860474 0.33703702688217163 0.5270833373069763 0.3333333432674408 0.5333333611488342 0.3333333432674408 0.534375011920929 0.3351851999759674 0.550000011920929 0.3351851999759674 0.5510416626930237 0.33703702688217163 0.581250011920929 0.34074074029922485 0.5802083611488342 0.33888888359069824 0.581250011920929 0.33703702688217163 0.5791666507720947 0.33888888359069824 0.5770833492279053 0.3333333432674408 0.5666666626930237 0.3333333432674408 0.5562499761581421 0.3296296298503876 0.5552083253860474 0.3314814865589142 0.5416666865348816 0.3314814865589142 0.5406249761581421 0.3296296298503876 0.5145833492279053 0.32777777314186096 0.5166666507720947 0.3314814865589142 0.5145833492279053 0.3351851999759674 0.5104166865348816 0.3351851999759674 0.5093749761581421 0.3333333432674408 0.512499988079071 0.32777777314186096 0.5093749761581421 0.32777777314186096 0.5104166865348816 0.3296296298503876 0.5093749761581421 0.3333333432674408 0.5010416507720947 0.3333333432674408 0.49791666865348816 0.3314814865589142 0.49687498807907104 0.32592591643333435 0.4937500059604645 0.32407405972480774 0.5 0.3203703761100769 0.48645833134651184 0.3203703761100769 0.4854166805744171 0.3185185194015503 0.4802083373069763 0.3203703761100769 0.4791666567325592 0.31481480598449707 0.4833333194255829 0.31296294927597046 0.4802083373069763 0.31111112236976624 0.4541666805744171 0.31111112236976624 0.4468750059604645 0.307407408952713 0.4364583194255829 0.307407408952713 0.44583332538604736 0.3166666626930237 0.4489583373069763 0.3166666626930237 0.45104166865348816 0.3203703761100769 0.44999998807907104 0.3222222328186035 0.4364583194255829 0.3222222328186035 0.43541666865348816 0.3185185194015503 0.4375 0.31481480598449707 0.4427083432674408 0.3166666626930237 0.43437498807907104 0.31481480598449707 0.43020832538604736 0.31111112236976624 0.4281249940395355 0.31481480598449707 0.43020832538604736 0.3185185194015503 0.42916667461395264 0.3203703761100769
1 0.6072916388511658 0.5925925970077515 0.6104166507720947 0.5925925970077515 0.6114583611488342 0.5944444537162781 0.6156250238418579 0.5944444537162781 0.6166666746139526 0.5962963104248047 0.6260416507720947 0.5962963104248047 0.6270833611488342 0.5981481671333313 0.6322916746139526 0.5981481671333313 0.6333333253860474 0.6000000238418579 0.6385416388511658 0.6000000238418579 0.6395833492279053 0.6018518805503845 0.643750011920929 0.6018518805503845 0.6447916626930237 0.6037036776542664 0.653124988079071 0.6037036776542664 0.6541666388511658 0.605555534362793 0.668749988079071 0.605555534362793 0.6697916388511658 0.6074073910713196 0.6885416507720947 0.6074073910713196 0.6895833611488342 0.6092592477798462 0.7072916626930237 0.6092592477798462 0.7083333134651184 0.6111111044883728 0.7093750238418579 0.6111111044883728 0.7093750238418579 0.6092592477798462 0.706250011920929 0.6092592477798462 0.7052083611488342 0.6074073910713196 0.703125 0.6074073910713196 0.7020833492279053 0.605555534362793 0.6979166865348816 0.605555534362793 0.6968749761581421 0.6037036776542664 0.6927083134651184 0.6037036776542664 0.6916666626930237 0.6018518805503845 0.6885416507720947 0.6018518805503845 0.6875 0.6000000238418579 0.6854166388511658 0.6000000238418579 0.684374988079071 0.5981481671333313 0.6812499761581421 0.5981481671333313 0.6802083253860474 0.5962963104248047 0.6781250238418579 0.5962963104248047 0.6770833134651184 0.5981481671333313 0.6760416626930237 0.5962963104248047 0.6739583611488342 0.5962963104248047 0.6729166507720947 0.5944444537162781 0.6708333492279053 0.5944444537162781 0.6697916388511658 0.5925925970077515 0.6656249761581421 0.5925925970077515 0.6645833253860474 0.5944444537162781 0.659375011920929 0.5944444537162781 0.6583333611488342 0.5925925970077515 0.6552083492279053 0.5925925970077515 0.6541666388511658 0.5944444537162781 0.653124988079071 0.5944444537162781 0.6520833373069763 0.5925925970077515 0.6291666626930237 0.5925925970077515 0.628125011920929 0.5944444537162781 0.625 0.5944444537162781 0.6239583492279053 0.5925925970077515 0.612500011920929 0.5925925970077515 0.6114583611488342 0.5907407402992249 0.6104166507720947 0.5925925970077515
1 0.6364583373069763 0.4722222089767456 0.6364583373069763 0.47777777910232544 0.6427083611488342 0.4851851761341095 0.6489583253860474 0.4870370328426361 0.6614583134651184 0.4981481432914734 0.7447916865348816 0.5370370149612427 0.7875000238418579 0.5444444417953491 0.815625011920929 0.5537037253379822 0.840624988079071 0.5537037253379822 0.8552083373069763 0.5592592358589172 0.8697916865348816 0.5592592358589172 0.878125011920929 0.5481481552124023 0.9166666865348816 0.5481481552124023 0.8541666865348816 0.5259259343147278 0.8416666388511658 0.5185185074806213 0.7791666388511658 0.5018518567085266 0.7666666507720947 0.5018518567085266 0.7635416388511658 0.4981481432914734 0.6927083134651184 0.47592592239379883 0.668749988079071 0.46481481194496155 0.6479166746139526 0.46296295523643494
1 0.0572916679084301 0.46666666865348816 0.05937499925494194 0.46666666865348816 0.06041666492819786 0.46851852536201477 0.06458333134651184 0.46851852536201477 0.06562499701976776 0.46666666865348816 0.0677083358168602 0.46666666865348816 0.06875000149011612 0.46481481194496155 0.07187499850988388 0.46481481194496155 0.0729166641831398 0.46296295523643494 0.07708333432674408 0.46296295523643494 0.07604166865348816 0.46296295523643494 0.07500000298023224 0.4611110985279083 0.06875000149011612 0.4611110985279083 0.0677083358168602 0.4592592716217041 0.0625 0.4592592716217041 0.06145833432674408 0.4611110985279083 0.06041666492819786 0.4611110985279083
1 0.19062499701976776 0.4611110985279083 0.19062499701976776 0.46296295523643494 0.19374999403953552 0.46296295523643494 0.19479165971279144 0.4611110985279083 0.2135416716337204 0.4611110985279083 0.21458333730697632 0.4592592716217041 0.21666666865348816 0.4592592716217041 0.21979166567325592 0.46296295523643494 0.22187499701976776 0.46296295523643494 0.22291666269302368 0.46481481194496155 0.22812500596046448 0.46481481194496155 0.2291666716337204 0.46666666865348816 0.23854166269302368 0.46666666865348816 0.2395833283662796 0.46851852536201477 0.24687500298023224 0.46851852536201477 0.24791666865348816 0.4703703820705414 0.2604166567325592 0.4703703820705414 0.24791666865348816 0.4703703820705414 0.24687500298023224 0.46851852536201477 0.24270834028720856 0.46851852536201477 0.24166665971279144 0.46666666865348816 0.2395833283662796 0.46666666865348816 0.23854166269302368 0.46481481194496155 0.23541666567325592 0.46481481194496155 0.234375 0.46296295523643494 0.23333333432674408 0.46296295523643494 0.23020833730697632 0.4592592716217041 0.22708334028720856 0.4592592716217041 0.22604165971279144 0.4611110985279083 0.22291666269302368 0.4611110985279083 0.22187499701976776 0.4592592716217041 0.22083333134651184 0.4592592716217041 0.21979166567325592 0.4574074149131775 0.21770833432674408 0.4574074149131775 0.21666666865348816 0.4555555582046509 0.20937499403953552 0.4555555582046509 0.20624999701976776 0.4592592716217041 0.19479165971279144 0.4592592716217041 0.19374999403953552 0.4611110985279083
1 0.8260416388511658 0.442592591047287 0.8260416388511658 0.4462963044643402 0.828125 0.44999998807907104 0.8374999761581421 0.4555555582046509 0.846875011920929 0.4574074149131775 0.8604166507720947 0.46481481194496155 0.8812500238418579 0.4703703820705414 0.8822916746139526 0.4722222089767456 0.8812500238418579 0.4740740656852722 0.8770833611488342 0.4740740656852722 0.8854166865348816 0.47592592239379883 0.8864583373069763 0.47777777910232544 0.903124988079071 0.47962963581085205 0.9041666388511658 0.48148149251937866 0.9114583134651184 0.47962963581085205 0.9125000238418579 0.48148149251937866 0.9281250238418579 0.4833333194255829 0.9291666746139526 0.4851851761341095 0.9458333253860474 0.4851851761341095 0.9468749761581421 0.4870370328426361 0.96875 0.4888888895511627 0.9697916507720947 0.49074074625968933 0.9770833253860474 0.49074074625968933 0.9781249761581421 0.49259260296821594 0.9989583492279053 0.49444442987442017 0.9989583492279053 0.47962963581085205 0.9947916865348816 0.47962963581085205 0.9937499761581421 0.47777777910232544 0.981249988079071 0.47592592239379883 0.9802083373069763 0.4740740656852722 0.971875011920929 0.4740740656852722 0.9708333611488342 0.4722222089767456 0.9624999761581421 0.4722222089767456 0.9614583253860474 0.4703703820705414 0.953125 0.4703703820705414 0.9520833492279053 0.46851852536201477 0.9427083134651184 0.46851852536201477 0.9416666626930237 0.46666666865348816 0.9364583492279053 0.46666666865348816 0.9312499761581421 0.46296295523643494 0.9239583611488342 0.46296295523643494 0.9229166507720947 0.4611110985279083 0.9104166626930237 0.4611110985279083 0.909375011920929 0.4592592716217041 0.8958333134651184 0.4574074149131775 0.8885416388511658 0.45370370149612427 0.859375 0.4481481611728668 0.8583333492279053 0.4462963044643402 0.8531249761581421 0.4462963044643402 0.8458333611488342 0.442592591047287 0.8343750238418579 0.442592591047287 0.8333333134651184 0.4407407343387604
1 0.22604165971279144 0.4444444477558136 0.22708334028720856 0.4462963044643402 0.24270834028720856 0.4462963044643402 0.2447916716337204 0.44999998807907104 0.24583333730697632 0.44999998807907104 0.24687500298023224 0.4481481611728668 0.25 0.4481481611728668 0.2510416805744171 0.4462963044643402 0.25208333134651184 0.4462963044643402 0.2541666626930237 0.442592591047287 0.2552083432674408 0.442592591047287 0.2552083432674408 0.4407407343387604 0.2541666626930237 0.43888887763023376 0.24895833432674408 0.43888887763023376 0.24791666865348816 0.4407407343387604 0.24687500298023224 0.4407407343387604 0.2447916716337204 0.43703705072402954 0.2447916716337204 0.43518519401550293 0.24375000596046448 0.43518519401550293 0.24270834028720856 0.4333333373069763 0.23854166269302368 0.4333333373069763 0.23749999701976776 0.43518519401550293 0.234375 0.43518519401550293 0.23333333432674408 0.43703705072402954 0.23125000298023224 0.43703705072402954 0.23020833730697632 0.43888887763023376 0.2291666716337204 0.43888887763023376
1 0.3645833432674408 0.4277777671813965 0.36250001192092896 0.4314814805984497 0.36145833134651184 0.4314814805984497 0.3604166805744171 0.4333333373069763 0.3604166805744171 0.43888887763023376 0.36145833134651184 0.4407407343387604 0.36666667461395264 0.4407407343387604 0.36666667461395264 0.43703705072402954 0.3656249940395355 0.43518519401550293 0.3656249940395355 0.4333333373069763 0.3645833432674408 0.4314814805984497 0.3656249940395355 0.4296296238899231
1 0.4697916805744171 0.42592594027519226 0.47083333134651184 0.4277777671813965 0.47187501192092896 0.4277777671813965 0.4749999940395355 0.4314814805984497 0.47708332538604736 0.4314814805984497 0.4781250059604645 0.4333333373069763 0.49687498807907104 0.4333333373069763 0.49791666865348816 0.43518519401550293 0.5052083134651184 0.43518519401550293 0.5062500238418579 0.43703705072402954 0.5072916746139526 0.43703705072402954 0.5083333253860474 0.43518519401550293 0.5093749761581421 0.43703705072402954 0.5218750238418579 0.43703705072402954 0.5229166746139526 0.43888887763023376 0.5322916507720947 0.43888887763023376 0.5333333611488342 0.4407407343387604 0.5385416746139526 0.4407407343387604 0.5395833253860474 0.43888887763023376 0.5406249761581421 0.43888887763023376 0.5375000238418579 0.43888887763023376 0.5364583134651184 0.43703705072402954 0.5333333611488342 0.43703705072402954 0.5302083492279053 0.4333333373069763 0.5260416865348816 0.4333333373069763 0.5249999761581421 0.4314814805984497 0.5041666626930237 0.4314814805984497 0.503125011920929 0.4296296238899231 0.4989583194255829 0.4296296238899231 0.49791666865348816 0.4277777671813965 0.49270832538604736 0.4277777671813965 0.49166667461395264 0.42592594027519226 0.4854166805744171 0.42592594027519226 0.484375 0.42407408356666565 0.47708332538604736 0.42407408356666565 0.47604167461395264 0.42222222685813904 0.47083333134651184 0.42222222685813904 0.47083333134651184 0.42407408356666565
1 0.21458333730697632 0.42407408356666565 0.21250000596046448 0.4203703701496124 0.20937499403953552 0.4203703701496124 0.2083333283662796 0.4185185134410858 0.203125 0.4185185134410858 0.20208333432674408 0.4203703701496124 0.19687500596046448 0.4203703701496124 0.19479165971279144 0.42407408356666565 0.19374999403953552 0.42407408356666565 0.1927083283662796 0.42592594027519226 0.1927083283662796 0.4277777671813965 0.18958333134651184 0.4333333373069763 0.18958333134651184 0.43518519401550293 0.203125 0.43518519401550293 0.20416666567325592 0.4333333373069763 0.21250000596046448 0.4333333373069763 0.2135416716337204 0.4314814805984497 0.21458333730697632 0.4314814805984497
1 0.0 0.45370370149612427 0.00937500037252903 0.44999998807907104 0.01666666753590107 0.44999998807907104 0.02395833283662796 0.4444444477558136 0.03854166716337204 0.4407407343387604 0.05312500149011612 0.4333333373069763 0.07604166865348816 0.4314814805984497 0.1041666641831398 0.4203703701496124 0.12291666865348816 0.4166666567325592 0.15833333134651184 0.4037036895751953 0.14374999701976776 0.39629629254341125 0.10833333432674408 0.39629629254341125 0.10729166865348816 0.39814814925193787 0.10520832985639572 0.39444443583488464 0.0885416641831398 0.39444443583488464 0.08749999850988388 0.39259257912635803 0.06041666492819786 0.39444443583488464 0.02500000037252903 0.41111111640930176 0.0 0.4148148000240326 0.0 0.4277777671813965 0.004166666883975267 0.4296296238899231 0.02395833283662796 0.4296296238899231 0.02812499925494194 0.4333333373069763 0.02500000037252903 0.43888887763023376 0.0010416667209938169 0.442592591047287 0.0 0.4444444477558136
1 0.44479167461395264 0.3870370388031006 0.47708332538604736 0.39629629254341125 0.5052083134651184 0.41111111640930176 0.6135416626930237 0.42222222685813904 0.609375 0.4296296238899231 0.59375 0.42592594027519226 0.550000011920929 0.4296296238899231 0.590624988079071 0.4407407343387604 0.6385416388511658 0.442592591047287 0.640625 0.4481481611728668 0.7020833492279053 0.4555555582046509 0.7322916388511658 0.4555555582046509 0.7364583611488342 0.442592591047287 0.7333333492279053 0.4407407343387604 0.7364583611488342 0.43888887763023376 0.734375 0.43518519401550293 0.7197916507720947 0.4314814805984497 0.6927083134651184 0.41111111640930176 0.684374988079071 0.40925925970077515 0.690625011920929 0.4148148000240326 0.6854166388511658 0.4166666567325592 0.684374988079071 0.42222222685813904 0.6822916865348816 0.4148148000240326 0.6708333492279053 0.4148148000240326 0.6656249761581421 0.40740740299224854 0.6802083253860474 0.4055555462837219 0.653124988079071 0.39629629254341125 0.6114583611488342 0.39444443583488464 0.5927083492279053 0.4018518626689911 0.5635416507720947 0.4018518626689911 0.5197916626930237 0.385185182094574 0.484375 0.37962964177131653 0.46145832538604736 0.37037035822868347 0.4520833194255829 0.3740740716457367
1 0.0 0.5037037134170532 0.0 0.9981481432914734 0.25 0.9981481432914734 0.4479166567325592 0.7425925731658936 0.4854166805744171 0.8111110925674438 0.4833333194255829 0.9018518328666687 0.5072916746139526 0.9981481432914734 0.6239583492279053 0.9981481432914734 0.6458333134651184 0.9074074029922485 0.6291666626930237 0.9981481432914734 0.9437500238418579 0.9981481432914734 0.8531249761581421 0.8129629492759705 0.8145833611488342 0.8018518686294556 0.793749988079071 0.7518518567085266 0.6354166865348816 0.699999988079071 0.628125011920929 0.6685185432434082 0.5385416746139526 0.6407407522201538 0.5770833492279053 0.5814814567565918 0.5249999761581421 0.5814814567565918 0.4947916567325592 0.5592592358589172 0.5062500238418579 0.5055555701255798 0.4468750059604645 0.4962962865829468 0.3062500059604645 0.42407408356666565 0.4010416567325592 0.41111111640930176 0.36145833134651184 0.41111111640930176 0.35624998807907104 0.3907407522201538 0.3218750059604645 0.3907407522201538 0.3322916626930237 0.3777777850627899 0.3072916567325592 0.3629629611968994 0.2239583283662796 0.36851853132247925 0.24166665971279144 0.385185182094574 0.234375 0.39629629254341125 0.2562499940395355 0.39259257912635803 0.25 0.42407408356666565 0.2906250059604645 0.42222222685813904 0.2593750059604645 0.43888887763023376 0.26770833134651184 0.46666666865348816 0.4208333194255829 0.5629629492759705 0.3958333432674408 0.5888888835906982 0.3427083194255829 0.5944444537162781 0.16770833730697632 0.5407407283782959 0.14166666567325592 0.5148147940635681
1 0.6468750238418579 0.35185185074806213 0.6479166746139526 0.35370370745658875 0.653124988079071 0.35370370745658875 0.6541666388511658 0.35555556416511536 0.659375011920929 0.35555556416511536 0.6604166626930237 0.35740742087364197 0.6635416746139526 0.35740742087364197 0.6645833253860474 0.3592592477798462 0.6635416746139526 0.3611111044883728 0.6604166626930237 0.3611111044883728 0.6677083373069763 0.3611111044883728 0.668749988079071 0.3629629611968994 0.6770833134651184 0.3629629611968994 0.675000011920929 0.3629629611968994 0.6739583611488342 0.3611111044883728 0.6729166507720947 0.3611111044883728 0.671875 0.3592592477798462 0.6708333492279053 0.3611111044883728 0.6697916388511658 0.3611111044883728 0.668749988079071 0.3592592477798462 0.6666666865348816 0.3592592477798462 0.6656249761581421 0.35740742087364197 0.6677083373069763 0.35370370745658875 0.6697916388511658 0.35370370745658875 0.668749988079071 0.35185185074806213 0.659375011920929 0.35185185074806213 0.6583333611488342 0.3499999940395355 0.65625 0.3499999940395355 0.6552083492279053 0.35185185074806213 0.653124988079071 0.35185185074806213 0.6520833373069763 0.35370370745658875 0.6499999761581421 0.3499999940395355 0.6510416865348816 0.35185185074806213 0.6499999761581421 0.35370370745658875 0.6489583253860474 0.35370370745658875 0.6479166746139526 0.35185185074806213
1 0.6604166626930237 0.34074074029922485 0.6854166388511658 0.3444444537162781 0.6895833611488342 0.3481481373310089 0.6854166388511658 0.35185185074806213 0.6989583373069763 0.3592592477798462 0.7239583134651184 0.35555556416511536 0.7385416626930237 0.364814817905426 0.8083333373069763 0.3740740716457367 0.8114583492279053 0.37037035822868347 0.8510416746139526 0.38148146867752075 0.8510416746139526 0.385185182094574 0.8395833373069763 0.385185182094574 0.8583333492279053 0.3907407522201538 0.8614583611488342 0.39629629254341125 0.8291666507720947 0.39259257912635803 0.8760416507720947 0.40740740299224854 0.8760416507720947 0.41111111640930176 0.8635416626930237 0.41111111640930176 0.8729166388511658 0.4166666567325592 0.9041666388511658 0.4185185134410858 0.9427083134651184 0.4296296238899231 0.9385416507720947 0.4277777671813965 0.9385416507720947 0.42222222685813904 0.9541666507720947 0.4203703701496124 0.9427083134651184 0.4055555462837219 0.9989583492279053 0.40740740299224854 0.9989583492279053 0.385185182094574 0.9447916746139526 0.3888888955116272 0.8541666865348816 0.3611111044883728 0.8229166865348816 0.3629629611968994 0.800000011920929 0.35185185074806213 0.7458333373069763 0.35185185074806213 0.6947916746139526 0.34074074029922485
1 0.23854166269302368 0.3481481373310089 0.24270834028720856 0.3481481373310089 0.24375000596046448 0.3499999940395355 0.2552083432674408 0.3499999940395355 0.2562499940395355 0.35185185074806213 0.2697916626930237 0.35185185074806213 0.2708333432674408 0.35370370745658875 0.2906250059604645 0.35370370745658875 0.2916666567325592 0.35555556416511536 0.29374998807907104 0.35370370745658875 0.29479166865348816 0.35555556416511536 0.3166666626930237 0.35555556416511536 0.3177083432674408 0.35740742087364197 0.3239583373069763 0.35740742087364197 0.32499998807907104 0.3592592477798462 0.34062498807907104 0.3592592477798462 0.34166666865348816 0.35740742087364197 0.34583333134651184 0.35740742087364197 0.34687501192092896 0.35555556416511536 0.3489583432674408 0.35555556416511536 0.359375 0.33888888359069824 0.3604166805744171 0.33888888359069824 0.359375 0.33703702688217163 0.3583333194255829 0.33888888359069824 0.3479166626930237 0.33888888359069824 0.34687501192092896 0.33703702688217163 0.3333333432674408 0.33888888359069824 0.3291666805744171 0.34259259700775146 0.32604166865348816 0.34259259700775146 0.3239583373069763 0.3462963104248047 0.3218750059604645 0.3462963104248047 0.3135416805744171 0.35370370745658875 0.3114583194255829 0.35370370745658875 0.30937498807907104 0.3499999940395355 0.31041666865348816 0.3444444537162781 0.3125 0.34074074029922485 0.3135416805744171 0.34074074029922485 0.3125 0.33703702688217163 0.3083333373069763 0.33703702688217163 0.3072916567325592 0.33888888359069824 0.3020833432674408 0.33888888359069824 0.3010416626930237 0.34074074029922485 0.29895833134651184 0.34074074029922485 0.2958333194255829 0.3351851999759674 0.296875 0.3333333432674408 0.29479166865348816 0.3333333432674408 0.29374998807907104 0.3351851999759674 0.2874999940395355 0.3351851999759674 0.2864583432674408 0.33703702688217163 0.2822916805744171 0.33703702688217163 0.27812498807907104 0.34074074029922485 0.2666666805744171 0.34074074029922485 0.265625 0.34259259700775146 0.25833332538604736 0.34259259700775146 0.25729167461395264 0.3444444537162781 0.2541666626930237 0.3444444537162781 0.25312501192092896 0.3462963104248047 0.24791666865348816 0.3462963104248047 0.24687500298023224 0.3481481373310089
1 0.4229166805744171 0.32407405972480774 0.43437498807907104 0.3314814865589142 0.4385416805744171 0.3314814865589142 0.44999998807907104 0.34074074029922485 0.4489583373069763 0.33888888359069824 0.44999998807907104 0.33703702688217163 0.4541666805744171 0.33703702688217163 0.46145832538604736 0.3444444537162781 0.4833333194255829 0.3499999940395355 0.4937500059604645 0.3499999940395355 0.512499988079071 0.35555556416511536 0.5333333611488342 0.35555556416511536 0.5375000238418579 0.3592592477798462 0.5531250238418579 0.3592592477798462 0.5541666746139526 0.3611111044883728 0.5874999761581421 0.3592592477798462 0.5864583253860474 0.35740742087364197 0.5874999761581421 0.35555556416511536 0.6010416746139526 0.3611111044883728 0.6000000238418579 0.35740742087364197 0.596875011920929 0.35555556416511536 0.5833333134651184 0.35370370745658875 0.578125 0.3499999940395355 0.5739583373069763 0.35185185074806213 0.5625 0.3499999940395355 0.5583333373069763 0.3444444537162781 0.5395833253860474 0.34074074029922485 0.5322916507720947 0.33703702688217163 0.5093749761581421 0.34074074029922485 0.5083333253860474 0.33703702688217163 0.5104166865348816 0.3333333432674408 0.515625 0.3314814865589142 0.5135416388511658 0.32777777314186096 0.5104166865348816 0.3333333432674408 0.5072916746139526 0.32407405972480774 0.503125011920929 0.32592591643333435 0.5010416507720947 0.3222222328186035 0.4947916567325592 0.32407405972480774 0.49687498807907104 0.32407405972480774 0.49791666865348816 0.3296296298503876 0.5010416507720947 0.3314814865589142 0.5093749761581421 0.3314814865589142 0.5104166865348816 0.3333333432674408 0.5052083134651184 0.33888888359069824 0.4906249940395355 0.33888888359069824 0.46875 0.3314814865589142 0.4572916626930237 0.3314814865589142 0.45625001192092896 0.3296296298503876 0.4468750059604645 0.3296296298503876 0.4416666626930237 0.32592591643333435
2 0.6458333134651184 0.9092592597007751 0.6458333134651184 0.9111111164093018 0.6447916626930237 0.9129629731178284 0.6447916626930237 0.9166666865348816 0.643750011920929 0.9185185432434082 0.643750011920929 0.9203703999519348 0.6427083611488342 0.9222221970558167 0.6427083611488342 0.9240740537643433 0.6416666507720947 0.9259259104728699 0.6416666507720947 0.9296296238899231 0.640625 0.9314814805984497 0.640625 0.9333333373069763 0.6395833492279053 0.9351851940155029 0.6395833492279053 0.9370370507240295 0.6385416388511658 0.9388889074325562 0.6385416388511658 0.9425926208496094 0.637499988079071 0.9444444179534912 0.637499988079071 0.9462962746620178 0.6364583373069763 0.9481481313705444 0.6364583373069763 0.949999988079071 0.6354166865348816 0.9518518447875977 0.6354166865348816 0.9555555582046509 0.6343749761581421 0.9574074149131775 0.6343749761581421 0.9592592716217041 0.6333333253860474 0.9611111283302307 0.6333333253860474 0.9629629850387573 0.6322916746139526 0.9648148417472839 0.6322916746139526 0.9685184955596924 0.6312500238418579 0.970370352268219 0.6312500238418579 0.9722222089767456 0.6302083134651184 0.9740740656852722 0.6302083134651184 0.9759259223937988 0.6291666626930237 0.9777777791023254 0.6291666626930237 0.9814814925193787 0.628125011920929 0.9833333492279053 0.628125011920929 0.9851852059364319 0.6270833611488342 0.9870370626449585 0.6270833611488342 0.9888888597488403 0.6260416507720947 0.9907407164573669 0.6260416507720947 0.9944444298744202 0.625 0.9962962865829468 0.625 0.9981481432914734 0.628125011920929 0.9981481432914734 0.6354166865348816 0.9851852059364319 0.6354166865348816 0.9833333492279053 0.637499988079071 0.979629635810852 0.637499988079071 0.9777777791023254 0.6395833492279053 0.9740740656852722 0.6395833492279053 0.970370352268219 0.640625 0.9685184955596924 0.640625 0.9666666388511658 0.6416666507720947 0.9648148417472839 0.6416666507720947 0.9611111283302307 0.6427083611488342 0.9592592716217041 0.6427083611488342 0.9333333373069763 0.643750011920929 0.9314814805984497 0.643750011920929 0.9222221970558167 0.6447916626930237 0.9203703999519348 0.6447916626930237 0.914814829826355 0.6458333134651184 0.9129629731178284
2 0.48124998807907104 0.800000011920929 0.4479166567325592 0.7444444298744202 0.359375 0.8444444537162781 0.2760416567325592 0.9666666388511658 0.2510416805744171 0.9981481432914734 0.5062500238418579 0.9981481432914734 0.4885416626930237 0.9333333373069763 0.48229166865348816 0.9018518328666687 0.48229166865348816 0.8629629611968994 0.48750001192092896 0.8425925970077515 0.48750001192092896 0.8277778029441833
2 0.5385416746139526 0.6370370388031006 0.5666666626930237 0.6407407522201538 0.628125011920929 0.6666666865348816 0.6291666626930237 0.6944444179534912 0.731249988079071 0.7240740656852722 0.793749988079071 0.75 0.8145833611488342 0.800000011920929 0.8531249761581421 0.8111110925674438 0.9447916746139526 0.9981481432914734 0.9989583492279053 0.9981481432914734 0.9989583492279053 0.5759259462356567 0.9375 0.550000011920929 0.878125011920929 0.550000011920929 0.8697916865348816 0.5611110925674438 0.737500011920929 0.5370370149612427 0.715624988079071 0.6129629611968994 0.596875011920929 0.5944444537162781 0.5822916626930237 0.5796296000480652 0.5510416626930237 0.6185185313224792 0.550000011920929 0.6296296119689941
2 0.0 0.442592591047287 0.0010416667209938169 0.4407407343387604 0.010416666977107525 0.4407407343387604 0.01145833358168602 0.43888887763023376 0.014583333395421505 0.43888887763023376 0.015625 0.43703705072402954 0.02500000037252903 0.43703705072402954 0.02604166604578495 0.43518519401550293 0.02708333358168602 0.43518519401550293 0.02708333358168602 0.4333333373069763 0.02500000037252903 0.4333333373069763 0.02395833283662796 0.4314814805984497 0.004166666883975267 0.4314814805984497 0.0031250000465661287 0.4296296238899231 0.0 0.4296296238899231
2 0.19062499701976776 0.40925925970077515 0.140625 0.41111111640930176 0.07604166865348816 0.4333333373069763 0.05312500149011612 0.43518519401550293 0.03854166716337204 0.442592591047287 0.02395833283662796 0.4462963044643402 0.01666666753590107 0.45185184478759766 0.0020833334419876337 0.45370370149612427 0.0 0.4555555582046509 0.0 0.5018518567085266 0.02291666716337204 0.49444442987442017 0.02395833283662796 0.49259260296821594 0.02291666716337204 0.49074074625968933 0.03020833246409893 0.48148149251937866 0.06041666492819786 0.4703703820705414 0.05624999850988388 0.46666666865348816 0.0625 0.4574074149131775 0.08229167014360428 0.4611110985279083 0.09375 0.4555555582046509 0.09583333134651184 0.45185184478759766 0.09166666865348816 0.45185184478759766 0.09062500298023224 0.44999998807907104 0.09166666865348816 0.4462963044643402 0.10208333283662796 0.4444444477558136 0.11145833134651184 0.43888887763023376 0.11874999850988388 0.43888887763023376 0.1302083283662796 0.4314814805984497 0.14270833134651184 0.4277777671813965 0.1458333283662796 0.42407408356666565 0.16458334028720856 0.4203703701496124 0.16875000298023224 0.4166666567325592 0.17499999701976776 0.4166666567325592 0.17812499403953552 0.41296297311782837 0.1875 0.41296297311782837
2 0.6656249761581421 0.40925925970077515 0.6666666865348816 0.40925925970077515 0.6677083373069763 0.41111111640930176 0.6697916388511658 0.41111111640930176 0.6708333492279053 0.41296297311782837 0.6822916865348816 0.41296297311782837 0.6833333373069763 0.4148148000240326 0.6895833611488342 0.4148148000240326 0.6885416507720947 0.4148148000240326 0.6864583492279053 0.41111111640930176 0.684374988079071 0.41111111640930176 0.6833333373069763 0.40925925970077515 0.6822916865348816 0.40925925970077515 0.6812499761581421 0.40740740299224854 0.675000011920929 0.40740740299224854 0.6739583611488342 0.40925925970077515
2 0.9020833373069763 0.3722222149372101 0.9020833373069763 0.3740740716457367 0.90625 0.3740740716457367 0.9072916507720947 0.3759259283542633 0.909375011920929 0.3759259283542633 0.9104166626930237 0.3777777850627899 0.9166666865348816 0.3777777850627899 0.9177083373069763 0.37962964177131653 0.921875 0.37962964177131653 0.9197916388511658 0.37962964177131653 0.918749988079071 0.3777777850627899 0.9177083373069763 0.3777777850627899 0.9166666865348816 0.3759259283542633 0.9145833253860474 0.3759259283542633 0.9135416746139526 0.3740740716457367 0.9114583134651184 0.3740740716457367 0.9104166626930237 0.3722222149372101
2 0.5260416865348816 0.3592592477798462 0.528124988079071 0.3592592477798462 0.5291666388511658 0.3611111044883728 0.5354166626930237 0.3611111044883728 0.5364583134651184 0.3629629611968994 0.5479166507720947 0.3629629611968994 0.546875 0.3629629611968994 0.5458333492279053 0.3611111044883728 0.5375000238418579 0.3611111044883728 0.5364583134651184 0.3592592477798462 0.534375011920929 0.3592592477798462 0.5333333611488342 0.35740742087364197 0.5270833373069763 0.35740742087364197
2 0.5270833373069763 0.3351851999759674 0.574999988079071 0.35185185074806213 0.6197916865348816 0.35370370745658875 0.6239583492279053 0.364814817905426 0.5874999761581421 0.35740742087364197 0.5770833492279053 0.3611111044883728 0.5791666507720947 0.36851853132247925 0.5645833611488342 0.3629629611968994 0.5635416507720947 0.36851853132247925 0.6885416507720947 0.3870370388031006 0.7114583253860474 0.4037036895751953 0.6958333253860474 0.4037036895751953 0.7354166507720947 0.43518519401550293 0.7447916865348816 0.4185185134410858 0.9989583492279053 0.44999998807907104 0.9979166388511658 0.42592594027519226 0.9708333611488342 0.40925925970077515 0.9447916746139526 0.40925925970077515 0.9552083611488342 0.4203703701496124 0.9333333373069763 0.4296296238899231 0.8666666746139526 0.4166666567325592 0.8635416626930237 0.40925925970077515 0.8760416507720947 0.40925925970077515 0.828125 0.3907407522201538 0.7447916865348816 0.3759259283542633 0.7489583492279053 0.36666667461395264 0.7239583134651184 0.35740742087364197 0.6812499761581421 0.36666667461395264 0.6781250238418579 0.35740742087364197 0.6666666865348816 0.35370370745658875 0.6770833134651184 0.364814817905426 0.6177083253860474 0.3499999940395355 0.621874988079071 0.3462963104248047 0.6104166507720947 0.3444444537162781 0.6468750238418579 0.3351851999759674 0.5854166746139526 0.3203703761100769 0.5927083492279053 0.33703702688217163 0.581250011920929 0.34259259700775146
2 0.559374988079071 0.31481480598449707 0.5583333373069763 0.31296294927597046 0.5520833134651184 0.31296294927597046 0.5510416626930237 0.31481480598449707 0.543749988079071 0.31481480598449707 0.5427083373069763 0.3166666626930237 0.5354166626930237 0.3166666626930237 0.534375011920929 0.3185185194015503 0.5270833373069763 0.3185185194015503 0.5260416865348816 0.3203703761100769 0.518750011920929 0.3203703761100769 0.515625 0.32407405972480774 0.5083333253860474 0.32407405972480774 0.5083333253860474 0.32592591643333435 0.5229166746139526 0.32592591643333435 0.5239583253860474 0.32777777314186096 0.5406249761581421 0.32777777314186096 0.5416666865348816 0.3296296298503876 0.5541666746139526 0.3296296298503876 0.550000011920929 0.3296296298503876 0.5489583611488342 0.32777777314186096 0.543749988079071 0.32777777314186096 0.5427083373069763 0.32592591643333435 0.528124988079071 0.32592591643333435 0.5249999761581421 0.3222222328186035 0.5260416865348816 0.3203703761100769 0.53125 0.3203703761100769 0.5322916507720947 0.3185185194015503 0.5354166626930237 0.3185185194015503 0.5364583134651184 0.3203703761100769 0.5375000238418579 0.3203703761100769 0.5385416746139526 0.3185185194015503 0.5416666865348816 0.3185185194015503 0.5427083373069763 0.3203703761100769 0.5510416626930237 0.3203703761100769 0.5520833134651184 0.3185185194015503 0.5552083253860474 0.3185185194015503 0.5541666746139526 0.3166666626930237 0.5552083253860474 0.31481480598449707
3 0.3583333194255829 0.4018518626689911 0.359375 0.4037036895751953 0.359375 0.4055555462837219 0.36145833134651184 0.40925925970077515 0.37812501192092896 0.40925925970077515 0.3791666626930237 0.41111111640930176 0.3843750059604645 0.41111111640930176 0.3854166567325592 0.40925925970077515 0.4020833373069763 0.40925925970077515 0.39791667461395264 0.40925925970077515 0.3968749940395355 0.40740740299224854 0.3916666805744171 0.40740740299224854 0.390625 0.4055555462837219 0.3864583373069763 0.4055555462837219 0.3854166567325592 0.4037036895751953 0.3812499940395355 0.4037036895751953 0.3802083432674408 0.4018518626689911 0.36250001192092896 0.4018518626689911 0.36145833134651184 0.4000000059604645 0.3604166805744171 0.4000000059604645 0.359375 0.4018518626689911
3 0.4645833373069763 0.35185185074806213 0.4625000059604645 0.3481481373310089 0.46041667461395264 0.3481481373310089 0.4572916626930237 0.3444444537162781 0.45520833134651184 0.3444444537162781 0.4541666805744171 0.34259259700775146 0.4489583373069763 0.34259259700775146 0.4385416805744171 0.3333333432674408 0.43437498807907104 0.3333333432674408 0.4281249940395355 0.32777777314186096 0.4260416626930237 0.32777777314186096 0.4124999940395355 0.3185185194015503 0.4052083194255829 0.3185185194015503 0.39895832538604736 0.31296294927597046 0.38854166865348816 0.31481480598449707 0.38749998807907104 0.3166666626930237 0.37812501192092896 0.3166666626930237 0.37187498807907104 0.3222222328186035 0.3635416626930237 0.33703702688217163 0.359375 0.34074074029922485 0.3541666567325592 0.3499999940395355 0.34687501192092896 0.3592592477798462 0.34375 0.364814817905426 0.3427083194255829 0.37037035822868347 0.34062498807907104 0.3740740716457367 0.3375000059604645 0.3759259283542633 0.3322916626930237 0.385185182094574 0.33125001192092896 0.3907407522201538 0.3375000059604645 0.3907407522201538 0.3385416567325592 0.3888888955116272 0.3479166626930237 0.3888888955116272 0.3499999940395355 0.3907407522201538 0.35104167461395264 0.3888888955116272 0.35624998807907104 0.3888888955116272 0.3583333194255829 0.39444443583488464 0.3687500059604645 0.39444443583488464 0.3697916567325592 0.39259257912635803 0.39791667461395264 0.39259257912635803 0.39895832538604736 0.39444443583488464 0.43541666865348816 0.39259257912635803 0.44062501192092896 0.385185182094574 0.44479167461395264 0.385185182094574 0.44583332538604736 0.38148146867752075 0.4520833194255829 0.3722222149372101 0.4625000059604645 0.36851853132247925 0.4625000059604645 0.3629629611968994 0.4645833373069763 0.35740742087364197
