0 0.4635416567325592 0.5222222208976746 0.4625000059604645 0.5222222208976746 0.46145832538604736 0.520370364189148 0.4593749940395355 0.520370364189148 0.4583333432674408 0.5185185074806213 0.45520833134651184 0.5185185074806213 0.453125 0.5222222208976746 0.45104166865348816 0.5222222208976746 0.44999998807907104 0.5240740776062012 0.44479167461395264 0.5240740776062012 0.4437499940395355 0.5259259343147278 0.4416666626930237 0.5259259343147278 0.44062501192092896 0.5240740776062012 0.4385416805744171 0.5277777910232544 0.4375 0.5277777910232544 0.4364583194255829 0.529629647731781 0.4427083432674408 0.529629647731781 0.4479166567325592 0.5388888716697693 0.4479166567325592 0.5407407283782959 0.4489583373069763 0.5425925850868225 0.4489583373069763 0.5444444417953491 0.4479166567325592 0.5462962985038757 0.4468750059604645 0.5462962985038757 0.4468750059604645 0.5481481552124023 0.4479166567325592 0.5481481552124023 0.4489583373069763 0.5462962985038757 0.44999998807907104 0.5462962985038757 0.45520833134651184 0.5370370149612427 0.45520833134651184 0.5351851582527161 0.4583333432674408 0.529629647731781 0.4593749940395355 0.529629647731781 0.4625000059604645 0.5240740776062012 0.4635416567325592 0.5240740776062012
0 0.40937501192092896 0.3888888955116272 0.4104166626930237 0.3888888955116272 0.4124999940395355 0.39259257912635803 0.4156250059604645 0.39259257912635803 0.4166666567325592 0.39444443583488464 0.41874998807907104 0.39444443583488464 0.41979166865348816 0.39259257912635803 0.4229166805744171 0.39259257912635803 0.42500001192092896 0.3888888955116272 0.42500001192092896 0.3870370388031006 0.4104166626930237 0.3870370388031006
0 0.4635416567325592 0.5537037253379822 0.4885416626930237 0.5611110925674438 0.49166667461395264 0.529629647731781 0.5083333253860474 0.5629629492759705 0.4958333373069763 0.5777778029441833 0.5208333134651184 0.6314814686775208 0.5166666507720947 0.6666666865348816 0.6072916388511658 0.7055555582046509 0.7052083611488342 0.7666666507720947 0.6958333253860474 0.6666666865348816 0.7072916626930237 0.605555534362793 0.7322916388511658 0.5944444537162781 0.7895833253860474 0.6166666746139526 0.8145833611488342 0.6462963223457336 0.8645833134651184 0.7870370149612427 0.9083333611488342 0.8685185313224792 0.8989583253860474 0.864814817905426 0.9145833253860474 0.8759258985519409 0.9156249761581421 0.894444465637207 0.9385416507720947 0.9166666865348816 0.9760416746139526 0.9870370626449585 0.9989583492279053 0.9981481432914734 0.9989583492279053 0.7444444298744202 0.9104166626930237 0.6592592597007751 0.8645833134651184 0.6388888955116272 0.893750011920929 0.6296296119689941 0.8031250238418579 0.5648148059844971 0.8041666746139526 0.5537037253379822 0.7718750238418579 0.5166666507720947 0.778124988079071 0.5092592835426331 0.8947916626930237 0.5814814567565918 0.9114583134651184 0.5814814567565918 0.7604166865348816 0.46851852536201477 0.7291666865348816 0.41111111640930176 0.699999988079071 0.41111111640930176 0.6322916746139526 0.38148146867752075 0.6510416865348816 0.40925925970077515 0.625 0.41111111640930176 0.5947916507720947 0.39814814925193787 0.5989583134651184 0.385185182094574 0.5833333134651184 0.385185182094574 0.574999988079071 0.41296297311782837 0.5802083611488342 0.43888887763023376 0.5645833611488342 0.46851852536201477 0.578125 0.48148149251937866 0.559374988079071 0.4833333194255829 0.5552083253860474 0.4962962865829468 0.5020833611488342 0.5 0.4885416626930237 0.5314815044403076 0.46875 0.5388888716697693
0 0.09687499701976776 0.35370370745658875 0.09270833432674408 0.35370370745658875 0.09166666865348816 0.35185185074806213 0.08645833283662796 0.35185185074806213 0.08541666716337204 0.3499999940395355 0.08437500149011612 0.35185185074806213 0.08124999701976776 0.35185185074806213 0.08020833134651184 0.3499999940395355 0.07604166865348816 0.3499999940395355 0.07500000298023224 0.35185185074806213 0.0677083358168602 0.35185185074806213 0.06666667014360428 0.35370370745658875 0.06354166567325592 0.35370370745658875 0.0625 0.35555556416511536 0.05833333358168602 0.35555556416511536 0.0572916679084301 0.35740742087364197 0.05000000074505806 0.35740742087364197 0.04895833507180214 0.3592592477798462 0.0416666679084301 0.3592592477798462 0.04062499850988388 0.3611111044883728 0.03125 0.3611111044883728 0.03020833246409893 0.3629629611968994 0.02812499925494194 0.3629629611968994 0.02708333358168602 0.364814817905426 0.02500000037252903 0.364814817905426 0.02395833283662796 0.36666667461395264 0.02083333395421505 0.36666667461395264 0.01979166641831398 0.36851853132247925 0.012500000186264515 0.36851853132247925 0.01145833358168602 0.37037035822868347 0.0052083334885537624 0.37037035822868347 0.004166666883975267 0.3722222149372101 0.0 0.3722222149372101 0.0 0.38148146867752075 0.0020833334419876337 0.38148146867752075 0.0031250000465661287 0.37962964177131653 0.008333333767950535 0.37962964177131653 0.00937500037252903 0.3777777850627899 0.015625 0.3777777850627899 0.01666666753590107 0.3759259283542633 0.01979166641831398 0.3759259283542633 0.02083333395421505 0.3740740716457367 0.02291666716337204 0.3740740716457367 0.02604166604578495 0.37037035822868347 0.02812499925494194 0.37037035822868347 0.02916666679084301 0.36851853132247925 0.03229166567325592 0.36851853132247925 0.03333333507180214 0.36666667461395264 0.05104166641831398 0.36666667461395264 0.0520833320915699 0.364814817905426 0.05520833283662796 0.364814817905426 0.05624999850988388 0.3629629611968994 0.05833333358168602 0.3629629611968994 0.06145833432674408 0.3592592477798462 0.06458333134651184 0.3592592477798462 0.06562499701976776 0.35740742087364197 0.07083333283662796 0.35740742087364197 0.07187499850988388 0.35555556416511536 0.09270833432674408 0.35555556416511536 0.09375 0.35370370745658875
0 0.7416666746139526 0.33888888359069824 0.7427083253860474 0.34074074029922485 0.7458333373069763 0.34074074029922485 0.746874988079071 0.34259259700775146 0.7489583492279053 0.34259259700775146 0.75 0.3444444537162781 0.753125011920929 0.3444444537162781 0.7541666626930237 0.3462963104248047 0.7593749761581421 0.3462963104248047 0.7604166865348816 0.3481481373310089 0.7677083611488342 0.3481481373310089 0.768750011920929 0.3499999940395355 0.7718750238418579 0.3499999940395355 0.7697916626930237 0.3499999940395355 0.768750011920929 0.3481481373310089 0.7697916626930237 0.3462963104248047 0.7708333134651184 0.3462963104248047 0.7718750238418579 0.3444444537162781 0.7729166746139526 0.3444444537162781 0.7739583253860474 0.3462963104248047 0.7749999761581421 0.3462963104248047 0.7760416865348816 0.3481481373310089 0.7791666388511658 0.3481481373310089 0.7802083492279053 0.3462963104248047 0.7822916507720947 0.3462963104248047 0.78125 0.3444444537162781 0.7791666388511658 0.3444444537162781 0.778124988079071 0.34259259700775146 0.7729166746139526 0.34259259700775146 0.7718750238418579 0.34074074029922485 0.7541666626930237 0.34074074029922485 0.753125011920929 0.33888888359069824
0 0.0 0.4833333194255829 0.07083333283662796 0.47962963581085205 0.125 0.4555555582046509 0.13854166865348816 0.4555555582046509 0.1614583283662796 0.442592591047287 0.17604166269302368 0.42407408356666565 0.18645833432674408 0.43518519401550293 0.29479166865348816 0.4314814805984497 0.3270833194255829 0.4185185134410858 0.33645832538604736 0.40740740299224854 0.3427083194255829 0.40925925970077515 0.37708333134651184 0.38148146867752075 0.3447916805744171 0.3777777850627899 0.3218750059604645 0.35185185074806213 0.29374998807907104 0.34259259700775146 0.21458333730697632 0.3444444537162781 0.12708333134651184 0.3592592477798462 0.12187500298023224 0.35370370745658875 0.16041666269302368 0.33888888359069824 0.10833333432674408 0.3444444537162781 0.12708333134651184 0.3444444537162781 0.11354167014360428 0.3499999940395355 0.12395833432674408 0.35370370745658875 0.0 0.3870370388031006 0.0020833334419876337 0.39444443583488464 0.03750000149011612 0.3870370388031006 0.046875 0.3777777850627899 0.0625 0.3777777850627899 0.04895833507180214 0.3907407522201538 0.0 0.4055555462837219 0.0 0.4203703701496124 0.01770833320915699 0.42222222685813904 0.00937500037252903 0.43518519401550293 0.0 0.43888887763023376
0 0.7833333611488342 0.3314814865589142 0.7989583611488342 0.33888888359069824 0.7875000238418579 0.34074074029922485 0.7958333492279053 0.34259259700775146 0.796875 0.3481481373310089 0.7885416746139526 0.3481481373310089 0.7979166507720947 0.35370370745658875 0.7906249761581421 0.35740742087364197 0.7947916388511658 0.3611111044883728 0.784375011920929 0.36851853132247925 0.793749988079071 0.3722222149372101 0.7979166507720947 0.37962964177131653 0.793749988079071 0.38333332538604736 0.7947916388511658 0.39259257912635803 0.800000011920929 0.39444443583488464 0.7947916388511658 0.39629629254341125 0.7947916388511658 0.40740740299224854 0.7864583134651184 0.40740740299224854 0.8010416626930237 0.42592594027519226 0.8416666388511658 0.4555555582046509 0.871874988079071 0.4962962865829468 0.8697916865348816 0.5 0.9583333134651184 0.5425925850868225 0.9989583492279053 0.5518518686294556 0.9989583492279053 0.4444444477558136 0.8968750238418579 0.39259257912635803 0.8999999761581421 0.3870370388031006 0.8885416388511658 0.38148146867752075 0.890625 0.385185182094574 0.887499988079071 0.3870370388031006 0.8520833253860474 0.3611111044883728 0.8447916507720947 0.3499999940395355 0.8854166865348816 0.35185185074806213 0.9989583492279053 0.4055555462837219 0.9989583492279053 0.3462963104248047 0.953125 0.33703702688217163 0.9614583253860474 0.3444444537162781 0.965624988079071 0.3592592477798462 0.9302083253860474 0.3462963104248047 0.9281250238418579 0.34074074029922485 0.9197916388511658 0.3462963104248047 0.9156249761581421 0.35740742087364197 0.831250011920929 0.3314814865589142
0 0.6499999761581421 0.33888888359069824 0.628125011920929 0.32777777314186096 0.6239583492279053 0.3222222328186035 0.5791666507720947 0.32592591643333435 0.565625011920929 0.32407405972480774 0.5625 0.32777777314186096 0.5447916388511658 0.32777777314186096 0.5416666865348816 0.3314814865589142 0.5562499761581421 0.34259259700775146 0.5552083253860474 0.3499999940395355 0.559374988079071 0.35370370745658875 0.5552083253860474 0.35740742087364197 0.5239583253860474 0.35555556416511536 0.4677083194255829 0.3629629611968994 0.4625000059604645 0.36851853132247925 0.46666666865348816 0.3759259283542633 0.4645833373069763 0.37962964177131653 0.47083333134651184 0.3888888955116272 0.46041667461395264 0.4018518626689911 0.46562498807907104 0.4166666567325592 0.4583333432674408 0.46296295523643494 0.46666666865348816 0.4611110985279083 0.4697916805744171 0.46481481194496155 0.4645833373069763 0.48148149251937866 0.4802083373069763 0.47962963581085205 0.48750001192092896 0.4851851761341095 0.49791666865348816 0.4851851761341095 0.4989583194255829 0.47777777910232544 0.5145833492279053 0.4407407343387604 0.518750011920929 0.42407408356666565 0.5270833373069763 0.4037036895751953 0.53125 0.4000000059604645 0.5270833373069763 0.39814814925193787 0.5302083492279053 0.39444443583488464 0.5302083492279053 0.3888888955116272 0.534375011920929 0.39444443583488464 0.5416666865348816 0.385185182094574 0.5520833134651184 0.37962964177131653 0.5760416388511658 0.38148146867752075 0.5614583492279053 0.3759259283542633 0.559374988079071 0.3722222149372101 0.5708333253860474 0.3611111044883728 0.590624988079071 0.35740742087364197 0.6010416746139526 0.3481481373310089 0.6031249761581421 0.3499999940395355 0.606249988079071 0.34259259700775146 0.6135416626930237 0.33703702688217163 0.6364583373069763 0.33703702688217163 0.6395833492279053 0.34074074029922485 0.6395833492279053 0.35185185074806213
0 0.05000000074505806 0.3092592656612396 0.0520833320915699 0.307407408952713 0.0572916679084301 0.3092592656612396 0.05937499925494194 0.3055555522441864 0.07395832985639572 0.3055555522441864 0.07708333432674408 0.3092592656612396 0.07604166865348816 0.31111112236976624 0.07395832985639572 0.31111112236976624 0.0729166641831398 0.31296294927597046 0.06666667014360428 0.31296294927597046 0.06875000149011612 0.31481480598449707 0.0729166641831398 0.31481480598449707 0.07395832985639572 0.3166666626930237 0.08020833134651184 0.3166666626930237 0.08020833134651184 0.31481480598449707 0.078125 0.31111112236976624 0.08020833134651184 0.3092592656612396 0.08124999701976776 0.3055555522441864 0.09166666865348816 0.3055555522441864 0.09270833432674408 0.307407408952713 0.09375 0.3055555522441864 0.09479166567325592 0.307407408952713 0.10000000149011612 0.307407408952713 0.10208333283662796 0.31111112236976624 0.10104166716337204 0.31296294927597046 0.0989583358168602 0.31296294927597046 0.09791667014360428 0.31111112236976624 0.09583333134651184 0.31296294927597046 0.09062500298023224 0.31296294927597046 0.09062500298023224 0.31481480598449707 0.0989583358168602 0.31481480598449707 0.10000000149011612 0.31296294927597046 0.10312499850988388 0.31296294927597046 0.1041666641831398 0.31481480598449707 0.10729166865348816 0.31481480598449707 0.10833333432674408 0.3166666626930237 0.10729166865348816 0.3185185194015503 0.10833333432674408 0.3203703761100769 0.11249999701976776 0.3203703761100769 0.10833333432674408 0.3203703761100769 0.10729166865348816 0.3185185194015503 0.10833333432674408 0.3166666626930237 0.12187500298023224 0.3166666626930237 0.12291666865348816 0.31481480598449707 0.13333334028720856 0.31481480598449707 0.13333334028720856 0.31296294927597046 0.12604166567325592 0.31296294927597046 0.125 0.31111112236976624 0.12604166567325592 0.3092592656612396 0.13333334028720856 0.307407408952713 0.13124999403953552 0.307407408952713 0.1302083283662796 0.3055555522441864 0.13229165971279144 0.3037036955356598 0.1302083283662796 0.3055555522441864 0.12187500298023224 0.3055555522441864 0.12083332985639572 0.307407408952713 0.11874999850988388 0.307407408952713 0.11770833283662796 0.3055555522441864 0.09583333134651184 0.3055555522441864 0.09479166567325592 0.3037036955356598 0.08124999701976776 0.3037036955356598 0.08020833134651184 0.3055555522441864 0.0520833320915699 0.3055555522441864
0 0.20104166865348816 0.3055555522441864 0.20000000298023224 0.3055555522441864 0.19895833730697632 0.3037036955356598 0.1979166716337204 0.3037036955356598 0.19479165971279144 0.30000001192092896 0.19166666269302368 0.30000001192092896 0.19062499701976776 0.29814815521240234 0.18541666865348816 0.29814815521240234 0.18437500298023224 0.29629629850387573 0.17916665971279144 0.29629629850387573 0.17812499403953552 0.2944444417953491 0.17812499403953552 0.29629629850387573 0.1770833283662796 0.29814815521240234 0.17395833134651184 0.29814815521240234 0.17291666567325592 0.30000001192092896 0.17083333432674408 0.30000001192092896 0.16979166865348816 0.3018518388271332 0.16458334028720856 0.3018518388271332 0.16354165971279144 0.3037036955356598 0.15833333134651184 0.3037036955356598 0.15729166567325592 0.3055555522441864 0.15625 0.3055555522441864 0.15416666865348816 0.3018518388271332 0.15520833432674408 0.30000001192092896 0.1510416716337204 0.30000001192092896 0.15000000596046448 0.29814815521240234 0.14687499403953552 0.29814815521240234 0.1458333283662796 0.30000001192092896 0.14270833134651184 0.30000001192092896 0.14270833134651184 0.3037036955356598 0.14374999701976776 0.3055555522441864 0.14791665971279144 0.3055555522441864 0.14895834028720856 0.307407408952713 0.15312500298023224 0.307407408952713 0.15416666865348816 0.3055555522441864 0.1614583283662796 0.3055555522441864 0.16354165971279144 0.3092592656612396 0.16249999403953552 0.31111112236976624 0.15416666865348816 0.31111112236976624 0.15520833432674408 0.31111112236976624 0.15625 0.31296294927597046 0.15729166567325592 0.31111112236976624 0.1614583283662796 0.31111112236976624 0.16249999403953552 0.31296294927597046 0.18020834028720856 0.31296294927597046 0.18125000596046448 0.31111112236976624 0.19062499701976776 0.31111112236976624 0.19166666269302368 0.3092592656612396 0.19687500596046448 0.3092592656612396 0.1979166716337204 0.307407408952713 0.20000000298023224 0.307407408952713
1 0.7083333134651184 0.605555534362793 0.706250011920929 0.6222222447395325 0.699999988079071 0.6277777552604675 0.6989583373069763 0.664814829826355 0.6968749761581421 0.6666666865348816 0.6989583373069763 0.7055555582046509 0.703125 0.7148148417472839 0.703125 0.7444444298744202 0.7083333134651184 0.7481481432914734 0.7020833492279053 0.75 0.7333333492279053 0.8407407402992249 0.7520833611488342 0.8814814686775208 0.7677083611488342 0.949999988079071 0.7875000238418579 0.9981481432914734 0.9833333492279053 0.9981481432914734 0.965624988079071 0.9666666388511658 0.953125 0.9537037014961243 0.9458333253860474 0.9370370507240295 0.9479166865348816 0.9351851940155029 0.9385416507720947 0.9185185432434082 0.9156249761581421 0.8962963223457336 0.9125000238418579 0.8888888955116272 0.9156249761581421 0.8870370388031006 0.9125000238418579 0.8796296119689941 0.9145833253860474 0.8777777552604675 0.9083333611488342 0.8722222447395325 0.9072916507720947 0.8796296119689941 0.8999999761581421 0.8666666746139526 0.9083333611488342 0.8666666746139526 0.9041666388511658 0.855555534362793 0.8947916626930237 0.8481481671333313 0.8843749761581421 0.8185185194015503 0.8635416626930237 0.7870370149612427 0.8322916626930237 0.6981481313705444 0.815625011920929 0.6611111164093018 0.815625011920929 0.6518518328666687 0.8072916865348816 0.6370370388031006 0.7895833253860474 0.6185185313224792 0.762499988079071 0.6037036776542664 0.7250000238418579 0.5962963104248047
1 0.4468750059604645 0.5648148059844971 0.44479167461395264 0.5611110925674438 0.4427083432674408 0.5611110925674438 0.4416666626930237 0.5592592358589172 0.44062501192092896 0.5592592358589172 0.43958333134651184 0.5574073791503906 0.4385416805744171 0.5574073791503906 0.4375 0.5592592358589172 0.43541666865348816 0.5592592358589172 0.43437498807907104 0.5611110925674438 0.4322916567325592 0.5611110925674438 0.4270833432674408 0.5703703761100769 0.4260416626930237 0.5703703761100769 0.42500001192092896 0.5722222328186035 0.42395833134651184 0.5722222328186035 0.4208333194255829 0.5777778029441833 0.421875 0.5777778029441833 0.4229166805744171 0.5759259462356567 0.4260416626930237 0.5759259462356567 0.43020832538604736 0.5685185194015503 0.4312500059604645 0.5685185194015503 0.4322916567325592 0.5666666626930237 0.4333333373069763 0.5666666626930237 0.43437498807907104 0.5648148059844971 0.43541666865348816 0.5648148059844971 0.4364583194255829 0.5629629492759705 0.4427083432674408 0.5629629492759705 0.4437499940395355 0.5648148059844971
1 0.49166667461395264 0.5314815044403076 0.49166667461395264 0.5333333611488342 0.4906249940395355 0.5351851582527161 0.4906249940395355 0.5388888716697693 0.49166667461395264 0.5407407283782959 0.4885416626930237 0.5462962985038757 0.4885416626930237 0.5481481552124023 0.4895833432674408 0.550000011920929 0.4885416626930237 0.5518518686294556 0.48750001192092896 0.5518518686294556 0.48750001192092896 0.5555555820465088 0.4885416626930237 0.5574073791503906 0.4885416626930237 0.5592592358589172 0.4895833432674408 0.5611110925674438 0.4937500059604645 0.5611110925674438 0.4947916567325592 0.5629629492759705 0.5 0.5629629492759705 0.5010416507720947 0.5648148059844971 0.5072916746139526 0.5648148059844971 0.5072916746139526 0.5629629492759705 0.5062500238418579 0.5629629492759705 0.5041666626930237 0.5592592358589172 0.5041666626930237 0.5574073791503906 0.5020833611488342 0.5574073791503906 0.4989583194255829 0.5518518686294556 0.4989583194255829 0.550000011920929 0.4947916567325592 0.5425925850868225 0.4947916567325592 0.5370370149612427
1 0.24166665971279144 0.49259260296821594 0.234375 0.49259260296821594 0.23333333432674408 0.49444442987442017 0.23125000298023224 0.49444442987442017 0.23020833730697632 0.4962962865829468 0.2291666716337204 0.4962962865829468 0.22812500596046448 0.4981481432914734 0.22708334028720856 0.4981481432914734 0.23333333432674408 0.4981481432914734 0.234375 0.4962962865829468 0.2395833283662796 0.4962962865829468 0.24062499403953552 0.49444442987442017 0.24166665971279144 0.49444442987442017
1 0.6822916865348816 0.4611110985279083 0.6822916865348816 0.46481481194496155 0.6812499761581421 0.46666666865348816 0.6822916865348816 0.46666666865348816 0.6875 0.4740740656852722 0.6885416507720947 0.4740740656852722 0.6895833611488342 0.47592592239379883 0.6927083134651184 0.47777777910232544 0.6947916746139526 0.48148149251937866 0.6958333253860474 0.48148149251937866 0.6968749761581421 0.4833333194255829 0.699999988079071 0.4851851761341095 0.7020833492279053 0.4888888895511627 0.706250011920929 0.4888888895511627 0.7072916626930237 0.49074074625968933 0.7104166746139526 0.49074074625968933 0.7114583253860474 0.49259260296821594 0.7124999761581421 0.49259260296821594 0.7135416865348816 0.49444442987442017 0.7135416865348816 0.4962962865829468 0.7145833373069763 0.4962962865829468 0.7166666388511658 0.5 0.7177083492279053 0.5 0.7229166626930237 0.5074074268341064 0.7250000238418579 0.5074074268341064 0.7260416746139526 0.5092592835426331 0.7260416746139526 0.5111111402511597 0.7270833253860474 0.5111111402511597 0.7281249761581421 0.5129629373550415 0.731249988079071 0.5148147940635681 0.7333333492279053 0.5185185074806213 0.7364583611488342 0.520370364189148 0.7385416626930237 0.5240740776062012 0.7395833134651184 0.5240740776062012 0.7427083253860474 0.5277777910232544 0.7447916865348816 0.5277777910232544 0.7447916865348816 0.5259259343147278 0.7437499761581421 0.5240740776062012 0.7447916865348816 0.5222222208976746 0.7447916865348816 0.520370364189148 0.7437499761581421 0.5185185074806213 0.7427083253860474 0.5185185074806213 0.7406250238418579 0.5148147940635681 0.7395833134651184 0.5148147940635681 0.7354166507720947 0.5074074268341064 0.734375 0.5074074268341064 0.731249988079071 0.5018518567085266 0.7281249761581421 0.5 0.7260416746139526 0.4962962865829468 0.7270833253860474 0.49444442987442017 0.7281249761581421 0.49444442987442017 0.7281249761581421 0.49259260296821594 0.7250000238418579 0.4870370328426361 0.7239583134651184 0.4870370328426361 0.7229166626930237 0.4851851761341095 0.721875011920929 0.4851851761341095 0.7208333611488342 0.4833333194255829 0.7197916507720947 0.4833333194255829 0.7166666388511658 0.47962963581085205 0.7145833373069763 0.47962963581085205 0.7135416865348816 0.47777777910232544 0.7104166746139526 0.47777777910232544 0.7083333134651184 0.4740740656852722 0.7072916626930237 0.4740740656852722 0.7052083611488342 0.4703703820705414 0.7041666507720947 0.4703703820705414 0.7020833492279053 0.46666666865348816 0.7020833492279053 0.46481481194496155 0.7010416388511658 0.46481481194496155 0.6979166865348816 0.4592592716217041 0.6947916746139526 0.4574074149131775 0.6916666626930237 0.45185184478759766 0.6895833611488342 0.45185184478759766 0.6885416507720947 0.45370370149612427 0.6875 0.45370370149612427 0.684374988079071 0.4592592716217041 0.6833333373069763 0.4592592716217041
1 0.9135416746139526 0.4481481611728668 0.9156249761581421 0.4481481611728668 0.9166666865348816 0.44999998807907104 0.918749988079071 0.44999998807907104 0.9197916388511658 0.45185184478759766 0.921875 0.45185184478759766 0.9229166507720947 0.45370370149612427 0.925000011920929 0.45370370149612427 0.9260416626930237 0.4555555582046509 0.9291666746139526 0.4555555582046509 0.9302083253860474 0.4574074149131775 0.9322916865348816 0.4574074149131775 0.9333333373069763 0.4592592716217041 0.9364583492279053 0.4592592716217041 0.9375 0.4611110985279083 0.9395833611488342 0.4611110985279083 0.940625011920929 0.46296295523643494 0.9427083134651184 0.46296295523643494 0.9437500238418579 0.46481481194496155 0.9468749761581421 0.46481481194496155 0.9479166865348816 0.46666666865348816 0.9510416388511658 0.46666666865348816 0.9520833492279053 0.46851852536201477 0.956250011920929 0.46851852536201477 0.9572916626930237 0.4703703820705414 0.9593750238418579 0.4703703820705414 0.9583333134651184 0.4703703820705414 0.956250011920929 0.46666666865348816 0.956250011920929 0.46481481194496155 0.9520833492279053 0.46481481194496155 0.949999988079071 0.4611110985279083 0.9479166865348816 0.4611110985279083 0.9468749761581421 0.4592592716217041 0.9468749761581421 0.4574074149131775 0.9416666626930237 0.4574074149131775 0.940625011920929 0.4555555582046509 0.9395833611488342 0.4555555582046509 0.9385416507720947 0.45370370149612427 0.925000011920929 0.45370370149612427 0.9239583611488342 0.45185184478759766 0.921875 0.45185184478759766 0.9208333492279053 0.44999998807907104 0.9166666865348816 0.44999998807907104 0.9156249761581421 0.4481481611728668
1 0.0 0.43703705072402954 0.0031250000465661287 0.43703705072402954 0.004166666883975267 0.43518519401550293 0.0072916666977107525 0.43518519401550293 0.008333333767950535 0.4333333373069763 0.00937500037252903 0.4333333373069763 0.014583333395421505 0.42407408356666565 0.015625 0.42407408356666565 0.01666666753590107 0.42222222685813904 0.015625 0.42222222685813904 0.014583333395421505 0.42407408356666565 0.008333333767950535 0.42407408356666565 0.0072916666977107525 0.42222222685813904 0.0 0.42222222685813904
1 0.7302083373069763 0.41111111640930176 0.7604166865348816 0.46666666865348816 0.9125000238418579 0.5814814567565918 0.8968750238418579 0.5777778029441833 0.8947916626930237 0.5833333134651184 0.887499988079071 0.5740740895271301 0.8677083253860474 0.5666666626930237 0.8604166507720947 0.5555555820465088 0.8447916507720947 0.5462962985038757 0.8333333134651184 0.550000011920929 0.7906249761581421 0.5148147940635681 0.7729166746139526 0.5111111402511597 0.7729166746139526 0.5166666507720947 0.8072916865348816 0.5574073791503906 0.8031250238418579 0.5629629492759705 0.831250011920929 0.5814814567565918 0.8416666388511658 0.5814814567565918 0.8864583373069763 0.6185185313224792 0.8916666507720947 0.6296296119689941 0.8687499761581421 0.6314814686775208 0.8645833134651184 0.6370370388031006 0.8739583492279053 0.6462963223457336 0.9104166626930237 0.6574074029922485 0.9989583492279053 0.7425925731658936 0.9989583492279053 0.5537037253379822 0.9583333134651184 0.5444444417953491 0.8697916865348816 0.5018518567085266 0.871874988079071 0.4981481432914734 0.8416666388511658 0.4574074149131775 0.8010416626930237 0.4277777671813965 0.7854166626930237 0.40740740299224854 0.753125011920929 0.4018518626689911
1 0.5083333253860474 0.3777777850627899 0.5104166865348816 0.3777777850627899 0.5166666507720947 0.3888888955116272 0.5177083611488342 0.3888888955116272 0.5197916626930237 0.39259257912635803 0.5208333134651184 0.39259257912635803 0.5197916626930237 0.3907407522201538 0.5197916626930237 0.3888888955116272 0.518750011920929 0.3870370388031006 0.518750011920929 0.385185182094574 0.5197916626930237 0.38333332538604736 0.5229166746139526 0.38333332538604736 0.5208333134651184 0.37962964177131653 0.5197916626930237 0.37962964177131653 0.518750011920929 0.3777777850627899
1 0.06145833432674408 0.3777777850627899 0.05520833283662796 0.3777777850627899 0.05416666716337204 0.37962964177131653 0.046875 0.37962964177131653 0.04583333432674408 0.38148146867752075 0.04270833358168602 0.38148146867752075 0.0416666679084301 0.38333332538604736 0.03958333283662796 0.38333332538604736 0.03854166716337204 0.385185182094574 0.03750000149011612 0.385185182094574 0.0364583320915699 0.3870370388031006 0.03437500074505806 0.3870370388031006 0.03333333507180214 0.3888888955116272 0.03125 0.3888888955116272 0.03020833246409893 0.3907407522201538 0.01354166679084301 0.3907407522201538 0.012500000186264515 0.39259257912635803 0.0072916666977107525 0.39259257912635803 0.0062500000931322575 0.39444443583488464 0.0031250000465661287 0.39444443583488464 0.0020833334419876337 0.39629629254341125 0.0 0.39629629254341125 0.0 0.4037036895751953 0.0052083334885537624 0.4037036895751953 0.0062500000931322575 0.4018518626689911 0.01145833358168602 0.4018518626689911 0.012500000186264515 0.4000000059604645 0.01770833320915699 0.4000000059604645 0.01875000074505806 0.39814814925193787 0.02291666716337204 0.39814814925193787 0.02395833283662796 0.39629629254341125 0.02812499925494194 0.39629629254341125 0.02916666679084301 0.39444443583488464 0.03333333507180214 0.39444443583488464 0.03437500074505806 0.39259257912635803 0.03958333283662796 0.39259257912635803 0.04062499850988388 0.3907407522201538 0.04479166492819786 0.3907407522201538 0.04583333432674408 0.3888888955116272 0.04895833507180214 0.3888888955116272 0.05000000074505806 0.3870370388031006 0.05104166641831398 0.3870370388031006 0.0520833320915699 0.385185182094574 0.05312500149011612 0.385185182094574 0.05416666716337204 0.38333332538604736 0.05520833283662796 0.38333332538604736 0.05624999850988388 0.38148146867752075 0.0572916679084301 0.38148146867752075 0.05833333358168602 0.37962964177131653 0.05937499925494194 0.37962964177131653 0.06041666492819786 0.3777777850627899
1 0.534375011920929 0.37962964177131653 0.5364583134651184 0.37962964177131653 0.5375000238418579 0.38148146867752075 0.5375000238418579 0.38333332538604736 0.543749988079071 0.38333332538604736 0.5447916388511658 0.38148146867752075 0.5458333492279053 0.38148146867752075 0.5447916388511658 0.37962964177131653 0.5458333492279053 0.3777777850627899 0.5458333492279053 0.3759259283542633 0.5447916388511658 0.3759259283542633 0.543749988079071 0.3740740716457367 0.5395833253860474 0.3740740716457367 0.5385416746139526 0.3759259283542633 0.5364583134651184 0.3759259283542633
1 0.5322916507720947 0.36666667461395264 0.5333333611488342 0.36666667461395264 0.534375011920929 0.36851853132247925 0.5427083373069763 0.36851853132247925 0.543749988079071 0.36666667461395264 0.5458333492279053 0.36666667461395264 0.5458333492279053 0.364814817905426 0.543749988079071 0.3611111044883728 0.5406249761581421 0.3611111044883728 0.5395833253860474 0.3592592477798462 0.5385416746139526 0.3592592477798462 0.5375000238418579 0.3611111044883728 0.5354166626930237 0.3611111044883728
1 0.12395833432674408 0.35185185074806213 0.11145833134651184 0.35185185074806213 0.11041666567325592 0.35370370745658875 0.10208333283662796 0.35370370745658875 0.10104166716337204 0.35555556416511536 0.09375 0.35555556416511536 0.09270833432674408 0.35740742087364197 0.07187499850988388 0.35740742087364197 0.07083333283662796 0.3592592477798462 0.06562499701976776 0.3592592477798462 0.06458333134651184 0.3611111044883728 0.06145833432674408 0.3611111044883728 0.05833333358168602 0.364814817905426 0.0520833320915699 0.36666667461395264 0.05104166641831398 0.36851853132247925 0.03333333507180214 0.36851853132247925 0.03229166567325592 0.37037035822868347 0.02604166604578495 0.3722222149372101 0.01979166641831398 0.3777777850627899 0.01666666753590107 0.3777777850627899 0.015625 0.37962964177131653 0.00937500037252903 0.37962964177131653 0.008333333767950535 0.38148146867752075 0.0031250000465661287 0.38148146867752075 0.0020833334419876337 0.38333332538604736 0.0 0.38333332538604736 0.0 0.385185182094574 0.0020833334419876337 0.38333332538604736 0.0052083334885537624 0.38333332538604736 0.0062500000931322575 0.38148146867752075 0.00937500037252903 0.38148146867752075 0.010416666977107525 0.37962964177131653 0.012500000186264515 0.37962964177131653 0.01354166679084301 0.38148146867752075 0.01770833320915699 0.38148146867752075 0.01875000074505806 0.37962964177131653 0.02500000037252903 0.37962964177131653 0.02604166604578495 0.3777777850627899 0.03229166567325592 0.3777777850627899 0.03333333507180214 0.3759259283542633 0.03958333283662796 0.3759259283542633 0.04062499850988388 0.3740740716457367 0.0520833320915699 0.3722222149372101 0.05312500149011612 0.37037035822868347 0.06354166567325592 0.36851853132247925 0.06458333134651184 0.36666667461395264 0.07708333432674408 0.364814817905426 0.078125 0.3629629611968994 0.08229167014360428 0.3629629611968994 0.0833333358168602 0.3611111044883728 0.08749999850988388 0.3611111044883728 0.0885416641831398 0.3592592477798462 0.10312499850988388 0.35740742087364197 0.1041666641831398 0.35555556416511536 0.10729166865348816 0.35555556416511536 0.10833333432674408 0.35370370745658875 0.11041666567325592 0.35370370745658875 0.11145833134651184 0.35555556416511536 0.11249999701976776 0.35370370745658875 0.11874999850988388 0.35370370745658875 0.1197916641831398 0.35185185074806213
1 0.8458333611488342 0.3499999940395355 0.8479166626930237 0.35555556416511536 0.8708333373069763 0.3722222149372101 0.878125011920929 0.3740740716457367 0.890625 0.3870370388031006 0.887499988079071 0.38333332538604736 0.8895833492279053 0.3777777850627899 0.8968750238418579 0.37962964177131653 0.9010416865348816 0.385185182094574 0.8989583253860474 0.3907407522201538 0.8968750238418579 0.3907407522201538 0.90625 0.39444443583488464 0.9177083373069763 0.4037036895751953 0.934374988079071 0.41111111640930176 0.9385416507720947 0.4148148000240326 0.949999988079071 0.4185185134410858 0.9614583253860474 0.42592594027519226 0.96875 0.4277777671813965 0.9906250238418579 0.4407407343387604 0.9989583492279053 0.442592591047287 0.9989583492279053 0.40740740299224854 0.9927083253860474 0.40740740299224854 0.987500011920929 0.4037036895751953 0.9833333492279053 0.4037036895751953 0.9572916626930237 0.3888888955116272 0.9541666507720947 0.385185182094574 0.90625 0.36666667461395264 0.8958333134651184 0.3592592477798462 0.8885416388511658 0.35740742087364197 0.8854166865348816 0.35370370745658875 0.8729166388511658 0.35185185074806213 0.871874988079071 0.3499999940395355
1 0.7489583492279053 0.3444444537162781 0.75 0.3462963104248047 0.753125011920929 0.3462963104248047 0.7541666626930237 0.3481481373310089 0.7552083134651184 0.3481481373310089 0.7562500238418579 0.3499999940395355 0.7614583373069763 0.3499999940395355 0.762499988079071 0.35185185074806213 0.7645833492279053 0.35185185074806213 0.765625 0.35370370745658875 0.7677083611488342 0.35370370745658875 0.768750011920929 0.35555556416511536 0.7958333492279053 0.35555556416511536 0.7947916388511658 0.35555556416511536 0.793749988079071 0.35370370745658875 0.7666666507720947 0.35370370745658875 0.765625 0.35185185074806213 0.765625 0.3499999940395355 0.7604166865348816 0.3499999940395355 0.7593749761581421 0.3481481373310089 0.7541666626930237 0.3481481373310089 0.753125011920929 0.3462963104248047 0.75 0.3462963104248047
1 0.07500000298023224 0.3499999940395355 0.07395832985639572 0.3481481373310089 0.06979166716337204 0.3481481373310089 0.06875000149011612 0.3462963104248047 0.0677083358168602 0.3462963104248047 0.06666667014360428 0.3444444537162781 0.06458333134651184 0.3444444537162781 0.06354166567325592 0.34259259700775146 0.05937499925494194 0.34259259700775146 0.05833333358168602 0.3444444537162781 0.05416666716337204 0.3444444537162781 0.05312500149011612 0.3462963104248047 0.05104166641831398 0.3462963104248047 0.05000000074505806 0.3481481373310089 0.03958333283662796 0.3481481373310089 0.03854166716337204 0.3499999940395355 0.03229166567325592 0.3499999940395355 0.03125 0.35185185074806213 0.02500000037252903 0.35185185074806213 0.02395833283662796 0.35370370745658875 0.02083333395421505 0.35370370745658875 0.01979166641831398 0.35555556416511536 0.014583333395421505 0.35555556416511536 0.01354166679084301 0.35740742087364197 0.012500000186264515 0.35555556416511536 0.00937500037252903 0.35555556416511536 0.008333333767950535 0.35370370745658875 0.0072916666977107525 0.35370370745658875 0.0062500000931322575 0.35555556416511536 0.0052083334885537624 0.35555556416511536 0.010416666977107525 0.35555556416511536 0.01145833358168602 0.35740742087364197 0.010416666977107525 0.3592592477798462 0.0052083334885537624 0.3592592477798462 0.0072916666977107525 0.3592592477798462 0.008333333767950535 0.3611111044883728 0.0072916666977107525 0.3629629611968994 0.004166666883975267 0.3629629611968994 0.0031250000465661287 0.364814817905426 0.0 0.364814817905426 0.0 0.37037035822868347 0.004166666883975267 0.37037035822868347 0.0052083334885537624 0.36851853132247925 0.01145833358168602 0.36851853132247925 0.012500000186264515 0.36666667461395264 0.01979166641831398 0.36666667461395264 0.02083333395421505 0.364814817905426 0.02395833283662796 0.364814817905426 0.02500000037252903 0.3629629611968994 0.02708333358168602 0.3629629611968994 0.02812499925494194 0.3611111044883728 0.03020833246409893 0.3611111044883728 0.03125 0.3592592477798462 0.04062499850988388 0.3592592477798462 0.0416666679084301 0.35740742087364197 0.04895833507180214 0.35740742087364197 0.05000000074505806 0.35555556416511536 0.0572916679084301 0.35555556416511536 0.05833333358168602 0.35370370745658875 0.0625 0.35370370745658875 0.06354166567325592 0.35185185074806213 0.06666667014360428 0.35185185074806213 0.0677083358168602 0.3499999940395355
1 0.6416666507720947 0.35185185074806213 0.6135416626930237 0.33888888359069824 0.5614583492279053 0.37037035822868347 0.5739583373069763 0.38148146867752075 0.5302083492279053 0.3907407522201538 0.49791666865348816 0.4870370328426361 0.4645833373069763 0.4833333194255829 0.46875 0.46481481194496155 0.4572916626930237 0.46296295523643494 0.4593749940395355 0.4018518626689911 0.4697916805744171 0.3888888955116272 0.4625000059604645 0.37037035822868347 0.3531250059604645 0.35740742087364197 0.3427083194255829 0.3740740716457367 0.37812501192092896 0.38333332538604736 0.3229166567325592 0.42222222685813904 0.24583333730697632 0.43888887763023376 0.17604166269302368 0.42592594027519226 0.11145833134651184 0.4722222089767456 0.0020833334419876337 0.5092592835426331 0.0 0.6777777671813965 0.140625 0.5814814567565918 0.11770833283662796 0.5759259462356567 0.14479166269302368 0.520370364189148 0.20208333432674408 0.4851851761341095 0.171875 0.47962963581085205 0.19166666269302368 0.46296295523643494 0.3697916567325592 0.5166666507720947 0.24583333730697632 0.5703703761100769 0.11354167014360428 0.6666666865348816 0.0020833334419876337 0.7055555582046509 0.0 0.7814815044403076 0.10104166716337204 0.7351852059364319 0.34166666865348816 0.6814814805984497 0.390625 0.5833333134651184 0.4124999940395355 0.5833333134651184 0.42916667461395264 0.5425925850868225 0.44583332538604736 0.5481481552124023 0.44062501192092896 0.5222222208976746 0.4635416567325592 0.520370364189148 0.4489583373069763 0.5481481552124023 0.4625000059604645 0.5555555820465088 0.5020833611488342 0.4981481432914734 0.578125 0.47962963581085205 0.5635416507720947 0.46851852536201477 0.5791666507720947 0.43888887763023376 0.5739583373069763 0.41296297311782837 0.5833333134651184 0.38333332538604736 0.6499999761581421 0.40925925970077515 0.625 0.39444443583488464 0.640625 0.37962964177131653 0.625 0.37037035822868347
1 0.5552083253860474 0.34259259700775146 0.5520833134651184 0.34259259700775146 0.5510416626930237 0.34074074029922485 0.5489583611488342 0.34074074029922485 0.546875 0.33703702688217163 0.5447916388511658 0.33703702688217163 0.543749988079071 0.3351851999759674 0.5416666865348816 0.3351851999759674 0.5406249761581421 0.33703702688217163 0.5375000238418579 0.33703702688217163 0.5364583134651184 0.33888888359069824 0.5260416865348816 0.33888888359069824 0.5249999761581421 0.33703702688217163 0.5197916626930237 0.33703702688217163 0.518750011920929 0.33888888359069824 0.5072916746139526 0.33703702688217163 0.5052083134651184 0.33888888359069824 0.5041666626930237 0.33703702688217163 0.4989583194255829 0.33703702688217163 0.49791666865348816 0.33888888359069824 0.4937500059604645 0.33888888359069824 0.5062500238418579 0.33888888359069824 0.5072916746139526 0.34074074029922485 0.5208333134651184 0.34259259700775146 0.5249999761581421 0.3481481373310089 0.5239583253860474 0.3499999940395355 0.5135416388511658 0.3499999940395355 0.512499988079071 0.3481481373310089 0.5052083134651184 0.3481481373310089 0.5041666626930237 0.3462963104248047 0.5010416507720947 0.3462963104248047 0.5 0.3481481373310089 0.49791666865348816 0.3481481373310089 0.49687498807907104 0.3462963104248047 0.47708332538604736 0.3462963104248047 0.47604167461395264 0.3481481373310089 0.484375 0.3481481373310089 0.4854166805744171 0.3499999940395355 0.4958333373069763 0.3499999940395355 0.49687498807907104 0.35185185074806213 0.4989583194255829 0.3499999940395355 0.5 0.35185185074806213 0.5010416507720947 0.3499999940395355 0.5020833611488342 0.35185185074806213 0.5062500238418579 0.35185185074806213 0.5072916746139526 0.3499999940395355 0.5239583253860474 0.3499999940395355 0.5249999761581421 0.35185185074806213 0.5552083253860474 0.35185185074806213 0.5541666746139526 0.3499999940395355 0.5552083253860474 0.3462963104248047
1 0.6416666507720947 0.3333333432674408 0.643750011920929 0.3333333432674408 0.6447916626930237 0.3351851999759674 0.6468750238418579 0.3351851999759674 0.6479166746139526 0.33703702688217163 0.6499999761581421 0.33703702688217163 0.6510416865348816 0.33888888359069824 0.6520833373069763 0.33888888359069824 0.653124988079071 0.33703702688217163 0.6541666388511658 0.33703702688217163 0.6552083492279053 0.3351851999759674 0.65625 0.3351851999759674 0.6572916507720947 0.3333333432674408 0.6583333611488342 0.3333333432674408
1 0.11562500149011612 0.3222222328186035 0.12083332985639572 0.3222222328186035 0.12187500298023224 0.3203703761100769 0.12291666865348816 0.3222222328186035 0.12395833432674408 0.3203703761100769 0.13229165971279144 0.3203703761100769 0.13333334028720856 0.3185185194015503 0.13437500596046448 0.3185185194015503 0.1354166716337204 0.3166666626930237 0.13854166865348816 0.3166666626930237 0.13958333432674408 0.3185185194015503 0.14374999701976776 0.3185185194015503 0.14479166269302368 0.3166666626930237 0.14895834028720856 0.3166666626930237 0.1302083283662796 0.3166666626930237 0.12916666269302368 0.3185185194015503 0.12708333134651184 0.3185185194015503 0.12604166567325592 0.3203703761100769 0.11770833283662796 0.3203703761100769 0.11666666716337204 0.3222222328186035
1 0.05833333358168602 0.3092592656612396 0.06041666492819786 0.3092592656612396 0.06145833432674408 0.31111112236976624 0.0729166641831398 0.31111112236976624 0.07395832985639572 0.3092592656612396 0.07604166865348816 0.3092592656612396 0.07500000298023224 0.3092592656612396 0.07395832985639572 0.307407408952713 0.05937499925494194 0.307407408952713
1 0.0416666679084301 0.307407408952713 0.03958333283662796 0.31111112236976624 0.02812499925494194 0.31111112236976624 0.02708333358168602 0.3092592656612396 0.01666666753590107 0.3092592656612396 0.015625 0.31111112236976624 0.0052083334885537624 0.31111112236976624 0.004166666883975267 0.3092592656612396 0.0 0.3092592656612396 0.0 0.31111112236976624 0.00937500037252903 0.31111112236976624 0.010416666977107525 0.31296294927597046 0.02187499962747097 0.31296294927597046 0.02291666716337204 0.31481480598449707 0.02916666679084301 0.31481480598449707 0.03020833246409893 0.31296294927597046 0.03541666641831398 0.31296294927597046 0.0364583320915699 0.31111112236976624 0.0416666679084301 0.31111112236976624
2 0.7864583134651184 0.9962962865829468 0.7666666507720947 0.949999988079071 0.7510416507720947 0.8814814686775208 0.699999988079071 0.7574074268341064 0.5166666507720947 0.6685185432434082 0.5197916626930237 0.6314814686775208 0.4947916567325592 0.5777778029441833 0.5 0.5648148059844971 0.42916667461395264 0.5444444417953491 0.4124999940395355 0.585185170173645 0.39270833134651184 0.5833333134651184 0.37708333134651184 0.6037036776542664 0.34166666865348816 0.6833333373069763 0.3083333373069763 0.6796296238899231 0.2906250059604645 0.7037037014961243 0.10104166716337204 0.7370370626449585 0.0 0.7833333611488342 0.0 0.9981481432914734
2 0.3687500059604645 0.5166666507720947 0.32499998807907104 0.4962962865829468 0.23854166269302368 0.48148149251937866 0.19374999403953552 0.46481481194496155 0.17291666567325592 0.4740740656852722 0.17395833134651184 0.48148149251937866 0.19895833730697632 0.47962963581085205 0.203125 0.4851851761341095 0.16458334028720856 0.5074074268341064 0.13958333432674408 0.529629647731781 0.14166666567325592 0.5314815044403076 0.13645833730697632 0.5388888716697693 0.13958333432674408 0.5444444417953491 0.11874999850988388 0.5796296000480652 0.12291666865348816 0.5833333134651184 0.140625 0.5796296000480652 0.140625 0.5833333134651184 0.0 0.6796296238899231 0.0 0.7055555582046509 0.05000000074505806 0.6796296238899231 0.11354167014360428 0.664814829826355 0.24375000596046448 0.5759259462356567 0.23854166269302368 0.5740740895271301 0.30520832538604736 0.5407407283782959 0.3385416567325592 0.5370370149612427
2 0.13229165971279144 0.4574074149131775 0.125 0.4574074149131775 0.12083332985639572 0.4611110985279083 0.11666666716337204 0.4611110985279083 0.11562500149011612 0.46296295523643494 0.10625000298023224 0.46481481194496155 0.10104166716337204 0.46851852536201477 0.09166666865348816 0.4703703820705414 0.09062500298023224 0.4722222089767456 0.08229167014360428 0.4740740656852722 0.08124999701976776 0.47592592239379883 0.07395832985639572 0.47777777910232544 0.07083333283662796 0.48148149251937866 0.06562499701976776 0.48148149251937866 0.06458333134651184 0.4833333194255829 0.05520833283662796 0.4833333194255829 0.05416666716337204 0.4851851761341095 0.0416666679084301 0.4851851761341095 0.04062499850988388 0.4833333194255829 0.01145833358168602 0.4833333194255829 0.010416666977107525 0.4851851761341095 0.0 0.4851851761341095 0.0 0.5092592835426331 0.0020833334419876337 0.5074074268341064 0.0052083334885537624 0.5074074268341064 0.0062500000931322575 0.5055555701255798 0.00937500037252903 0.5055555701255798 0.010416666977107525 0.5037037134170532 0.01666666753590107 0.5037037134170532 0.01770833320915699 0.5018518567085266 0.02291666716337204 0.5018518567085266 0.02395833283662796 0.5 0.03333333507180214 0.4981481432914734 0.03750000149011612 0.49444442987442017 0.0520833320915699 0.49074074625968933 0.0572916679084301 0.4870370328426361 0.0625 0.4870370328426361 0.06354166567325592 0.4851851761341095 0.07395832985639572 0.4833333194255829 0.07500000298023224 0.48148149251937866 0.08124999701976776 0.48148149251937866 0.08229167014360428 0.47962963581085205 0.09062500298023224 0.47777777910232544 0.09166666865348816 0.47592592239379883 0.09479166567325592 0.47592592239379883 0.10000000149011612 0.4722222089767456 0.1041666641831398 0.4722222089767456 0.10520832985639572 0.4703703820705414 0.11145833134651184 0.4703703820705414 0.11249999701976776 0.46851852536201477 0.1145833358168602 0.46851852536201477 0.11562500149011612 0.46481481194496155 0.11874999850988388 0.46666666865348816 0.1197916641831398 0.46296295523643494 0.12187500298023224 0.46481481194496155 0.12291666865348816 0.4611110985279083 0.12604166567325592 0.4611110985279083 0.12708333134651184 0.4592592716217041 0.1302083283662796 0.4592592716217041
2 0.0 0.31296294927597046 0.0 0.3462963104248047 0.02187499962747097 0.3481481373310089 0.0 0.35370370745658875 0.0 0.3629629611968994 0.010416666977107525 0.35740742087364197 0.0052083334885537624 0.35740742087364197 0.0072916666977107525 0.35185185074806213 0.05937499925494194 0.34074074029922485 0.09791667014360428 0.35370370745658875 0.12708333134651184 0.3462963104248047 0.10833333432674408 0.34259259700775146 0.13750000298023224 0.33703702688217163 0.16041666269302368 0.34074074029922485 0.12395833432674408 0.35740742087364197 0.2750000059604645 0.33888888359069824 0.31562501192092896 0.3462963104248047 0.33645832538604736 0.36666667461395264 0.3531250059604645 0.35555556416511536 0.46145832538604736 0.36851853132247925 0.4729166626930237 0.3592592477798462 0.5583333373069763 0.35370370745658875 0.47604167461395264 0.3499999940395355 0.5239583253860474 0.3481481373310089 0.4937500059604645 0.34074074029922485 0.4989583194255829 0.3333333432674408 0.4729166626930237 0.32407405972480774 0.4270833432674408 0.32592591643333435 0.2802083194255829 0.3037036955356598 0.20729166269302368 0.307407408952713 0.12291666865348816 0.32407405972480774 0.0572916679084301 0.3185185194015503 0.01875000074505806 0.32777777314186096 0.0072916666977107525 0.3222222328186035 0.02187499962747097 0.31481480598449707
3 0.6260416507720947 0.38333332538604736 0.6260416507720947 0.39444443583488464 0.6291666626930237 0.39444443583488464 0.6312500238418579 0.3907407522201538 0.6322916746139526 0.39259257912635803 0.6333333253860474 0.39259257912635803 0.6343749761581421 0.3907407522201538 0.6364583373069763 0.3907407522201538 0.637499988079071 0.39259257912635803 0.637499988079071 0.39629629254341125 0.6395833492279053 0.39629629254341125 0.640625 0.39814814925193787 0.6427083611488342 0.39814814925193787 0.643750011920929 0.4000000059604645 0.6458333134651184 0.4000000059604645 0.6447916626930237 0.39814814925193787 0.6447916626930237 0.39629629254341125 0.6427083611488342 0.39259257912635803 0.640625 0.39259257912635803 0.6395833492279053 0.3907407522201538 0.637499988079071 0.3907407522201538 0.6364583373069763 0.3888888955116272 0.6343749761581421 0.3888888955116272 0.6333333253860474 0.3870370388031006 0.6312500238418579 0.3870370388031006 0.6302083134651184 0.385185182094574 0.628125011920929 0.385185182094574 0.6270833611488342 0.38333332538604736
3 0.6270833611488342 0.3740740716457367 0.6333333253860474 0.3740740716457367 0.6364583373069763 0.3777777850627899 0.637499988079071 0.3759259283542633 0.6416666507720947 0.37962964177131653 0.6385416388511658 0.38148146867752075 0.640625 0.38333332538604736 0.6635416746139526 0.3907407522201538 0.6666666865348816 0.39444443583488464 0.6697916388511658 0.39444443583488464 0.671875 0.39814814925193787 0.6802083253860474 0.4000000059604645 0.6854166388511658 0.4037036895751953 0.690625011920929 0.4037036895751953 0.706250011920929 0.41111111640930176 0.7124999761581421 0.41111111640930176 0.7135416865348816 0.40925925970077515 0.737500011920929 0.40925925970077515 0.7406250238418579 0.4055555462837219 0.753125011920929 0.4000000059604645 0.7718750238418579 0.4037036895751953 0.7729166746139526 0.4055555462837219 0.7947916388511658 0.4055555462837219 0.7927083373069763 0.38148146867752075 0.7895833253860474 0.3740740716457367 0.7875000238418579 0.3740740716457367 0.7854166626930237 0.37037035822868347 0.7677083611488342 0.35555556416511536 0.7614583373069763 0.35185185074806213 0.7562500238418579 0.35185185074806213 0.753125011920929 0.3481481373310089 0.75 0.3481481373310089 0.7458333373069763 0.34259259700775146 0.7395833134651184 0.34074074029922485 0.7260416746139526 0.32777777314186096 0.7145833373069763 0.32592591643333435 0.7093750238418579 0.3185185194015503 0.6947916746139526 0.3185185194015503 0.6937500238418579 0.3166666626930237 0.6916666626930237 0.3185185194015503 0.684374988079071 0.3185185194015503 0.6833333373069763 0.3166666626930237 0.6781250238418579 0.3166666626930237 0.6697916388511658 0.3203703761100769 0.6604166626930237 0.3333333432674408 0.6447916626930237 0.3481481373310089 0.6364583373069763 0.3629629611968994 0.6302083134651184 0.36666667461395264
4 0.2447916716337204 0.38148146867752075 0.24375000596046448 0.38148146867752075 0.24270834028720856 0.37962964177131653 0.24062499403953552 0.37962964177131653 0.2395833283662796 0.3777777850627899 0.23645833134651184 0.3777777850627899 0.23541666567325592 0.37962964177131653 0.234375 0.3777777850627899 0.23333333432674408 0.3777777850627899 0.23229166865348816 0.37962964177131653 0.21979166567325592 0.37962964177131653 0.21875 0.38148146867752075 0.21770833432674408 0.38148146867752075 0.21875 0.38148146867752075 0.21979166567325592 0.38333332538604736 0.22708334028720856 0.38333332538604736 0.22812500596046448 0.385185182094574 0.23749999701976776 0.385185182094574 0.23854166269302368 0.38333332538604736 0.24270834028720856 0.38333332538604736 0.24375000596046448 0.38148146867752075
