0 0.8041666746139526 0.8277778029441833 0.8197916746139526 0.8500000238418579 0.8270833492279053 0.8666666746139526 0.8260416388511658 0.8703703880310059 0.824999988079071 0.8685185313224792 0.824999988079071 0.8740741014480591 0.8364583253860474 0.8888888955116272 0.8343750238418579 0.8962963223457336 0.8374999761581421 0.8999999761581421 0.8364583253860474 0.9055555462837219 0.8395833373069763 0.914814829826355 0.8374999761581421 0.9185185432434082 0.8364583253860474 0.9314814805984497 0.8395833373069763 0.9462962746620178 0.8385416865348816 0.9518518447875977 0.8364583253860474 0.949999988079071 0.8395833373069763 0.9555555582046509 0.8364583253860474 0.970370352268219 0.8395833373069763 0.9759259223937988 0.8364583253860474 0.9777777791023254 0.8500000238418579 0.9981481432914734 0.9989583492279053 0.9981481432914734 0.9989583492279053 0.8796296119689941 0.996874988079071 0.8814814686775208 0.9750000238418579 0.8722222447395325 0.9458333253860474 0.8666666746139526 0.9375 0.8611111044883728 0.9302083253860474 0.8611111044883728 0.918749988079071 0.855555534362793 0.893750011920929 0.8518518805503845 0.8541666865348816 0.8370370268821716 0.8416666388511658 0.8370370268821716
0 0.02708333358168602 0.7018518447875977 0.02395833283662796 0.7018518447875977 0.02291666716337204 0.7037037014961243 0.02083333395421505 0.7037037014961243 0.01979166641831398 0.7055555582046509 0.01875000074505806 0.7055555582046509 0.01770833320915699 0.7074074149131775 0.01666666753590107 0.7074074149131775 0.015625 0.7092592716217041 0.01666666753590107 0.7111111283302307 0.01875000074505806 0.7111111283302307 0.01979166641831398 0.7129629850387573 0.02291666716337204 0.7074074149131775 0.02395833283662796 0.7074074149131775
0 0.0 0.8703703880310059 0.0 0.970370352268219 0.03020833246409893 0.9425926208496094 0.05312500149011612 0.9370370507240295 0.06145833432674408 0.9648148417472839 0.0729166641831398 0.9759259223937988 0.12083332985639572 0.9722222089767456 0.12395833432674408 0.9833333492279053 0.11770833283662796 0.9981481432914734 0.7520833611488342 0.9981481432914734 0.737500011920929 0.9740740656852722 0.7302083373069763 0.9407407641410828 0.706250011920929 0.914814829826355 0.7041666507720947 0.8870370388031006 0.659375011920929 0.7870370149612427 0.13645833730697632 0.6574074029922485 0.12708333134651184 0.6629629731178284 0.1145833358168602 0.6944444179534912 0.11770833283662796 0.7148148417472839 0.05833333358168602 0.7277777791023254 0.02604166604578495 0.7240740656852722 0.02500000037252903 0.7314814925193787 0.06666667014360428 0.7481481432914734 0.06458333134651184 0.7555555701255798 0.07500000298023224 0.7648147940635681 0.0677083358168602 0.7685185074806213 0.07395832985639572 0.7740740776062012 0.05937499925494194 0.8037037253379822 0.03541666641831398 0.8222222328186035
0 0.9083333611488342 0.39629629254341125 0.9135416746139526 0.39629629254341125 0.9145833253860474 0.39814814925193787 0.9177083373069763 0.39814814925193787 0.918749988079071 0.4000000059604645 0.9229166507720947 0.4000000059604645 0.9239583611488342 0.4018518626689911 0.9270833134651184 0.4018518626689911 0.9281250238418579 0.4037036895751953 0.9354166388511658 0.4037036895751953 0.9364583492279053 0.4055555462837219 0.9437500238418579 0.4055555462837219 0.9447916746139526 0.40740740299224854 0.9468749761581421 0.40740740299224854 0.9479166865348816 0.40925925970077515 0.949999988079071 0.40925925970077515 0.9510416388511658 0.41111111640930176 0.9552083611488342 0.41111111640930176 0.956250011920929 0.41296297311782837 0.9677083492279053 0.41296297311782837 0.96875 0.41111111640930176 0.9697916507720947 0.41296297311782837 0.9750000238418579 0.41296297311782837 0.9760416746139526 0.4148148000240326 0.9791666865348816 0.4148148000240326 0.9802083373069763 0.4166666567325592 0.984375 0.4166666567325592 0.9854166507720947 0.4148148000240326 0.9937499761581421 0.4148148000240326 0.9947916865348816 0.4166666567325592 0.9958333373069763 0.4166666567325592 0.9979166388511658 0.4203703701496124 0.9989583492279053 0.4203703701496124 0.9989583492279053 0.40925925970077515 0.9927083253860474 0.40925925970077515 0.9916666746139526 0.40740740299224854 0.987500011920929 0.40740740299224854 0.9864583611488342 0.4055555462837219 0.9854166507720947 0.40740740299224854 0.9791666865348816 0.40740740299224854 0.9781249761581421 0.4055555462837219 0.9729166626930237 0.4055555462837219 0.971875011920929 0.4037036895751953 0.9677083492279053 0.4037036895751953 0.9666666388511658 0.4018518626689911 0.9614583253860474 0.4018518626689911 0.9604166746139526 0.4000000059604645 0.953125 0.4000000059604645 0.9520833492279053 0.39814814925193787 0.921875 0.39814814925193787 0.9208333492279053 0.39629629254341125
0 0.3864583373069763 0.4055555462837219 0.31979167461395264 0.4000000059604645 0.29479166865348816 0.4185185134410858 0.2822916805744171 0.4018518626689911 0.24375000596046448 0.3907407522201538 0.24895833432674408 0.38333332538604736 0.23333333432674408 0.3740740716457367 0.0010416667209938169 0.38333332538604736 0.15000000596046448 0.39444443583488464 0.0 0.4037036895751953 0.0 0.5148147940635681 0.0885416641831398 0.4962962865829468 0.28437501192092896 0.4888888895511627 0.28958332538604736 0.4833333194255829 0.23229166865348816 0.47777777910232544 0.21979166567325592 0.46666666865348816 0.16979166865348816 0.47962963581085205 0.23854166269302368 0.4407407343387604 0.18333333730697632 0.4574074149131775 0.09583333134651184 0.45185184478759766 0.08229167014360428 0.4444444477558136 0.08124999701976776 0.4333333373069763 0.10312499850988388 0.4185185134410858 0.21145834028720856 0.4055555462837219 0.2562499940395355 0.4203703701496124 0.25312501192092896 0.4296296238899231 0.37812501192092896 0.42222222685813904 0.3187499940395355 0.4166666567325592
0 0.10625000298023224 0.35370370745658875 0.10520832985639572 0.35185185074806213 0.09375 0.35185185074806213 0.09270833432674408 0.35370370745658875 0.08645833283662796 0.35370370745658875 0.08541666716337204 0.35185185074806213 0.0833333358168602 0.35185185074806213 0.08229167014360428 0.35370370745658875 0.06875000149011612 0.35370370745658875 0.0677083358168602 0.35555556416511536 0.0625 0.35555556416511536 0.06145833432674408 0.35740742087364197 0.0416666679084301 0.35740742087364197 0.04062499850988388 0.3592592477798462 0.02812499925494194 0.3592592477798462 0.02500000037252903 0.3629629611968994 0.01979166641831398 0.3629629611968994 0.01875000074505806 0.3611111044883728 0.014583333395421505 0.3611111044883728 0.01666666753590107 0.3611111044883728 0.01770833320915699 0.3629629611968994 0.02708333358168602 0.3629629611968994 0.02812499925494194 0.3611111044883728 0.04479166492819786 0.3611111044883728 0.04583333432674408 0.3592592477798462 0.0572916679084301 0.3592592477798462 0.05833333358168602 0.35740742087364197 0.0729166641831398 0.35740742087364197 0.07395832985639572 0.35555556416511536 0.08437500149011612 0.35555556416511536 0.08541666716337204 0.35370370745658875
0 0.07187499850988388 0.3314814865589142 0.05416666716337204 0.3314814865589142 0.05312500149011612 0.3333333432674408 0.02395833283662796 0.3333333432674408 0.02291666716337204 0.3351851999759674 0.0010416667209938169 0.3351851999759674 0.0 0.33703702688217163 0.015625 0.33703702688217163 0.01666666753590107 0.3351851999759674 0.0364583320915699 0.3351851999759674 0.03750000149011612 0.3333333432674408 0.05520833283662796 0.3333333432674408 0.05624999850988388 0.3314814865589142
1 0.0 0.9981481432914734 0.11666666716337204 0.9981481432914734 0.12187500298023224 0.9888888597488403 0.12291666865348816 0.979629635810852 0.12187500298023224 0.9759259223937988 0.11874999850988388 0.9722222089767456 0.10000000149011612 0.9722222089767456 0.0989583358168602 0.9740740656852722 0.09166666865348816 0.9740740656852722 0.09062500298023224 0.9759259223937988 0.08020833134651184 0.9759259223937988 0.07916666567325592 0.9777777791023254 0.0729166641831398 0.9777777791023254 0.06666667014360428 0.9722222089767456 0.06458333134651184 0.9722222089767456 0.06041666492819786 0.9648148417472839 0.05833333358168602 0.9518518447875977 0.0572916679084301 0.949999988079071 0.0572916679084301 0.9462962746620178 0.05520833283662796 0.9407407641410828 0.05312500149011612 0.9388889074325562 0.0416666679084301 0.9388889074325562 0.04062499850988388 0.9407407641410828 0.03333333507180214 0.9425926208496094 0.02708333358168602 0.9481481313705444 0.02500000037252903 0.9481481313705444 0.0 0.9722222089767456
1 0.28125 0.7074074149131775 0.27395832538604736 0.7074074149131775 0.27291667461395264 0.7092592716217041 0.2697916626930237 0.7092592716217041 0.26875001192092896 0.7111111283302307 0.2666666805744171 0.7111111283302307 0.265625 0.7129629850387573 0.26354166865348816 0.7129629850387573 0.26249998807907104 0.7148148417472839 0.2614583373069763 0.7148148417472839 0.2604166567325592 0.7166666388511658 0.2593750059604645 0.7166666388511658 0.25833332538604736 0.7185184955596924 0.25729167461395264 0.7185184955596924 0.2562499940395355 0.720370352268219 0.26249998807907104 0.720370352268219 0.26354166865348816 0.7185184955596924 0.2666666805744171 0.7185184955596924 0.26770833134651184 0.7166666388511658 0.2718749940395355 0.7166666388511658 0.27291667461395264 0.7148148417472839 0.2750000059604645 0.7148148417472839 0.2760416567325592 0.7129629850387573 0.27812498807907104 0.7129629850387573 0.27916666865348816 0.7111111283302307 0.2802083194255829 0.7111111283302307 0.28125 0.7092592716217041
1 0.9541666507720947 0.42222222685813904 0.956250011920929 0.42222222685813904 0.9572916626930237 0.42407408356666565 0.965624988079071 0.42407408356666565 0.9666666388511658 0.42592594027519226 0.9729166626930237 0.42592594027519226 0.9739583134651184 0.4277777671813965 0.9729166626930237 0.4296296238899231 0.9750000238418579 0.4296296238899231 0.9760416746139526 0.4314814805984497 0.9770833253860474 0.4314814805984497 0.9781249761581421 0.4333333373069763 0.9802083373069763 0.4333333373069763 0.981249988079071 0.4314814805984497 0.9885416626930237 0.4314814805984497 0.9895833134651184 0.4333333373069763 0.9916666746139526 0.4333333373069763 0.9927083253860474 0.43518519401550293 0.9947916865348816 0.43518519401550293 0.9958333373069763 0.43703705072402954 0.9989583492279053 0.43703705072402954 0.9989583492279053 0.42222222685813904 0.9979166388511658 0.42222222685813904 0.9958333373069763 0.4185185134410858 0.9947916865348816 0.4185185134410858 0.9937499761581421 0.4166666567325592 0.9854166507720947 0.4166666567325592 0.984375 0.4185185134410858 0.9802083373069763 0.4185185134410858 0.9791666865348816 0.4166666567325592 0.9760416746139526 0.4166666567325592 0.9750000238418579 0.4148148000240326 0.9697916507720947 0.4148148000240326 0.96875 0.41296297311782837 0.9677083492279053 0.4148148000240326 0.9572916626930237 0.4148148000240326 0.9604166746139526 0.4148148000240326 0.9614583253860474 0.4166666567325592 0.9635416865348816 0.4166666567325592 0.9645833373069763 0.4185185134410858 0.965624988079071 0.4185185134410858 0.9666666388511658 0.4203703701496124 0.965624988079071 0.42222222685813904 0.9624999761581421 0.42222222685813904 0.9614583253860474 0.42407408356666565 0.9604166746139526 0.42407408356666565 0.9593750238418579 0.42222222685813904
1 0.9614583253860474 0.4000000059604645 0.9666666388511658 0.4000000059604645 0.9677083492279053 0.4018518626689911 0.971875011920929 0.4018518626689911 0.9729166626930237 0.4037036895751953 0.9781249761581421 0.4037036895751953 0.9791666865348816 0.4055555462837219 0.9854166507720947 0.4055555462837219 0.9864583611488342 0.4037036895751953 0.987500011920929 0.4055555462837219 0.9916666746139526 0.4055555462837219 0.9927083253860474 0.40740740299224854 0.9989583492279053 0.40740740299224854 0.9989583492279053 0.4037036895751953 0.9958333373069763 0.4037036895751953 0.9947916865348816 0.4018518626689911 0.9781249761581421 0.4018518626689911 0.9770833253860474 0.4000000059604645 0.9760416746139526 0.4018518626689911 0.9750000238418579 0.4018518626689911 0.9739583134651184 0.4000000059604645
1 0.9614583253860474 0.5037037134170532 0.893750011920929 0.4740740656852722 0.778124988079071 0.4740740656852722 0.7770833373069763 0.4592592716217041 0.8208333253860474 0.4592592716217041 0.7854166626930237 0.43518519401550293 0.59375 0.4314814805984497 0.5562499761581421 0.40740740299224854 0.5562499761581421 0.43703705072402954 0.48750001192092896 0.442592591047287 0.47604167461395264 0.4314814805984497 0.4895833432674408 0.41296297311782837 0.4635416567325592 0.4000000059604645 0.24791666865348816 0.4314814805984497 0.16875000298023224 0.47592592239379883 0.2906250059604645 0.4833333194255829 0.2614583373069763 0.4981481432914734 0.0 0.5166666507720947 0.0 0.8685185313224792 0.0729166641831398 0.7740740776062012 0.06666667014360428 0.75 0.02604166604578495 0.7222222089767456 0.11770833283662796 0.7129629850387573 0.11354167014360428 0.6944444179534912 0.13645833730697632 0.6555555462837219 0.659375011920929 0.7851851582527161 0.7489583492279053 0.9944444298744202 0.8489583134651184 0.9981481432914734 0.8354166746139526 0.9777777791023254 0.8354166746139526 0.8888888955116272 0.8166666626930237 0.8462963104248047 0.7270833253860474 0.8055555820465088 0.640625 0.48148149251937866
1 0.5562499761581421 0.39259257912635803 0.5562499761581421 0.39444443583488464 0.5583333373069763 0.39444443583488464 0.559374988079071 0.39629629254341125 0.5614583492279053 0.39629629254341125 0.5625 0.39814814925193787 0.5635416507720947 0.39814814925193787 0.5645833611488342 0.4000000059604645 0.5666666626930237 0.4000000059604645 0.5677083134651184 0.4018518626689911 0.5687500238418579 0.4018518626689911 0.5697916746139526 0.4037036895751953 0.5718749761581421 0.4037036895751953 0.5729166865348816 0.4055555462837219 0.578125 0.4055555462837219 0.5791666507720947 0.40740740299224854 0.5802083611488342 0.40740740299224854 0.581250011920929 0.40925925970077515 0.5833333134651184 0.40925925970077515 0.5843750238418579 0.41111111640930176 0.5874999761581421 0.41111111640930176 0.5885416865348816 0.41296297311782837 0.6041666865348816 0.41296297311782837 0.6041666865348816 0.41111111640930176 0.6031249761581421 0.40925925970077515 0.6031249761581421 0.40740740299224854 0.6052083373069763 0.4037036895751953 0.6083333492279053 0.4037036895751953 0.6083333492279053 0.4018518626689911 0.606249988079071 0.39814814925193787 0.606249988079071 0.39629629254341125 0.6052083373069763 0.39629629254341125 0.6041666865348816 0.39444443583488464 0.59375 0.39444443583488464 0.5927083492279053 0.39259257912635803 0.5791666507720947 0.39259257912635803 0.578125 0.3907407522201538 0.565625011920929 0.3907407522201538 0.5645833611488342 0.3888888955116272 0.5635416507720947 0.3888888955116272 0.5625 0.3907407522201538 0.5572916865348816 0.3907407522201538
1 0.14895834028720856 0.39259257912635803 0.13854166865348816 0.3907407522201538 0.13750000298023224 0.3888888955116272 0.11770833283662796 0.3888888955116272 0.11666666716337204 0.3870370388031006 0.11041666567325592 0.3888888955116272 0.109375 0.3907407522201538 0.10312499850988388 0.3907407522201538 0.10208333283662796 0.3888888955116272 0.08749999850988388 0.3888888955116272 0.08645833283662796 0.3907407522201538 0.08229167014360428 0.3907407522201538 0.08124999701976776 0.39259257912635803 0.07604166865348816 0.39259257912635803 0.07500000298023224 0.3907407522201538 0.06145833432674408 0.3907407522201538 0.06041666492819786 0.39259257912635803 0.05937499925494194 0.3907407522201538 0.05833333358168602 0.39259257912635803 0.046875 0.39259257912635803 0.04583333432674408 0.3907407522201538 0.01145833358168602 0.39259257912635803 0.010416666977107525 0.3907407522201538 0.0010416667209938169 0.3907407522201538 0.0 0.3888888955116272 0.0 0.4018518626689911 0.01770833320915699 0.4000000059604645 0.01875000074505806 0.39814814925193787 0.02812499925494194 0.39814814925193787 0.02916666679084301 0.39629629254341125 0.0364583320915699 0.39629629254341125 0.03750000149011612 0.39444443583488464 0.03854166716337204 0.39629629254341125 0.04062499850988388 0.39629629254341125 0.0416666679084301 0.39444443583488464 0.04270833358168602 0.39629629254341125 0.06145833432674408 0.39629629254341125 0.0625 0.39814814925193787 0.06458333134651184 0.39814814925193787 0.06562499701976776 0.39629629254341125 0.06666667014360428 0.39814814925193787 0.0677083358168602 0.39629629254341125 0.08645833283662796 0.39629629254341125 0.08749999850988388 0.39814814925193787 0.08958332985639572 0.39629629254341125 0.09479166567325592 0.39629629254341125 0.09583333134651184 0.39814814925193787 0.09687499701976776 0.39629629254341125 0.11249999701976776 0.39629629254341125 0.11354167014360428 0.39814814925193787 0.13750000298023224 0.4000000059604645 0.13854166865348816 0.39814814925193787 0.14791665971279144 0.39814814925193787 0.14687499403953552 0.39629629254341125 0.14895834028720856 0.39444443583488464
1 0.6041666865348816 0.3759259283542633 0.6395833492279053 0.4166666567325592 0.6447916626930237 0.4166666567325592 0.6468750238418579 0.41296297311782837 0.6499999761581421 0.41296297311782837 0.6479166746139526 0.40925925970077515 0.6520833373069763 0.40740740299224854 0.6333333253860474 0.4000000059604645 0.6322916746139526 0.39814814925193787 0.6343749761581421 0.39629629254341125 0.6260416507720947 0.39629629254341125 0.625 0.39444443583488464 0.6260416507720947 0.39259257912635803 0.6364583373069763 0.39259257912635803 0.637499988079071 0.39444443583488464 0.6489583253860474 0.39629629254341125 0.6479166746139526 0.39444443583488464 0.6510416865348816 0.39259257912635803 0.653124988079071 0.39629629254341125 0.6552083492279053 0.39629629254341125 0.6572916507720947 0.4000000059604645 0.671875 0.41296297311782837 0.6677083373069763 0.4148148000240326 0.6677083373069763 0.4166666567325592 0.6729166507720947 0.41296297311782837 0.6833333373069763 0.42407408356666565 0.6947916746139526 0.42592594027519226 0.699999988079071 0.4314814805984497 0.6937500238418579 0.4203703701496124 0.6885416507720947 0.4203703701496124 0.6875 0.4185185134410858 0.6895833611488342 0.4148148000240326 0.6760416626930237 0.41296297311782837 0.659375011920929 0.4000000059604645 0.6625000238418579 0.39814814925193787 0.6697916388511658 0.4018518626689911 0.6781250238418579 0.4018518626689911 0.6833333373069763 0.40925925970077515 0.6895833611488342 0.40925925970077515 0.690625011920929 0.4055555462837219 0.6875 0.4055555462837219 0.6854166388511658 0.4000000059604645 0.6833333373069763 0.4000000059604645 0.6812499761581421 0.39629629254341125 0.6854166388511658 0.3907407522201538 0.690625011920929 0.3907407522201538 0.6885416507720947 0.3870370388031006 0.6729166507720947 0.3870370388031006 0.6677083373069763 0.38333332538604736 0.6656249761581421 0.385185182094574 0.6614583134651184 0.38333332538604736 0.6572916507720947 0.385185182094574 0.65625 0.38333332538604736 0.6364583373069763 0.37962964177131653 0.6354166865348816 0.3777777850627899 0.6385416388511658 0.38148146867752075 0.6343749761581421 0.38333332538604736 0.6333333253860474 0.38148146867752075 0.6208333373069763 0.38148146867752075 0.6197916865348816 0.37962964177131653
1 0.0 0.3592592477798462 0.0 0.364814817905426 0.0020833334419876337 0.364814817905426 0.0031250000465661287 0.3629629611968994 0.01666666753590107 0.3629629611968994 0.014583333395421505 0.3629629611968994 0.01354166679084301 0.3611111044883728 0.0072916666977107525 0.3611111044883728 0.0062500000931322575 0.3592592477798462
1 0.32604166865348816 0.35740742087364197 0.3229166567325592 0.35370370745658875 0.3218750059604645 0.35555556416511536 0.3187499940395355 0.35555556416511536 0.3177083432674408 0.35370370745658875 0.31562501192092896 0.35555556416511536 0.31458333134651184 0.35370370745658875 0.3135416805744171 0.35555556416511536 0.3010416626930237 0.35555556416511536 0.30000001192092896 0.35370370745658875 0.29374998807907104 0.35555556416511536 0.28854167461395264 0.35185185074806213 0.28125 0.35185185074806213 0.2802083194255829 0.35370370745658875 0.2770833373069763 0.35185185074806213 0.2750000059604645 0.35555556416511536 0.2666666805744171 0.3611111044883728 0.26249998807907104 0.3611111044883728 0.2614583373069763 0.35740742087364197 0.2604166567325592 0.35740742087364197 0.25833332538604736 0.3611111044883728 0.25 0.36666667461395264 0.24583333730697632 0.36666667461395264 0.2395833283662796 0.37037035822868347 0.22812500596046448 0.37037035822868347 0.22708334028720856 0.3722222149372101 0.2239583283662796 0.37037035822868347 0.22291666269302368 0.3722222149372101 0.24166665971279144 0.3740740716457367 0.24375000596046448 0.3759259283542633 0.2447916716337204 0.37962964177131653 0.24895833432674408 0.38148146867752075 0.25312501192092896 0.3888888955116272 0.2645833194255829 0.3888888955116272 0.2666666805744171 0.3870370388031006 0.26875001192092896 0.39259257912635803 0.26770833134651184 0.39444443583488464 0.2718749940395355 0.39444443583488464 0.2760416567325592 0.4000000059604645 0.2770833373069763 0.39814814925193787 0.2822916805744171 0.4000000059604645 0.2854166626930237 0.4055555462837219 0.2854166626930237 0.40925925970077515 0.28854167461395264 0.41111111640930176 0.2906250059604645 0.40925925970077515 0.2916666567325592 0.4148148000240326 0.29895833134651184 0.4166666567325592 0.3031249940395355 0.41296297311782837 0.30937498807907104 0.4148148000240326 0.3062500059604645 0.4148148000240326 0.30520832538604736 0.41296297311782837 0.30000001192092896 0.4148148000240326 0.29895833134651184 0.41296297311782837 0.3020833432674408 0.40925925970077515 0.30416667461395264 0.40925925970077515 0.3031249940395355 0.40740740299224854 0.30416667461395264 0.4037036895751953 0.30520832538604736 0.4055555462837219 0.30937498807907104 0.4055555462837219 0.31041666865348816 0.40740740299224854 0.3083333373069763 0.40925925970077515 0.31562501192092896 0.40740740299224854 0.3166666626930237 0.4055555462837219 0.31562501192092896 0.4018518626689911 0.3187499940395355 0.4000000059604645 0.31562501192092896 0.4000000059604645 0.3125 0.39629629254341125 0.3135416805744171 0.39444443583488464 0.3166666626930237 0.39444443583488464 0.31458333134651184 0.39259257912635803 0.31562501192092896 0.3907407522201538 0.3218750059604645 0.3888888955116272 0.3135416805744171 0.38148146867752075 0.31458333134651184 0.37962964177131653 0.3187499940395355 0.37962964177131653 0.3114583194255829 0.3777777850627899 0.31041666865348816 0.3759259283542633 0.3135416805744171 0.3740740716457367 0.3083333373069763 0.3722222149372101 0.30520832538604736 0.36666667461395264 0.3020833432674408 0.364814817905426 0.3031249940395355 0.3629629611968994 0.3083333373069763 0.3629629611968994 0.30937498807907104 0.364814817905426 0.3218750059604645 0.36666667461395264 0.32604166865348816 0.3629629611968994
1 0.02812499925494194 0.34259259700775146 0.01875000074505806 0.34259259700775146 0.01770833320915699 0.34074074029922485 0.01666666753590107 0.34074074029922485 0.015625 0.34259259700775146 0.0 0.34259259700775146 0.0 0.3499999940395355 0.02291666716337204 0.3499999940395355 0.01145833358168602 0.3499999940395355 0.010416666977107525 0.3481481373310089 0.01145833358168602 0.3462963104248047 0.014583333395421505 0.3462963104248047 0.015625 0.3444444537162781 0.01770833320915699 0.3444444537162781 0.01875000074505806 0.34259259700775146
1 0.22291666269302368 0.34259259700775146 0.20729166269302368 0.3351851999759674 0.19583334028720856 0.33703702688217163 0.18541666865348816 0.3333333432674408 0.16249999403953552 0.3333333432674408 0.14687499403953552 0.33888888359069824 0.10000000149011612 0.3444444537162781 0.09062500298023224 0.34074074029922485 0.09479166567325592 0.34259259700775146 0.09479166567325592 0.3462963104248047 0.07395832985639572 0.35185185074806213 0.10520832985639572 0.3499999940395355 0.10729166865348816 0.35370370745658875 0.10625000298023224 0.35555556416511536 0.02812499925494194 0.3629629611968994 0.05312500149011612 0.3629629611968994 0.05416666716337204 0.364814817905426 0.05104166641831398 0.36851853132247925 0.03229166567325592 0.37037035822868347 0.03229166567325592 0.3740740716457367 0.014583333395421505 0.3740740716457367 0.0031250000465661287 0.3777777850627899 0.0010416667209938169 0.38148146867752075 0.03333333507180214 0.38333332538604736 0.06979166716337204 0.3777777850627899 0.11249999701976776 0.38148146867752075 0.13333334028720856 0.3759259283542633 0.16458334028720856 0.3740740716457367 0.17395833134651184 0.37037035822868347 0.16979166865348816 0.37037035822868347 0.16979166865348816 0.36666667461395264 0.18854166567325592 0.364814817905426 0.17604166269302368 0.3611111044883728 0.18333333730697632 0.3592592477798462 0.18645833432674408 0.35370370745658875
1 0.15208333730697632 0.3296296298503876 0.14687499403953552 0.3296296298503876 0.1458333283662796 0.32777777314186096 0.13958333432674408 0.32777777314186096 0.13854166865348816 0.3296296298503876 0.13333334028720856 0.3296296298503876 0.13229165971279144 0.3314814865589142 0.12604166567325592 0.3314814865589142 0.12604166567325592 0.3333333432674408 0.13124999403953552 0.3333333432674408 0.13229165971279144 0.3314814865589142 0.1510416716337204 0.3314814865589142
2 0.5531250238418579 0.5629629492759705 0.5520833134651184 0.5629629492759705 0.5510416626930237 0.5648148059844971 0.550000011920929 0.5648148059844971 0.546875 0.5685185194015503 0.5427083373069763 0.5685185194015503 0.5416666865348816 0.5703703761100769 0.5385416746139526 0.5703703761100769 0.5385416746139526 0.5740740895271301 0.5416666865348816 0.5796296000480652 0.5447916388511658 0.5796296000480652 0.5458333492279053 0.5814814567565918 0.5479166507720947 0.5814814567565918 0.5520833134651184 0.5888888835906982 0.5520833134651184 0.5981481671333313 0.5510416626930237 0.6000000238418579 0.550000011920929 0.6000000238418579 0.5489583611488342 0.6018518805503845 0.5479166507720947 0.6018518805503845 0.546875 0.6037036776542664 0.5458333492279053 0.6037036776542664 0.543749988079071 0.6074073910713196 0.5458333492279053 0.6111111044883728 0.5458333492279053 0.6129629611968994 0.5447916388511658 0.614814817905426 0.5406249761581421 0.614814817905426 0.5395833253860474 0.6129629611968994 0.5385416746139526 0.614814817905426 0.5375000238418579 0.6129629611968994 0.5364583134651184 0.6129629611968994 0.5354166626930237 0.614814817905426 0.5354166626930237 0.6166666746139526 0.534375011920929 0.6185185313224792 0.534375011920929 0.6203703880310059 0.5354166626930237 0.6185185313224792 0.543749988079071 0.6185185313224792 0.5447916388511658 0.6203703880310059 0.5458333492279053 0.6185185313224792 0.5510416626930237 0.6185185313224792 0.5520833134651184 0.6203703880310059 0.5531250238418579 0.6203703880310059 0.5541666746139526 0.6185185313224792 0.565625011920929 0.6185185313224792 0.5645833611488342 0.6166666746139526 0.5635416507720947 0.6166666746139526 0.5614583492279053 0.6129629611968994 0.5604166388511658 0.6129629611968994 0.5583333373069763 0.6092592477798462 0.559374988079071 0.6074073910713196 0.5531250238418579 0.6074073910713196 0.5520833134651184 0.605555534362793 0.5520833134651184 0.5685185194015503 0.5531250238418579 0.5666666626930237
2 0.484375 0.5222222208976746 0.48645833134651184 0.5222222208976746 0.48750001192092896 0.5240740776062012 0.4885416626930237 0.5240740776062012 0.4895833432674408 0.5259259343147278 0.4906249940395355 0.5259259343147278 0.4906249940395355 0.5240740776062012 0.49166667461395264 0.5222222208976746 0.49270832538604736 0.5222222208976746 0.4947916567325592 0.5185185074806213 0.4958333373069763 0.520370364189148 0.4947916567325592 0.5185185074806213 0.4947916567325592 0.5166666507720947 0.4937500059604645 0.5185185074806213 0.49270832538604736 0.5166666507720947 0.4906249940395355 0.5166666507720947 0.4895833432674408 0.5148147940635681 0.4885416626930237 0.5148147940635681 0.48750001192092896 0.5166666507720947 0.48645833134651184 0.5166666507720947 0.4854166805744171 0.5148147940635681 0.4854166805744171 0.5166666507720947 0.48645833134651184 0.5185185074806213
2 0.5531250238418579 0.5444444417953491 0.5531250238418579 0.5277777910232544 0.5541666746139526 0.5259259343147278 0.5541666746139526 0.49444442987442017 0.5541666746139526 0.4962962865829468 0.550000011920929 0.5037037134170532 0.5489583611488342 0.5037037134170532 0.5479166507720947 0.5055555701255798 0.5458333492279053 0.5055555701255798 0.5447916388511658 0.5074074268341064 0.5406249761581421 0.5074074268341064 0.5395833253860474 0.5092592835426331 0.5302083492279053 0.5092592835426331 0.5291666388511658 0.5111111402511597 0.5041666626930237 0.5111111402511597 0.5041666626930237 0.5129629373550415 0.5052083134651184 0.5148147940635681 0.5083333253860474 0.5148147940635681 0.5093749761581421 0.5166666507720947 0.512499988079071 0.5166666507720947 0.515625 0.520370364189148 0.5177083611488342 0.520370364189148 0.518750011920929 0.5222222208976746 0.5208333134651184 0.5222222208976746 0.5218750238418579 0.5240740776062012 0.5218750238418579 0.5259259343147278 0.5239583253860474 0.5259259343147278 0.5260416865348816 0.529629647731781 0.5260416865348816 0.5314815044403076 0.5249999761581421 0.5333333611488342 0.5239583253860474 0.5333333611488342 0.5229166746139526 0.5351851582527161 0.5229166746139526 0.5370370149612427 0.5197916626930237 0.5407407283782959 0.5208333134651184 0.5425925850868225 0.5406249761581421 0.5425925850868225 0.5416666865348816 0.5444444417953491
2 0.49791666865348816 0.47777777910232544 0.4989583194255829 0.47962963581085205 0.4989583194255829 0.4851851761341095 0.49687498807907104 0.4888888895511627 0.4958333373069763 0.4888888895511627 0.4947916567325592 0.4870370328426361 0.4947916567325592 0.4851851761341095 0.4937500059604645 0.4851851761341095 0.49270832538604736 0.4870370328426361 0.49270832538604736 0.4888888895511627 0.49687498807907104 0.4962962865829468 0.4989583194255829 0.4962962865829468 0.5010416507720947 0.49259260296821594 0.5020833611488342 0.49259260296821594 0.5020833611488342 0.49074074625968933 0.5041666626930237 0.4870370328426361 0.5052083134651184 0.4870370328426361 0.5010416507720947 0.47962963581085205 0.4989583194255829 0.47962963581085205
2 0.3635416626930237 0.47962963581085205 0.3645833432674408 0.4833333194255829 0.3791666626930237 0.49259260296821594 0.4000000059604645 0.49074074625968933 0.4052083194255829 0.4962962865829468 0.4104166626930237 0.4962962865829468 0.4114583432674408 0.4981481432914734 0.4104166626930237 0.5 0.41458332538604736 0.5055555701255798 0.4104166626930237 0.5129629373550415 0.3916666805744171 0.5129629373550415 0.3958333432674408 0.5185185074806213 0.4208333194255829 0.5185185074806213 0.4312500059604645 0.5222222208976746 0.44062501192092896 0.520370364189148 0.4468750059604645 0.5240740776062012 0.4427083432674408 0.5277777910232544 0.41354167461395264 0.5277777910232544 0.4072916805744171 0.5314815044403076 0.40625 0.529629647731781 0.40416666865348816 0.5314815044403076 0.3895833194255829 0.5314815044403076 0.390625 0.5388888716697693 0.3968749940395355 0.5388888716697693 0.4010416567325592 0.5425925850868225 0.4020833373069763 0.5407407283782959 0.40312498807907104 0.5425925850868225 0.4312500059604645 0.5425925850868225 0.44583332538604736 0.5481481552124023 0.4572916626930237 0.5481481552124023 0.4593749940395355 0.550000011920929 0.46041667461395264 0.5351851582527161 0.453125 0.520370364189148 0.4489583373069763 0.5166666507720947 0.4479166567325592 0.5185185074806213 0.44479167461395264 0.5148147940635681 0.44479167461395264 0.5111111402511597 0.4385416805744171 0.5092592835426331 0.4364583194255829 0.5055555701255798 0.4270833432674408 0.5037037134170532 0.42395833134651184 0.4981481432914734 0.4208333194255829 0.5037037134170532 0.4177083373069763 0.4981481432914734 0.4114583432674408 0.49444442987442017 0.4020833373069763 0.48148149251937866 0.39791667461395264 0.48148149251937866 0.39375001192092896 0.47777777910232544 0.390625 0.4703703820705414 0.3854166567325592 0.4703703820705414 0.3760416805744171 0.47592592239379883 0.3708333373069763 0.47592592239379883
2 0.4791666567325592 0.4574074149131775 0.4802083373069763 0.4592592716217041 0.4802083373069763 0.46296295523643494 0.48229166865348816 0.46666666865348816 0.4854166805744171 0.46666666865348816 0.48645833134651184 0.46481481194496155 0.4885416626930237 0.46481481194496155 0.4885416626930237 0.46296295523643494 0.48750001192092896 0.46296295523643494 0.48645833134651184 0.4611110985279083 0.4854166805744171 0.4611110985279083 0.484375 0.4592592716217041 0.48124998807907104 0.4592592716217041 0.4802083373069763 0.4574074149131775
2 0.2822916805744171 0.3740740716457367 0.2750000059604645 0.3740740716457367 0.27395832538604736 0.3759259283542633 0.2708333432674408 0.3759259283542633 0.26875001192092896 0.37962964177131653 0.26770833134651184 0.37962964177131653 0.2760416567325592 0.37962964177131653 0.2770833373069763 0.3777777850627899 0.27916666865348816 0.3777777850627899 0.2802083194255829 0.3759259283542633 0.28125 0.3759259283542633
2 0.0 0.38333332538604736 0.0 0.38148146867752075 0.0031250000465661287 0.3759259283542633 0.0072916666977107525 0.3759259283542633 0.008333333767950535 0.3740740716457367 0.01354166679084301 0.3740740716457367 0.014583333395421505 0.3722222149372101 0.02083333395421505 0.3722222149372101 0.02187499962747097 0.37037035822868347 0.02604166604578495 0.37037035822868347 0.02708333358168602 0.3722222149372101 0.03229166567325592 0.3722222149372101 0.03125 0.37037035822868347 0.03229166567325592 0.36851853132247925 0.04270833358168602 0.36851853132247925 0.04374999925494194 0.36666667461395264 0.05104166641831398 0.36666667461395264 0.0520833320915699 0.364814817905426 0.05312500149011612 0.364814817905426 0.03958333283662796 0.364814817905426 0.03854166716337204 0.36666667461395264 0.02395833283662796 0.36666667461395264 0.02291666716337204 0.364814817905426 0.0072916666977107525 0.364814817905426 0.0062500000931322575 0.36666667461395264 0.0 0.36666667461395264
2 0.12083332985639572 0.37962964177131653 0.13229165971279144 0.37962964177131653 0.13333334028720856 0.3777777850627899 0.16354165971279144 0.3777777850627899 0.16458334028720856 0.3759259283542633 0.17812499403953552 0.3759259283542633 0.17916665971279144 0.3777777850627899 0.20520833134651184 0.3759259283542633 0.20624999701976776 0.3740740716457367 0.22187499701976776 0.3722222149372101 0.2239583283662796 0.36851853132247925 0.22499999403953552 0.37037035822868347 0.22708334028720856 0.37037035822868347 0.22812500596046448 0.36851853132247925 0.2395833283662796 0.36851853132247925 0.24062499403953552 0.36666667461395264 0.2541666626930237 0.3629629611968994 0.2593750059604645 0.35740742087364197 0.25208333134651184 0.35740742087364197 0.2510416805744171 0.3592592477798462 0.24375000596046448 0.3592592477798462 0.24270834028720856 0.3611111044883728 0.22812500596046448 0.3611111044883728 0.22708334028720856 0.3592592477798462 0.22187499701976776 0.3592592477798462 0.22083333134651184 0.35740742087364197 0.18437500298023224 0.35740742087364197 0.18333333730697632 0.3611111044883728 0.1770833283662796 0.3611111044883728 0.18854166567325592 0.3629629611968994 0.18958333134651184 0.364814817905426 0.18854166567325592 0.36666667461395264 0.18437500298023224 0.36666667461395264 0.18333333730697632 0.36851853132247925 0.16979166865348816 0.36851853132247925 0.17395833134651184 0.36851853132247925 0.17499999701976776 0.37037035822868347 0.17395833134651184 0.3722222149372101 0.16875000298023224 0.3722222149372101 0.16458334028720856 0.3759259283542633
2 0.3031249940395355 0.364814817905426 0.3229166567325592 0.3888888955116272 0.3135416805744171 0.39629629254341125 0.47083333134651184 0.39814814925193787 0.4906249940395355 0.41296297311782837 0.48229166865348816 0.4185185134410858 0.4906249940395355 0.42222222685813904 0.4854166805744171 0.4333333373069763 0.47708332538604736 0.4314814805984497 0.48750001192092896 0.4407407343387604 0.5562499761581421 0.43518519401550293 0.5562499761581421 0.4055555462837219 0.59375 0.4296296238899231 0.7854166626930237 0.4333333373069763 0.8218749761581421 0.4592592716217041 0.7770833373069763 0.4611110985279083 0.778124988079071 0.4722222089767456 0.893750011920929 0.4722222089767456 0.9520833492279053 0.49259260296821594 0.9614583253860474 0.5055555701255798 0.6416666507720947 0.4833333194255829 0.6802083253860474 0.6000000238418579 0.7281249761581421 0.8055555820465088 0.9989583492279053 0.8777777552604675 0.9989583492279053 0.43888887763023376 0.84375 0.3722222149372101 0.43541666865348816 0.35370370745658875
2 0.1822916716337204 0.3296296298503876 0.1666666716337204 0.3296296298503876 0.16562500596046448 0.3314814865589142 0.15520833432674408 0.3314814865589142 0.15312500298023224 0.3296296298503876 0.1510416716337204 0.3333333432674408 0.13229165971279144 0.3333333432674408 0.13124999403953552 0.3351851999759674 0.12604166567325592 0.3351851999759674 0.125 0.3314814865589142 0.09166666865348816 0.3314814865589142 0.09062500298023224 0.3333333432674408 0.08124999701976776 0.3333333432674408 0.08020833134651184 0.3351851999759674 0.05000000074505806 0.3351851999759674 0.04895833507180214 0.33703702688217163 0.02708333358168602 0.34074074029922485 0.02916666679084301 0.34259259700775146 0.02812499925494194 0.3444444537162781 0.01875000074505806 0.3444444537162781 0.014583333395421505 0.3481481373310089 0.01145833358168602 0.3481481373310089 0.02291666716337204 0.3481481373310089 0.02395833283662796 0.3499999940395355 0.02291666716337204 0.35185185074806213 0.0 0.35185185074806213 0.0 0.35740742087364197 0.02708333358168602 0.3592592477798462 0.02812499925494194 0.35740742087364197 0.04062499850988388 0.35740742087364197 0.0416666679084301 0.35555556416511536 0.06145833432674408 0.35555556416511536 0.08437500149011612 0.3462963104248047 0.09479166567325592 0.3444444537162781 0.09270833432674408 0.34259259700775146 0.09375 0.34074074029922485 0.0989583358168602 0.34259259700775146 0.10104166716337204 0.34074074029922485 0.11874999850988388 0.34074074029922485 0.1197916641831398 0.33888888359069824 0.14687499403953552 0.33703702688217163 0.16249999403953552 0.3314814865589142
4 0.25729167461395264 0.42592594027519226 0.25312501192092896 0.42407408356666565 0.2562499940395355 0.42222222685813904 0.24895833432674408 0.42222222685813904 0.24791666865348816 0.4203703701496124 0.25 0.4185185134410858 0.24166665971279144 0.4185185134410858 0.2395833283662796 0.4148148000240326 0.24166665971279144 0.41296297311782837 0.22604165971279144 0.41296297311782837 0.21145834028720856 0.40740740299224854 0.20729166269302368 0.41111111640930176 0.20416666567325592 0.40925925970077515 0.18125000596046448 0.40925925970077515 0.18020834028720856 0.40740740299224854 0.1770833283662796 0.40925925970077515 0.15312500298023224 0.40925925970077515 0.14687499403953552 0.41296297311782837 0.13854166865348816 0.41111111640930176 0.13750000298023224 0.41296297311782837 0.1302083283662796 0.41296297311782837 0.12916666269302368 0.4148148000240326 0.12395833432674408 0.4148148000240326 0.11041666567325592 0.4203703701496124 0.09687499701976776 0.42222222685813904 0.09375 0.42407408356666565 0.09270833432674408 0.4277777671813965 0.08645833283662796 0.4277777671813965 0.08229167014360428 0.4333333373069763 0.08437500149011612 0.43703705072402954 0.08229167014360428 0.43888887763023376 0.08437500149011612 0.4407407343387604 0.08229167014360428 0.442592591047287 0.10104166716337204 0.45185184478759766 0.12083332985639572 0.45370370149612427 0.12187500298023224 0.4555555582046509 0.1302083283662796 0.4555555582046509 0.13124999403953552 0.4574074149131775 0.13437500596046448 0.4555555582046509 0.18333333730697632 0.4555555582046509 0.18437500298023224 0.45370370149612427 0.19374999403953552 0.45370370149612427 0.203125 0.44999998807907104 0.21250000596046448 0.44999998807907104 0.21770833432674408 0.4462963044643402 0.22812500596046448 0.4444444477558136 0.23229166865348816 0.4407407343387604 0.24062499403953552 0.43888887763023376 0.24270834028720856 0.43518519401550293 0.24687500298023224 0.4333333373069763 0.24791666865348816 0.4296296238899231 0.25208333134651184 0.4296296238899231
