0 0.6343749761581421 0.5685185194015503 0.6364583373069763 0.5814814567565918 0.6572916507720947 0.614814817905426 0.6499999761581421 0.6074073910713196 0.6291666626930237 0.614814817905426 0.6447916626930237 0.6277777552604675 0.6656249761581421 0.6296296119689941 0.699999988079071 0.6870370507240295 0.7406250238418579 0.7870370149612427 0.7822916507720947 0.8111110925674438 0.784375011920929 0.800000011920929 0.7927083373069763 0.800000011920929 0.8010416626930237 0.8129629492759705 0.8364583253860474 0.8203703761100769 0.8333333134651184 0.8148148059844971 0.8374999761581421 0.8074073791503906 0.856249988079071 0.8203703761100769 0.8864583373069763 0.8629629611968994 0.9333333373069763 0.9037036895751953 0.9489583373069763 0.9277777671813965 0.9989583492279053 0.9759259223937988 0.9979166388511658 0.6074073910713196 0.8677083253860474 0.6092592477798462 0.7802083492279053 0.5907407402992249 0.7427083253860474 0.5574073791503906 0.7447916865348816 0.5481481552124023 0.8489583134651184 0.5425925850868225 0.778124988079071 0.5055555701255798 0.6927083134651184 0.5462962985038757 0.6760416626930237 0.5314815044403076 0.6541666388511658 0.5277777910232544 0.6791666746139526 0.5518518686294556
0 0.643750011920929 0.5092592835426331 0.6427083611488342 0.5074074268341064 0.640625 0.5074074268341064 0.6395833492279053 0.5055555701255798 0.6385416388511658 0.5074074268341064 0.637499988079071 0.5074074268341064 0.6364583373069763 0.5092592835426331 0.625 0.5092592835426331 0.6239583492279053 0.5111111402511597 0.6197916865348816 0.5111111402511597 0.6187499761581421 0.5129629373550415 0.6104166507720947 0.5129629373550415 0.612500011920929 0.5166666507720947 0.6145833134651184 0.5166666507720947 0.6156250238418579 0.5185185074806213 0.625 0.5185185074806213 0.6260416507720947 0.5166666507720947 0.6270833611488342 0.5166666507720947 0.628125011920929 0.5185185074806213 0.6333333253860474 0.5185185074806213 0.6343749761581421 0.5166666507720947 0.6395833492279053 0.5166666507720947 0.6385416388511658 0.5148147940635681 0.6395833492279053 0.5129629373550415 0.6427083611488342 0.5129629373550415 0.6427083611488342 0.5111111402511597
0 0.8260416388511658 0.4888888895511627 0.824999988079071 0.4870370328426361 0.824999988079071 0.4851851761341095 0.8208333253860474 0.4851851761341095 0.8197916746139526 0.4870370328426361 0.8177083134651184 0.4870370328426361 0.8166666626930237 0.4888888895511627 0.8135416507720947 0.4888888895511627 0.8125 0.49074074625968933 0.8104166388511658 0.49074074625968933 0.809374988079071 0.49259260296821594 0.8062499761581421 0.49259260296821594 0.8052083253860474 0.49444442987442017 0.8010416626930237 0.49444442987442017 0.800000011920929 0.4962962865829468 0.796875 0.4962962865829468 0.7958333492279053 0.4981481432914734 0.7927083373069763 0.4981481432914734 0.7916666865348816 0.5 0.7885416746139526 0.5 0.7875000238418579 0.5018518567085266 0.7833333611488342 0.5018518567085266 0.784375011920929 0.5018518567085266 0.7854166626930237 0.5037037134170532 0.7895833253860474 0.5037037134170532 0.7906249761581421 0.5055555701255798 0.7927083373069763 0.5055555701255798 0.793749988079071 0.5074074268341064 0.796875 0.5074074268341064 0.7979166507720947 0.5092592835426331 0.8010416626930237 0.5092592835426331 0.8020833134651184 0.5111111402511597 0.8083333373069763 0.5111111402511597 0.809374988079071 0.5129629373550415 0.8145833611488342 0.5129629373550415 0.815625011920929 0.5148147940635681 0.8177083134651184 0.5148147940635681 0.815625011920929 0.5148147940635681 0.8145833611488342 0.5129629373550415 0.8135416507720947 0.5129629373550415 0.8125 0.5111111402511597 0.8114583492279053 0.5111111402511597 0.8072916865348816 0.5037037134170532 0.8072916865348816 0.5 0.8083333373069763 0.4981481432914734 0.809374988079071 0.4981481432914734 0.8104166388511658 0.4962962865829468 0.8125 0.4962962865829468 0.8135416507720947 0.49444442987442017 0.815625011920929 0.49444442987442017 0.8166666626930237 0.49259260296821594 0.8197916746139526 0.49259260296821594 0.8208333253860474 0.49074074625968933 0.8239583373069763 0.49074074625968933 0.824999988079071 0.4888888895511627
0 0.5864583253860474 0.4574074149131775 0.5864583253860474 0.4592592716217041 0.596875011920929 0.47777777910232544 0.596875011920929 0.48148149251937866 0.5989583134651184 0.4851851761341095 0.596875011920929 0.48148149251937866 0.596875011920929 0.47777777910232544 0.59375 0.4722222089767456 0.59375 0.4703703820705414 0.5927083492279053 0.46851852536201477 0.5927083492279053 0.46666666865348816 0.5916666388511658 0.46481481194496155 0.5927083492279053 0.46296295523643494 0.59375 0.46296295523643494 0.5947916507720947 0.46481481194496155 0.596875011920929 0.46481481194496155 0.5958333611488342 0.46481481194496155 0.5947916507720947 0.46296295523643494 0.5958333611488342 0.4611110985279083 0.596875011920929 0.4611110985279083 0.5958333611488342 0.4611110985279083 0.5947916507720947 0.4592592716217041 0.5947916507720947 0.4574074149131775
0 0.6385416388511658 0.45185184478759766 0.637499988079071 0.45185184478759766 0.6364583373069763 0.44999998807907104 0.6343749761581421 0.44999998807907104 0.6333333253860474 0.4481481611728668 0.6291666626930237 0.4481481611728668 0.628125011920929 0.44999998807907104 0.6208333373069763 0.44999998807907104 0.6197916865348816 0.45185184478759766 0.6135416626930237 0.45185184478759766 0.612500011920929 0.45370370149612427 0.606249988079071 0.45370370149612427 0.612500011920929 0.45370370149612427 0.6135416626930237 0.45185184478759766 0.6145833134651184 0.45370370149612427 0.6166666746139526 0.45370370149612427 0.6177083253860474 0.4555555582046509 0.621874988079071 0.4555555582046509 0.6229166388511658 0.45370370149612427 0.6270833611488342 0.45370370149612427 0.628125011920929 0.4555555582046509 0.6302083134651184 0.4555555582046509 0.6312500238418579 0.45370370149612427 0.6343749761581421 0.45370370149612427 0.6354166865348816 0.45185184478759766
0 0.0364583320915699 0.442592591047287 0.04479166492819786 0.442592591047287 0.04583333432674408 0.4407407343387604 0.05937499925494194 0.4407407343387604 0.06041666492819786 0.43888887763023376 0.0729166641831398 0.43888887763023376 0.07395832985639572 0.43703705072402954 0.08124999701976776 0.43703705072402954 0.08229167014360428 0.43518519401550293 0.09375 0.43518519401550293 0.09479166567325592 0.4333333373069763 0.0989583358168602 0.4333333373069763 0.07083333283662796 0.4333333373069763 0.06979166716337204 0.4314814805984497 0.04895833507180214 0.4314814805984497 0.046875 0.43518519401550293 0.04479166492819786 0.43518519401550293 0.04374999925494194 0.43703705072402954 0.04270833358168602 0.43703705072402954 0.0416666679084301 0.43888887763023376 0.04062499850988388 0.43888887763023376 0.03958333283662796 0.4407407343387604 0.03854166716337204 0.4407407343387604 0.03750000149011612 0.442592591047287
0 0.9468749761581421 0.4333333373069763 0.953125 0.4333333373069763 0.9541666507720947 0.43518519401550293 0.9552083611488342 0.43518519401550293 0.956250011920929 0.43703705072402954 0.9583333134651184 0.43703705072402954 0.9604166746139526 0.4407407343387604 0.9624999761581421 0.4407407343387604 0.9635416865348816 0.442592591047287 0.9677083492279053 0.442592591047287 0.96875 0.4407407343387604 0.9697916507720947 0.442592591047287 0.9770833253860474 0.442592591047287 0.9781249761581421 0.4444444477558136 0.984375 0.4444444477558136 0.9854166507720947 0.4462963044643402 0.9937499761581421 0.4462963044643402 0.9947916865348816 0.4444444477558136 0.9937499761581421 0.442592591047287 0.9916666746139526 0.442592591047287 0.9906250238418579 0.4407407343387604 0.9906250238418579 0.43888887763023376 0.9895833134651184 0.43888887763023376 0.9885416626930237 0.43703705072402954 0.987500011920929 0.43703705072402954 0.9864583611488342 0.43518519401550293 0.984375 0.43518519401550293 0.9833333492279053 0.4333333373069763 0.9770833253860474 0.4333333373069763 0.9760416746139526 0.4314814805984497 0.9739583134651184 0.4314814805984497 0.9729166626930237 0.4296296238899231 0.9677083492279053 0.4296296238899231 0.9666666388511658 0.4314814805984497 0.956250011920929 0.4314814805984497 0.9552083611488342 0.4333333373069763
0 0.890625 0.4277777671813965 0.8947916626930237 0.4277777671813965 0.8958333134651184 0.4296296238899231 0.8999999761581421 0.4296296238899231 0.9010416865348816 0.4314814805984497 0.9052083492279053 0.4314814805984497 0.90625 0.4333333373069763 0.9104166626930237 0.4333333373069763 0.9114583134651184 0.43518519401550293 0.9145833253860474 0.43518519401550293 0.9156249761581421 0.43703705072402954 0.9197916388511658 0.43703705072402954 0.9208333492279053 0.43888887763023376 0.9260416626930237 0.43888887763023376 0.9270833134651184 0.4407407343387604 0.9260416626930237 0.442592591047287 0.9229166507720947 0.442592591047287 0.921875 0.4444444477558136 0.9208333492279053 0.442592591047287 0.9197916388511658 0.442592591047287 0.918749988079071 0.4444444477558136 0.9156249761581421 0.4444444477558136 0.9156249761581421 0.4481481611728668 0.9177083373069763 0.4481481611728668 0.918749988079071 0.4462963044643402 0.9229166507720947 0.4462963044643402 0.9239583611488342 0.4444444477558136 0.9281250238418579 0.4444444477558136 0.9302083253860474 0.4407407343387604 0.9312499761581421 0.442592591047287 0.9322916865348816 0.4407407343387604 0.9447916746139526 0.4407407343387604 0.9447916746139526 0.43888887763023376 0.9364583492279053 0.43888887763023376 0.9354166388511658 0.43703705072402954 0.9333333373069763 0.43703705072402954 0.9322916865348816 0.43518519401550293 0.9281250238418579 0.43518519401550293 0.9270833134651184 0.4333333373069763 0.9145833253860474 0.4333333373069763 0.9135416746139526 0.4314814805984497 0.90625 0.4314814805984497 0.9052083492279053 0.4296296238899231 0.8999999761581421 0.4296296238899231 0.8989583253860474 0.4277777671813965
0 0.0 0.4277777671813965 0.0 0.4314814805984497 0.012500000186264515 0.4314814805984497 0.01354166679084301 0.4333333373069763 0.01354166679084301 0.4314814805984497 0.014583333395421505 0.4296296238899231 0.01666666753590107 0.4296296238899231 0.01770833320915699 0.4314814805984497 0.02083333395421505 0.4314814805984497 0.02187499962747097 0.4296296238899231 0.03020833246409893 0.4296296238899231 0.010416666977107525 0.4296296238899231 0.00937500037252903 0.4277777671813965
0 0.8072916865348816 0.4333333373069763 0.8083333373069763 0.43518519401550293 0.8135416507720947 0.43518519401550293 0.8145833611488342 0.43703705072402954 0.8177083134651184 0.43703705072402954 0.8187500238418579 0.43888887763023376 0.8260416388511658 0.43888887763023376 0.8270833492279053 0.4407407343387604 0.84375 0.4407407343387604 0.8447916507720947 0.442592591047287 0.8541666865348816 0.442592591047287 0.8552083373069763 0.4444444477558136 0.859375 0.4444444477558136 0.8604166507720947 0.442592591047287 0.862500011920929 0.442592591047287 0.8645833134651184 0.43888887763023376 0.862500011920929 0.43888887763023376 0.8614583611488342 0.43703705072402954 0.8583333492279053 0.43703705072402954 0.8572916388511658 0.43518519401550293 0.8520833253860474 0.43518519401550293 0.8510416746139526 0.4333333373069763 0.846875011920929 0.4333333373069763 0.8447916507720947 0.4296296238899231 0.8322916626930237 0.4296296238899231 0.831250011920929 0.4277777671813965 0.8260416388511658 0.4277777671813965 0.824999988079071 0.42592594027519226 0.8218749761581421 0.42592594027519226 0.8208333253860474 0.4277777671813965 0.8166666626930237 0.4277777671813965 0.8145833611488342 0.4314814805984497 0.8125 0.4314814805984497 0.8114583492279053 0.4333333373069763 0.809374988079071 0.4333333373069763 0.8083333373069763 0.4314814805984497
0 0.38749998807907104 0.4333333373069763 0.3958333432674408 0.4333333373069763 0.3968749940395355 0.43518519401550293 0.39791667461395264 0.43518519401550293 0.39895832538604736 0.4333333373069763 0.4000000059604645 0.4333333373069763 0.4000000059604645 0.4314814805984497 0.39895832538604736 0.4296296238899231 0.39895832538604736 0.42592594027519226 0.4000000059604645 0.42407408356666565 0.40416666865348816 0.42407408356666565 0.4052083194255829 0.42592594027519226 0.4166666567325592 0.42592594027519226 0.4177083373069763 0.42407408356666565 0.41874998807907104 0.42407408356666565 0.41979166865348816 0.42222222685813904 0.42500001192092896 0.42222222685813904 0.42395833134651184 0.4203703701496124 0.42395833134651184 0.4185185134410858 0.421875 0.4185185134410858 0.4208333194255829 0.4166666567325592 0.4177083373069763 0.4166666567325592 0.4166666567325592 0.4148148000240326 0.41458332538604736 0.4148148000240326 0.41354167461395264 0.4166666567325592 0.4104166626930237 0.4166666567325592 0.40937501192092896 0.4148148000240326 0.40312498807907104 0.4148148000240326 0.40416666865348816 0.4148148000240326 0.4052083194255829 0.4166666567325592 0.40416666865348816 0.4185185134410858 0.40312498807907104 0.4185185134410858 0.4020833373069763 0.4203703701496124 0.3958333432674408 0.4203703701496124 0.3947916626930237 0.42222222685813904 0.38854166865348816 0.42222222685813904 0.39895832538604736 0.42222222685813904 0.4000000059604645 0.42407408356666565 0.39791667461395264 0.4277777671813965 0.3968749940395355 0.4277777671813965 0.3958333432674408 0.4296296238899231 0.39375001192092896 0.4296296238899231 0.39270833134651184 0.4314814805984497 0.38749998807907104 0.4314814805984497
0 0.640625 0.4148148000240326 0.46145832538604736 0.43518519401550293 0.04895833507180214 0.5185185074806213 0.0 0.5518518686294556 0.0 0.7870370149612427 0.1458333283662796 0.7055555582046509 0.26249998807907104 0.6907407641410828 0.39791667461395264 0.6296296119689941 0.5416666865348816 0.5944444537162781 0.5260416865348816 0.5814814567565918 0.5333333611488342 0.5722222328186035 0.5874999761581421 0.5888888835906982 0.5802083611488342 0.5703703761100769 0.5552083253860474 0.5611110925674438 0.5572916865348816 0.5481481552124023 0.4833333194255829 0.5555555820465088 0.140625 0.6777777671813965 0.17604166269302368 0.6462963223457336 0.2916666567325592 0.605555534362793 0.3229166567325592 0.5648148059844971 0.3531250059604645 0.5537037253379822 0.20520833134651184 0.5370370149612427 0.20520833134651184 0.5185185074806213 0.23229166865348816 0.4981481432914734 0.47604167461395264 0.49259260296821594 0.46666666865348816 0.4870370328426361 0.49166667461395264 0.47777777910232544 0.5104166865348816 0.4444444477558136 0.5760416388511658 0.42592594027519226 0.596875011920929 0.4481481611728668 0.637499988079071 0.4277777671813965 0.625 0.4148148000240326
0 0.4729166626930237 0.4037036895751953 0.47187501192092896 0.4018518626689911 0.47083333134651184 0.4018518626689911 0.47083333134651184 0.4037036895751953 0.4697916805744171 0.4055555462837219 0.4645833373069763 0.4055555462837219 0.4635416567325592 0.4037036895751953 0.4625000059604645 0.4037036895751953 0.46145832538604736 0.4018518626689911 0.46145832538604736 0.4000000059604645 0.46041667461395264 0.4000000059604645 0.4593749940395355 0.4018518626689911 0.4583333432674408 0.4018518626689911 0.4572916626930237 0.4037036895751953 0.45625001192092896 0.4037036895751953 0.45520833134651184 0.4055555462837219 0.4479166567325592 0.4055555462837219 0.4468750059604645 0.40740740299224854 0.44583332538604736 0.40740740299224854 0.44479167461395264 0.4055555462837219 0.4437499940395355 0.4055555462837219 0.44479167461395264 0.40740740299224854 0.4427083432674408 0.41111111640930176 0.44062501192092896 0.40740740299224854 0.43958333134651184 0.40925925970077515 0.4385416805744171 0.40740740299224854 0.4322916567325592 0.40740740299224854 0.4312500059604645 0.4055555462837219 0.4281249940395355 0.4055555462837219 0.4270833432674408 0.4037036895751953 0.4260416626930237 0.4037036895751953 0.4229166805744171 0.40925925970077515 0.42916667461395264 0.40925925970077515 0.43020832538604736 0.41111111640930176 0.4322916567325592 0.41111111640930176 0.4333333373069763 0.41296297311782837 0.43541666865348816 0.41296297311782837 0.4364583194255829 0.4148148000240326 0.44062501192092896 0.4148148000240326 0.4416666626930237 0.4166666567325592 0.44583332538604736 0.4166666567325592 0.4468750059604645 0.4185185134410858 0.4489583373069763 0.4185185134410858 0.44999998807907104 0.4203703701496124 0.4520833194255829 0.4203703701496124 0.4520833194255829 0.4185185134410858 0.453125 0.4166666567325592 0.4583333432674408 0.4166666567325592 0.4572916626930237 0.4166666567325592 0.45625001192092896 0.4148148000240326 0.45625001192092896 0.41296297311782837 0.4572916626930237 0.41111111640930176 0.46041667461395264 0.41111111640930176 0.46145832538604736 0.41296297311782837 0.4645833373069763 0.41296297311782837 0.4645833373069763 0.41111111640930176 0.46666666865348816 0.40740740299224854 0.47187501192092896 0.40740740299224854 0.47187501192092896 0.4055555462837219
0 0.8322916626930237 0.4185185134410858 0.8291666507720947 0.4185185134410858 0.828125 0.4166666567325592 0.8260416388511658 0.4166666567325592 0.824999988079071 0.4148148000240326 0.8229166865348816 0.4148148000240326 0.8218749761581421 0.41296297311782837 0.8197916746139526 0.41296297311782837 0.8187500238418579 0.41111111640930176 0.8166666626930237 0.41111111640930176 0.815625011920929 0.40925925970077515 0.8166666626930237 0.40740740299224854 0.8208333253860474 0.40740740299224854 0.8218749761581421 0.40925925970077515 0.828125 0.40925925970077515 0.8291666507720947 0.40740740299224854 0.8302083611488342 0.40925925970077515 0.8302083611488342 0.41111111640930176 0.831250011920929 0.41111111640930176 0.8291666507720947 0.40740740299224854 0.828125 0.40925925970077515 0.8270833492279053 0.40925925970077515 0.8260416388511658 0.40740740299224854 0.8218749761581421 0.40740740299224854 0.8208333253860474 0.4055555462837219 0.8187500238418579 0.4055555462837219 0.8177083134651184 0.4037036895751953 0.815625011920929 0.4037036895751953 0.8145833611488342 0.4018518626689911 0.815625011920929 0.4000000059604645 0.8197916746139526 0.4000000059604645 0.8166666626930237 0.4000000059604645 0.815625011920929 0.39814814925193787 0.815625011920929 0.4000000059604645 0.8135416507720947 0.4037036895751953 0.809374988079071 0.4037036895751953 0.8083333373069763 0.4018518626689911 0.8041666746139526 0.4018518626689911 0.8031250238418579 0.4037036895751953 0.8020833134651184 0.4018518626689911 0.7979166507720947 0.4018518626689911 0.796875 0.4000000059604645 0.796875 0.4018518626689911 0.800000011920929 0.4018518626689911 0.8010416626930237 0.4037036895751953 0.8010416626930237 0.4055555462837219 0.800000011920929 0.40740740299224854 0.7947916388511658 0.40740740299224854 0.793749988079071 0.4055555462837219 0.7822916507720947 0.4055555462837219 0.7802083492279053 0.41111111640930176 0.7927083373069763 0.41111111640930176 0.793749988079071 0.41296297311782837 0.8010416626930237 0.41296297311782837 0.8020833134651184 0.4148148000240326 0.8072916865348816 0.4148148000240326 0.8083333373069763 0.4166666567325592 0.8135416507720947 0.4166666567325592 0.8145833611488342 0.4185185134410858 0.8197916746139526 0.4185185134410858 0.8208333253860474 0.4203703701496124 0.828125 0.4203703701496124 0.8291666507720947 0.4185185134410858
0 0.3843750059604645 0.3907407522201538 0.3854166567325592 0.3907407522201538 0.3864583373069763 0.39259257912635803 0.38854166865348816 0.39259257912635803 0.3895833194255829 0.39444443583488464 0.3968749940395355 0.39444443583488464 0.39791667461395264 0.39629629254341125 0.39895832538604736 0.39444443583488464 0.40625 0.39444443583488464 0.4072916805744171 0.39259257912635803 0.40625 0.39259257912635803 0.4052083194255829 0.3907407522201538 0.4010416567325592 0.3907407522201538 0.4000000059604645 0.3888888955116272 0.38749998807907104 0.3888888955116272 0.3864583373069763 0.3907407522201538
0 0.4781250059604645 0.37962964177131653 0.4802083373069763 0.37962964177131653 0.48124998807907104 0.38148146867752075 0.4895833432674408 0.38148146867752075 0.4906249940395355 0.38333332538604736 0.4895833432674408 0.385185182094574 0.4854166805744171 0.385185182094574 0.48645833134651184 0.385185182094574 0.48750001192092896 0.3870370388031006 0.5135416388511658 0.3870370388031006 0.5145833492279053 0.385185182094574 0.5166666507720947 0.385185182094574 0.5177083611488342 0.38333332538604736 0.5197916626930237 0.38333332538604736 0.5114583373069763 0.38333332538604736 0.5104166865348816 0.385185182094574 0.5093749761581421 0.38333332538604736 0.5072916746139526 0.38333332538604736 0.5062500238418579 0.385185182094574 0.5052083134651184 0.38333332538604736 0.4989583194255829 0.38333332538604736 0.49687498807907104 0.37962964177131653 0.4833333194255829 0.37962964177131653 0.48229166865348816 0.3777777850627899 0.48124998807907104 0.37962964177131653
0 0.6197916865348816 0.3777777850627899 0.6208333373069763 0.3759259283542633 0.621874988079071 0.3759259283542633 0.6239583492279053 0.37962964177131653 0.625 0.37962964177131653 0.6260416507720947 0.3777777850627899 0.6270833611488342 0.3777777850627899 0.628125011920929 0.37962964177131653 0.6312500238418579 0.37962964177131653 0.6312500238418579 0.3777777850627899 0.6322916746139526 0.3759259283542633 0.6333333253860474 0.3759259283542633 0.6343749761581421 0.3740740716457367 0.6354166865348816 0.3740740716457367 0.628125011920929 0.3740740716457367 0.6270833611488342 0.3722222149372101 0.621874988079071 0.3722222149372101 0.6208333373069763 0.3740740716457367 0.6208333373069763 0.3759259283542633
0 0.9364583492279053 0.3759259283542633 0.9375 0.3777777850627899 0.940625011920929 0.3777777850627899 0.9416666626930237 0.37962964177131653 0.9447916746139526 0.37962964177131653 0.9468749761581421 0.38333332538604736 0.949999988079071 0.38333332538604736 0.9510416388511658 0.385185182094574 0.953125 0.385185182094574 0.9552083611488342 0.3888888955116272 0.9583333134651184 0.3888888955116272 0.9593750238418579 0.3907407522201538 0.9604166746139526 0.3907407522201538 0.9624999761581421 0.39444443583488464 0.9624999761581421 0.39629629254341125 0.9614583253860474 0.39814814925193787 0.9572916626930237 0.39814814925193787 0.9572916626930237 0.4000000059604645 0.9583333134651184 0.4018518626689911 0.9604166746139526 0.4018518626689911 0.9614583253860474 0.4037036895751953 0.9635416865348816 0.4037036895751953 0.9645833373069763 0.4055555462837219 0.96875 0.4055555462837219 0.971875011920929 0.40925925970077515 0.9750000238418579 0.40925925970077515 0.9760416746139526 0.41111111640930176 0.9781249761581421 0.41111111640930176 0.9791666865348816 0.41296297311782837 0.9822916388511658 0.41296297311782837 0.9833333492279053 0.4148148000240326 0.9854166507720947 0.4148148000240326 0.9864583611488342 0.4166666567325592 0.9885416626930237 0.4166666567325592 0.9895833134651184 0.4185185134410858 0.9927083253860474 0.4185185134410858 0.9937499761581421 0.4203703701496124 0.9958333373069763 0.4203703701496124 0.996874988079071 0.42222222685813904 0.9989583492279053 0.42222222685813904 0.9989583492279053 0.4166666567325592 0.9958333373069763 0.4166666567325592 0.9947916865348816 0.4148148000240326 0.9927083253860474 0.4148148000240326 0.9906250238418579 0.41111111640930176 0.9885416626930237 0.41111111640930176 0.987500011920929 0.40925925970077515 0.984375 0.40925925970077515 0.9833333492279053 0.40740740299224854 0.984375 0.4055555462837219 0.9864583611488342 0.4055555462837219 0.987500011920929 0.4037036895751953 0.9927083253860474 0.4037036895751953 0.9937499761581421 0.4018518626689911 0.996874988079071 0.4018518626689911 0.9958333373069763 0.4018518626689911 0.9947916865348816 0.4000000059604645 0.9958333373069763 0.39814814925193787 0.9989583492279053 0.39814814925193787 0.996874988079071 0.39814814925193787 0.9958333373069763 0.39629629254341125 0.9895833134651184 0.39629629254341125 0.9885416626930237 0.39444443583488464 0.9854166507720947 0.39444443583488464 0.984375 0.39259257912635803 0.9822916388511658 0.39259257912635803 0.9791666865348816 0.3888888955116272 0.9770833253860474 0.3888888955116272 0.9760416746139526 0.3870370388031006 0.9760416746139526 0.385185182094574 0.9770833253860474 0.38333332538604736 0.9750000238418579 0.3777777850627899 0.9729166626930237 0.3777777850627899 0.971875011920929 0.3759259283542633 0.9635416865348816 0.3759259283542633 0.9624999761581421 0.3740740716457367 0.9583333134651184 0.3740740716457367 0.9572916626930237 0.3722222149372101 0.9572916626930237 0.36851853132247925 0.956250011920929 0.37037035822868347 0.9520833492279053 0.37037035822868347 0.9510416388511658 0.3722222149372101 0.9489583373069763 0.3722222149372101 0.9468749761581421 0.3759259283542633
0 0.5093749761581421 0.364814817905426 0.5177083611488342 0.364814817905426 0.518750011920929 0.36666667461395264 0.5239583253860474 0.36666667461395264 0.5249999761581421 0.36851853132247925 0.53125 0.36851853132247925 0.5322916507720947 0.37037035822868347 0.546875 0.37037035822868347 0.5479166507720947 0.36851853132247925 0.5489583611488342 0.36851853132247925 0.550000011920929 0.36666667461395264 0.5531250238418579 0.36666667461395264 0.5541666746139526 0.364814817905426 0.5572916865348816 0.364814817905426 0.5583333373069763 0.3629629611968994 0.5604166388511658 0.3629629611968994 0.559374988079071 0.3629629611968994 0.5583333373069763 0.3611111044883728 0.5375000238418579 0.3611111044883728 0.5427083373069763 0.3611111044883728 0.543749988079071 0.3629629611968994 0.5427083373069763 0.364814817905426 0.5375000238418579 0.364814817905426 0.5364583134651184 0.36666667461395264 0.5354166626930237 0.36666667461395264 0.534375011920929 0.364814817905426 0.5333333611488342 0.364814817905426 0.5322916507720947 0.3629629611968994 0.5333333611488342 0.3611111044883728 0.534375011920929 0.3611111044883728 0.5302083492279053 0.3611111044883728 0.5291666388511658 0.3629629611968994 0.512499988079071 0.3629629611968994 0.5114583373069763 0.364814817905426
0 0.9270833134651184 0.3444444537162781 0.9385416507720947 0.3444444537162781 0.9395833611488342 0.3462963104248047 0.9427083134651184 0.3462963104248047 0.9437500238418579 0.3481481373310089 0.9468749761581421 0.3481481373310089 0.9479166865348816 0.3499999940395355 0.9520833492279053 0.3499999940395355 0.953125 0.35185185074806213 0.956250011920929 0.35185185074806213 0.9572916626930237 0.35370370745658875 0.9604166746139526 0.35370370745658875 0.9614583253860474 0.35555556416511536 0.965624988079071 0.35555556416511536 0.9666666388511658 0.35740742087364197 0.9708333611488342 0.35740742087364197 0.971875011920929 0.3592592477798462 0.9739583134651184 0.3592592477798462 0.9729166626930237 0.3592592477798462 0.971875011920929 0.35740742087364197 0.9729166626930237 0.35555556416511536 0.9958333373069763 0.35555556416511536 0.996874988079071 0.35740742087364197 0.9989583492279053 0.35740742087364197 0.9989583492279053 0.35555556416511536 0.9958333373069763 0.35555556416511536 0.9947916865348816 0.35370370745658875 0.9854166507720947 0.35370370745658875 0.984375 0.35185185074806213 0.9770833253860474 0.35185185074806213 0.9760416746139526 0.3499999940395355 0.965624988079071 0.3499999940395355 0.9645833373069763 0.3481481373310089 0.956250011920929 0.3481481373310089 0.9552083611488342 0.3462963104248047 0.9489583373069763 0.3462963104248047 0.9479166865348816 0.3444444537162781 0.9395833611488342 0.3444444537162781 0.9385416507720947 0.34259259700775146 0.9375 0.3444444537162781
0 0.8968750238418579 0.3462963104248047 0.909375011920929 0.3462963104248047 0.9104166626930237 0.3444444537162781 0.9125000238418579 0.3444444537162781 0.9114583134651184 0.34259259700775146 0.9020833373069763 0.34259259700775146 0.9010416865348816 0.34074074029922485 0.8989583253860474 0.34074074029922485 0.8979166746139526 0.34259259700775146 0.8979166746139526 0.3444444537162781
0 0.0 0.3499999940395355 0.010416666977107525 0.3499999940395355 0.01145833358168602 0.3481481373310089 0.02083333395421505 0.3481481373310089 0.02187499962747097 0.3499999940395355 0.02291666716337204 0.3481481373310089 0.046875 0.3499999940395355 0.04791666567325592 0.3481481373310089 0.0520833320915699 0.3481481373310089 0.05312500149011612 0.3462963104248047 0.06458333134651184 0.3462963104248047 0.06562499701976776 0.3444444537162781 0.07083333283662796 0.3444444537162781 0.0729166641831398 0.3462963104248047 0.07395832985639572 0.34259259700775146 0.08541666716337204 0.34259259700775146 0.08749999850988388 0.34074074029922485 0.02395833283662796 0.34074074029922485 0.02291666716337204 0.34259259700775146 0.0 0.34259259700775146 0.012500000186264515 0.34259259700775146 0.01354166679084301 0.3444444537162781 0.04374999925494194 0.3444444537162781 0.04479166492819786 0.3462963104248047 0.04374999925494194 0.3481481373310089 0.0 0.3481481373310089
0 0.46041667461395264 0.3333333432674408 0.15416666865348816 0.3351851999759674 0.125 0.3444444537162781 0.3239583373069763 0.3351851999759674 0.35104167461395264 0.3462963104248047 0.30520832538604736 0.35555556416511536 0.004166666883975267 0.3611111044883728 0.02187499962747097 0.364814817905426 0.0 0.37037035822868347 0.0 0.4018518626689911 0.24687500298023224 0.3870370388031006 0.23854166269302368 0.39444443583488464 0.27395832538604736 0.40925925970077515 0.2447916716337204 0.40925925970077515 0.2666666805744171 0.42592594027519226 0.2645833194255829 0.41296297311782837 0.28958332538604736 0.40740740299224854 0.2750000059604645 0.39814814925193787 0.28125 0.3907407522201538 0.4260416626930237 0.3777777850627899 0.3802083432674408 0.37037035822868347 0.43541666865348816 0.36666667461395264 0.40833333134651184 0.3611111044883728 0.4312500059604645 0.35185185074806213 0.36250001192092896 0.3592592477798462 0.3687500059604645 0.35185185074806213 0.3552083373069763 0.3444444537162781 0.3916666805744171 0.34259259700775146 0.37812501192092896 0.34074074029922485 0.39270833134651184 0.3351851999759674 0.3802083432674408 0.3296296298503876
0 0.23645833134651184 0.32777777314186096 0.2395833283662796 0.32777777314186096 0.24062499403953552 0.3296296298503876 0.24270834028720856 0.3296296298503876 0.24270834028720856 0.32777777314186096 0.24375000596046448 0.32592591643333435 0.24583333730697632 0.32592591643333435 0.24687500298023224 0.32777777314186096 0.2541666626930237 0.32777777314186096 0.2552083432674408 0.3296296298503876 0.2562499940395355 0.3296296298503876 0.2562499940395355 0.32777777314186096 0.25729167461395264 0.32592591643333435 0.25833332538604736 0.32592591643333435 0.23645833134651184 0.32592591643333435
0 0.14791665971279144 0.3222222328186035 0.0885416641831398 0.3222222328186035 0.08749999850988388 0.32407405972480774 0.0729166641831398 0.32407405972480774 0.07187499850988388 0.32592591643333435 0.06666667014360428 0.32592591643333435 0.06562499701976776 0.32777777314186096 0.0416666679084301 0.32777777314186096 0.04062499850988388 0.3296296298503876 0.02708333358168602 0.3296296298503876 0.02604166604578495 0.3314814865589142 0.02187499962747097 0.3314814865589142 0.02083333395421505 0.3333333432674408 0.0072916666977107525 0.3333333432674408 0.02291666716337204 0.3333333432674408 0.02395833283662796 0.3314814865589142 0.03020833246409893 0.3333333432674408 0.03125 0.3314814865589142 0.03958333283662796 0.3314814865589142 0.04062499850988388 0.3296296298503876 0.05104166641831398 0.3296296298503876 0.0520833320915699 0.3314814865589142 0.05833333358168602 0.3314814865589142 0.05937499925494194 0.3296296298503876 0.06562499701976776 0.3296296298503876 0.06666667014360428 0.32777777314186096 0.078125 0.32777777314186096 0.07916666567325592 0.32407405972480774 0.10208333283662796 0.32407405972480774 0.10312499850988388 0.32592591643333435 0.10833333432674408 0.32592591643333435 0.109375 0.32407405972480774 0.11354167014360428 0.32592591643333435 0.1145833358168602 0.32407405972480774 0.11562500149011612 0.32592591643333435 0.12916666269302368 0.32592591643333435 0.1302083283662796 0.32407405972480774 0.14687499403953552 0.32407405972480774
0 0.5260416865348816 0.3296296298503876 0.5520833134651184 0.3351851999759674 0.546875 0.34259259700775146 0.5520833134651184 0.3499999940395355 0.574999988079071 0.35555556416511536 0.6395833492279053 0.3481481373310089 0.6468750238418579 0.35740742087364197 0.5687500238418579 0.36666667461395264 0.5729166865348816 0.3759259283542633 0.5333333611488342 0.3870370388031006 0.5916666388511658 0.37962964177131653 0.5791666507720947 0.37037035822868347 0.6197916865348816 0.36666667461395264 0.690625011920929 0.3759259283542633 0.6781250238418579 0.385185182094574 0.7875000238418579 0.4018518626689911 0.7729166746139526 0.39444443583488464 0.7822916507720947 0.3870370388031006 0.7708333134651184 0.3870370388031006 0.765625 0.3759259283542633 0.7749999761581421 0.36851853132247925 0.78125 0.37962964177131653 0.8489583134651184 0.385185182094574 0.8333333134651184 0.3759259283542633 0.8395833373069763 0.37037035822868347 0.8656250238418579 0.3888888955116272 0.8916666507720947 0.3907407522201538 0.8812500238418579 0.3888888955116272 0.8968750238418579 0.37962964177131653 0.8968750238418579 0.3907407522201538 0.9229166507720947 0.38333332538604736 0.940625011920929 0.39259257912635803 0.9302083253860474 0.38148146867752075 0.8697916865348816 0.37962964177131653 0.8635416626930237 0.36851853132247925 0.8489583134651184 0.36851853132247925 0.8572916388511658 0.364814817905426 0.8177083134651184 0.3611111044883728 0.8229166865348816 0.36666667461395264 0.8114583492279053 0.36851853132247925 0.8197916746139526 0.3740740716457367 0.8114583492279053 0.3759259283542633 0.8041666746139526 0.36666667461395264 0.7583333253860474 0.364814817905426 0.7427083253860474 0.35185185074806213 0.6875 0.3481481373310089 0.6968749761581421 0.3444444537162781 0.671875 0.33888888359069824 0.6791666746139526 0.3462963104248047 0.6625000238418579 0.3481481373310089 0.6739583611488342 0.35555556416511536 0.6635416746139526 0.35740742087364197 0.6416666507720947 0.3333333432674408 0.6364583373069763 0.33888888359069824 0.6479166746139526 0.34074074029922485 0.6447916626930237 0.3499999940395355 0.6312500238418579 0.33888888359069824 0.6333333253860474 0.3481481373310089 0.628125011920929 0.33888888359069824 0.590624988079071 0.33703702688217163 0.6260416507720947 0.3481481373310089 0.5729166865348816 0.3462963104248047 0.5927083492279053 0.34259259700775146 0.5802083611488342 0.3333333432674408 0.5489583611488342 0.3333333432674408 0.5541666746139526 0.3296296298503876 0.5364583134651184 0.3203703761100769
0 0.15625 0.32407405972480774 0.15833333134651184 0.32407405972480774 0.15937499701976776 0.32592591643333435 0.1666666716337204 0.32592591643333435 0.16770833730697632 0.32407405972480774 0.17812499403953552 0.32407405972480774 0.17916665971279144 0.32592591643333435 0.18541666865348816 0.32592591643333435 0.18645833432674408 0.32777777314186096 0.18854166567325592 0.32777777314186096 0.18958333134651184 0.3296296298503876 0.19166666269302368 0.3296296298503876 0.19166666269302368 0.32777777314186096 0.1927083283662796 0.32592591643333435 0.19374999403953552 0.32592591643333435 0.19479165971279144 0.32407405972480774 0.19687500596046448 0.32407405972480774 0.1979166716337204 0.32592591643333435 0.20624999701976776 0.32592591643333435 0.20937499403953552 0.3296296298503876 0.2083333283662796 0.3314814865589142 0.19374999403953552 0.3314814865589142 0.22083333134651184 0.3314814865589142 0.22187499701976776 0.3296296298503876 0.2291666716337204 0.3296296298503876 0.23020833730697632 0.32777777314186096 0.23229166865348816 0.32777777314186096 0.23333333432674408 0.32592591643333435 0.23229166865348816 0.32407405972480774 0.23333333432674408 0.3222222328186035 0.23645833134651184 0.3222222328186035 0.23020833730697632 0.3222222328186035 0.2291666716337204 0.32407405972480774 0.22708334028720856 0.32407405972480774 0.22604165971279144 0.32592591643333435 0.21979166567325592 0.32592591643333435 0.21875 0.32407405972480774 0.20937499403953552 0.32407405972480774 0.2083333283662796 0.3222222328186035 0.20729166269302368 0.32407405972480774 0.20520833134651184 0.32407405972480774 0.20416666567325592 0.3222222328186035 0.19166666269302368 0.3222222328186035 0.19062499701976776 0.3203703761100769 0.18541666865348816 0.3203703761100769 0.18333333730697632 0.32592591643333435 0.1822916716337204 0.32407405972480774
1 0.3270833194255829 0.7333333492279053 0.32604166865348816 0.7351852059364319 0.32499998807907104 0.7333333492279053 0.3229166567325592 0.7333333492279053 0.3218750059604645 0.7314814925193787 0.32083332538604736 0.7314814925193787 0.3177083432674408 0.7370370626449585 0.3166666626930237 0.7370370626449585 0.31458333134651184 0.7407407164573669 0.31458333134651184 0.7444444298744202 0.31562501192092896 0.7425925731658936 0.3166666626930237 0.7444444298744202 0.3177083432674408 0.7444444298744202 0.3166666626930237 0.7425925731658936 0.3166666626930237 0.7407407164573669 0.3177083432674408 0.7388888597488403 0.3187499940395355 0.7407407164573669 0.31979167461395264 0.7388888597488403 0.32083332538604736 0.7407407164573669 0.3229166567325592 0.7370370626449585 0.3239583373069763 0.7370370626449585 0.32499998807907104 0.7351852059364319 0.32604166865348816 0.7351852059364319
1 0.3864583373069763 0.6370370388031006 0.38229167461395264 0.6370370388031006 0.3812499940395355 0.6388888955116272 0.37812501192092896 0.6388888955116272 0.37708333134651184 0.6407407522201538 0.37291666865348816 0.6407407522201538 0.37187498807907104 0.6425926089286804 0.36666667461395264 0.6425926089286804 0.3656249940395355 0.644444465637207 0.3656249940395355 0.6481481194496155 0.3645833432674408 0.6499999761581421 0.3645833432674408 0.6537036895751953 0.36145833134651184 0.6592592597007751 0.3604166805744171 0.6592592597007751 0.359375 0.6611111164093018 0.359375 0.6629629731178284 0.3583333194255829 0.664814829826355 0.3583333194255829 0.6685185432434082 0.359375 0.6685185432434082 0.3604166805744171 0.6703703999519348 0.36145833134651184 0.6703703999519348 0.36250001192092896 0.6722221970558167 0.3635416626930237 0.6722221970558167 0.3645833432674408 0.6740740537643433 0.37187498807907104 0.6740740537643433 0.37187498807907104 0.6722221970558167 0.3739583194255829 0.6685185432434082 0.375 0.6685185432434082 0.375 0.6666666865348816 0.3760416805744171 0.664814829826355 0.37708333134651184 0.664814829826355 0.37708333134651184 0.6629629731178284 0.3791666626930237 0.6592592597007751 0.3802083432674408 0.6592592597007751 0.3802083432674408 0.6555555462837219 0.3812499940395355 0.6537036895751953 0.3812499940395355 0.6518518328666687 0.38333332538604736 0.6481481194496155 0.38333332538604736 0.644444465637207 0.3843750059604645 0.6425926089286804 0.3843750059604645 0.6407407522201538
1 0.8041666746139526 0.6129629611968994 0.7979166507720947 0.6018518805503845 0.7875000238418579 0.6018518805503845 0.7864583134651184 0.6037036776542664 0.7822916507720947 0.6037036776542664 0.78125 0.605555534362793 0.7760416865348816 0.605555534362793 0.7749999761581421 0.6074073910713196 0.762499988079071 0.6074073910713196 0.7614583373069763 0.6092592477798462 0.7635416388511658 0.6092592477798462 0.7645833492279053 0.6111111044883728 0.765625 0.6111111044883728 0.7666666507720947 0.6129629611968994 0.7760416865348816 0.6129629611968994 0.7770833373069763 0.6111111044883728 0.7833333611488342 0.6111111044883728 0.7854166626930237 0.6074073910713196 0.784375011920929 0.605555534362793 0.7854166626930237 0.6037036776542664 0.793749988079071 0.6037036776542664 0.7947916388511658 0.605555534362793 0.796875 0.605555534362793 0.7979166507720947 0.6074073910713196 0.7989583611488342 0.6074073910713196 0.800000011920929 0.6092592477798462 0.8010416626930237 0.6092592477798462 0.8031250238418579 0.6129629611968994
1 0.5135416388511658 0.6018518805503845 0.512499988079071 0.6037036776542664 0.5093749761581421 0.6037036776542664 0.5083333253860474 0.605555534362793 0.503125011920929 0.605555534362793 0.5020833611488342 0.6074073910713196 0.4989583194255829 0.6074073910713196 0.49791666865348816 0.6092592477798462 0.4937500059604645 0.6092592477798462 0.49270832538604736 0.6111111044883728 0.49166667461395264 0.6092592477798462 0.4906249940395355 0.6111111044883728 0.48645833134651184 0.6111111044883728 0.4854166805744171 0.6129629611968994 0.4749999940395355 0.6129629611968994 0.4739583432674408 0.614814817905426 0.4635416567325592 0.614814817905426 0.4625000059604645 0.6166666746139526 0.4645833373069763 0.6166666746139526 0.46562498807907104 0.6185185313224792 0.4677083194255829 0.6185185313224792 0.46875 0.6203703880310059 0.4781250059604645 0.6203703880310059 0.4791666567325592 0.6222222447395325 0.484375 0.6222222447395325 0.4854166805744171 0.6203703880310059 0.4906249940395355 0.6203703880310059 0.49166667461395264 0.6185185313224792 0.4947916567325592 0.6185185313224792 0.4958333373069763 0.6166666746139526 0.5093749761581421 0.6166666746139526 0.5104166865348816 0.614814817905426 0.512499988079071 0.614814817905426 0.512499988079071 0.6129629611968994 0.5135416388511658 0.6111111044883728
1 0.32083332538604736 0.5833333134651184 0.32083332538604736 0.585185170173645 0.3218750059604645 0.5870370268821716 0.328125 0.5870370268821716 0.3291666805744171 0.585185170173645 0.3322916626930237 0.585185170173645 0.3322916626930237 0.5833333134651184 0.33020833134651184 0.5796296000480652 0.3239583373069763 0.5796296000480652 0.3229166567325592 0.5814814567565918 0.3218750059604645 0.5814814567565918
1 0.5177083611488342 0.4981481432914734 0.518750011920929 0.5 0.5177083611488342 0.5018518567085266 0.518750011920929 0.5037037134170532 0.5218750238418579 0.5037037134170532 0.5229166746139526 0.5055555701255798 0.528124988079071 0.5055555701255798 0.5291666388511658 0.5074074268341064 0.5364583134651184 0.5074074268341064 0.5375000238418579 0.5055555701255798 0.5406249761581421 0.5055555701255798 0.5416666865348816 0.5037037134170532 0.546875 0.5037037134170532 0.5479166507720947 0.5018518567085266 0.5489583611488342 0.5018518567085266 0.550000011920929 0.5 0.5520833134651184 0.5 0.5520833134651184 0.4981481432914734 0.53125 0.4981481432914734 0.5302083492279053 0.5 0.5260416865348816 0.5 0.5249999761581421 0.4981481432914734 0.5229166746139526 0.4981481432914734 0.5218750238418579 0.4962962865829468 0.5208333134651184 0.4962962865829468 0.5197916626930237 0.4981481432914734
1 0.4895833432674408 0.5037037134170532 0.484375 0.5018518567085266 0.48645833134651184 0.4981481432914734 0.4749999940395355 0.4981481432914734 0.4749999940395355 0.49444442987442017 0.4791666567325592 0.49444442987442017 0.45625001192092896 0.49444442987442017 0.4260416626930237 0.4888888895511627 0.39375001192092896 0.49074074625968933 0.3687500059604645 0.4962962865829468 0.2864583432674408 0.4962962865829468 0.26249998807907104 0.49259260296821594 0.23229166865348816 0.5 0.20520833134651184 0.520370364189148 0.20208333432674408 0.5277777910232544 0.20624999701976776 0.5333333611488342 0.20520833134651184 0.5351851582527161 0.22083333134651184 0.5370370149612427 0.22708334028720856 0.5444444417953491 0.2666666805744171 0.550000011920929 0.30520832538604736 0.550000011920929 0.3072916567325592 0.5537037253379822 0.3635416626930237 0.5518518686294556 0.3854166567325592 0.5407407283782959 0.390625 0.5425925850868225 0.40833333134651184 0.5314815044403076 0.42916667461395264 0.5277777910232544 0.44479167461395264 0.5148147940635681 0.4437499940395355 0.5092592835426331 0.4468750059604645 0.5055555701255798 0.4583333432674408 0.5018518567085266 0.4739583432674408 0.5018518567085266 0.4791666567325592 0.5055555701255798 0.4802083373069763 0.5018518567085266 0.4833333194255829 0.5018518567085266 0.4833333194255829 0.5074074268341064 0.48645833134651184 0.5074074268341064
1 0.04791666567325592 0.39814814925193787 0.04270833358168602 0.39814814925193787 0.0416666679084301 0.4000000059604645 0.02812499925494194 0.4000000059604645 0.02708333358168602 0.4018518626689911 0.010416666977107525 0.4018518626689911 0.00937500037252903 0.4037036895751953 0.0 0.4037036895751953 0.0 0.41111111640930176 0.0020833334419876337 0.41111111640930176 0.0031250000465661287 0.40925925970077515 0.008333333767950535 0.40925925970077515 0.00937500037252903 0.40740740299224854 0.014583333395421505 0.40740740299224854 0.015625 0.4055555462837219 0.02187499962747097 0.4055555462837219 0.02291666716337204 0.4037036895751953 0.02812499925494194 0.4037036895751953 0.02916666679084301 0.4018518626689911 0.03541666641831398 0.4018518626689911 0.0364583320915699 0.4000000059604645 0.0416666679084301 0.4000000059604645 0.04270833358168602 0.39814814925193787
1 0.4104166626930237 0.40925925970077515 0.37187498807907104 0.38148146867752075 0.28125 0.39259257912635803 0.2760416567325592 0.39814814925193787 0.2822916805744171 0.39814814925193787 0.2854166626930237 0.4037036895751953 0.28333333134651184 0.4055555462837219 0.28958332538604736 0.4037036895751953 0.28958332538604736 0.40925925970077515 0.28437501192092896 0.41111111640930176 0.28854167461395264 0.40925925970077515 0.2906250059604645 0.4148148000240326 0.2718749940395355 0.4277777671813965 0.25312501192092896 0.42407408356666565 0.2447916716337204 0.41111111640930176 0.22604165971279144 0.4055555462837219 0.22812500596046448 0.40740740299224854 0.21770833432674408 0.4148148000240326 0.22499999403953552 0.4185185134410858 0.21145834028720856 0.42592594027519226 0.15520833432674408 0.4296296238899231 0.04791666567325592 0.44999998807907104 0.03333333507180214 0.4462963044643402 0.05104166641831398 0.4277777671813965 0.0 0.4333333373069763 0.0 0.550000011920929 0.01354166679084301 0.5444444417953491 0.02291666716337204 0.5259259343147278 0.046875 0.520370364189148 0.07083333283662796 0.5055555701255798 0.10104166716337204 0.5055555701255798 0.19062499701976776 0.4888888895511627 0.19479165971279144 0.47592592239379883 0.22187499701976776 0.4740740656852722 0.2239583283662796 0.46666666865348816 0.21875 0.4574074149131775 0.33020833134651184 0.4277777671813965 0.40416666865348816 0.4166666567325592 0.39791667461395264 0.40925925970077515
1 0.3958333432674408 0.7462962865829468 0.39895832538604736 0.7666666507720947 0.44062501192092896 0.7888888716697693 0.4739583432674408 0.779629647731781 0.4124999940395355 0.8740741014480591 0.4229166805744171 0.9629629850387573 0.4375 0.9685184955596924 0.4333333373069763 0.9981481432914734 0.9989583492279053 0.9981481432914734 0.9979166388511658 0.9759259223937988 0.856249988079071 0.8222222328186035 0.7406250238418579 0.7888888716697693 0.6656249761581421 0.6314814686775208 0.628125011920929 0.614814817905426 0.6499999761581421 0.605555534362793 0.6614583134651184 0.6240741014480591 0.6333333253860474 0.5703703761100769 0.6781250238418579 0.5518518686294556 0.6541666388511658 0.5259259343147278 0.6927083134651184 0.5444444417953491 0.7729166746139526 0.5037037134170532 0.8500000238418579 0.5425925850868225 0.7447916865348816 0.550000011920929 0.7802083492279053 0.5888888835906982 0.9989583492279053 0.6074073910713196 0.9989583492279053 0.45185184478759766 0.8083333373069763 0.43703705072402954 0.8166666626930237 0.4203703701496124 0.6104166507720947 0.3759259283542633 0.5291666388511658 0.3907407522201538 0.640625 0.41296297311782837 0.6135416626930237 0.4481481611728668 0.7510416507720947 0.46296295523643494 0.7281249761581421 0.46851852536201477 0.7739583253860474 0.49444442987442017 0.7083333134651184 0.47962963581085205 0.6291666626930237 0.5074074268341064 0.6395833492279053 0.5185185074806213 0.4895833432674408 0.5537037253379822 0.5572916865348816 0.5462962985038757 0.5885416865348816 0.5888888835906982 0.5291666388511658 0.5759259462356567 0.546875 0.5925925970077515 0.518750011920929 0.6129629611968994 0.53125 0.6666666865348816 0.4958333373069763 0.6277777552604675 0.5135416388511658 0.6462963223457336 0.5114583373069763 0.6870370507240295
1 0.0 0.36666667461395264 0.0062500000931322575 0.36666667461395264 0.0072916666977107525 0.364814817905426 0.014583333395421505 0.364814817905426 0.015625 0.3629629611968994 0.02187499962747097 0.3629629611968994 0.0 0.3629629611968994
1 0.36770832538604736 0.3740740716457367 0.3645833432674408 0.37037035822868347 0.3479166626930237 0.37037035822868347 0.34062498807907104 0.364814817905426 0.3239583373069763 0.3611111044883728 0.2979166805744171 0.3611111044883728 0.2718749940395355 0.36851853132247925 0.24375000596046448 0.3722222149372101 0.22083333134651184 0.36851853132247925 0.12291666865348816 0.36666667461395264 0.1041666641831398 0.3722222149372101 0.13958333432674408 0.3777777850627899 0.17812499403953552 0.3777777850627899 0.18541666865348816 0.38148146867752075 0.2083333283662796 0.38333332538604736 0.3020833432674408 0.38333332538604736 0.3385416567325592 0.3759259283542633
1 0.9729166626930237 0.35740742087364197 0.9739583134651184 0.35740742087364197 0.9750000238418579 0.3592592477798462 0.9781249761581421 0.3592592477798462 0.9791666865348816 0.3611111044883728 0.981249988079071 0.3611111044883728 0.9822916388511658 0.3629629611968994 0.9864583611488342 0.3629629611968994 0.987500011920929 0.364814817905426 0.9916666746139526 0.364814817905426 0.9927083253860474 0.36666667461395264 0.996874988079071 0.36666667461395264 0.9979166388511658 0.36851853132247925 0.9989583492279053 0.36851853132247925 0.9989583492279053 0.3592592477798462 0.996874988079071 0.3592592477798462 0.9958333373069763 0.35740742087364197
1 0.2770833373069763 0.3351851999759674 0.2760416567325592 0.3351851999759674 0.2750000059604645 0.3333333432674408 0.27395832538604736 0.3333333432674408 0.27291667461395264 0.3314814865589142 0.2708333432674408 0.3314814865589142 0.2697916626930237 0.3296296298503876 0.25729167461395264 0.3296296298503876 0.2562499940395355 0.3314814865589142 0.24166665971279144 0.3314814865589142 0.24062499403953552 0.3333333432674408 0.22499999403953552 0.3333333432674408 0.2697916626930237 0.3333333432674408 0.2708333432674408 0.3351851999759674 0.2697916626930237 0.33703702688217163 0.26875001192092896 0.33703702688217163 0.27395832538604736 0.33703702688217163 0.2750000059604645 0.3351851999759674 0.2760416567325592 0.33703702688217163
1 0.5677083134651184 0.32777777314186096 0.5687500238418579 0.32777777314186096 0.5697916746139526 0.3296296298503876 0.5729166865348816 0.3296296298503876 0.5739583373069763 0.3314814865589142 0.5802083611488342 0.3314814865589142 0.581250011920929 0.3333333432674408 0.5822916626930237 0.3333333432674408 0.5833333134651184 0.3351851999759674 0.5843750238418579 0.3333333432674408 0.5854166746139526 0.3333333432674408 0.5864583253860474 0.3351851999759674 0.5979166626930237 0.3351851999759674 0.5958333611488342 0.3351851999759674 0.5947916507720947 0.3333333432674408 0.5916666388511658 0.3333333432674408 0.590624988079071 0.3314814865589142 0.5874999761581421 0.3314814865589142 0.5864583253860474 0.3296296298503876 0.5718749761581421 0.3296296298503876 0.5708333253860474 0.32777777314186096
1 0.38854166865348816 0.32407405972480774 0.3916666805744171 0.32407405972480774 0.39375001192092896 0.32777777314186096 0.40937501192092896 0.32777777314186096 0.4104166626930237 0.32592591643333435 0.4114583432674408 0.32592591643333435 0.4124999940395355 0.32407405972480774 0.41354167461395264 0.32407405972480774 0.41458332538604736 0.32592591643333435 0.41458332538604736 0.32777777314186096 0.41874998807907104 0.32777777314186096 0.41979166865348816 0.32592591643333435 0.4229166805744171 0.32592591643333435 0.41979166865348816 0.32592591643333435 0.41874998807907104 0.32407405972480774
1 0.37812501192092896 0.32407405972480774 0.3697916567325592 0.32407405972480774 0.3687500059604645 0.32592591643333435 0.35208332538604736 0.32592591643333435 0.35208332538604736 0.32777777314186096 0.35104167461395264 0.3296296298503876 0.3489583432674408 0.3296296298503876 0.3479166626930237 0.3314814865589142 0.3499999940395355 0.3314814865589142 0.35104167461395264 0.3333333432674408 0.35624998807907104 0.3333333432674408 0.35729166865348816 0.3351851999759674 0.36666667461395264 0.3351851999759674 0.36770832538604736 0.3333333432674408 0.37187498807907104 0.3333333432674408 0.3541666567325592 0.3333333432674408 0.3531250059604645 0.3314814865589142 0.3541666567325592 0.3296296298503876 0.3552083373069763 0.3296296298503876 0.35624998807907104 0.32777777314186096 0.3687500059604645 0.32777777314186096 0.3697916567325592 0.32592591643333435 0.3739583194255829 0.32592591643333435 0.375 0.32777777314186096 0.3760416805744171 0.32592591643333435 0.37708333134651184 0.32592591643333435
1 0.0 0.3592592477798462 0.30520832538604736 0.35370370745658875 0.3552083373069763 0.34074074029922485 0.36770832538604736 0.35740742087364197 0.43541666865348816 0.35185185074806213 0.40937501192092896 0.3592592477798462 0.44062501192092896 0.3629629611968994 0.3864583373069763 0.3740740716457367 0.4385416805744171 0.3740740716457367 0.45104166865348816 0.3611111044883728 0.47604167461395264 0.3777777850627899 0.543749988079071 0.38333332538604736 0.5729166865348816 0.3740740716457367 0.5687500238418579 0.364814817905426 0.6364583373069763 0.35370370745658875 0.5729166865348816 0.3444444537162781 0.6270833611488342 0.35185185074806213 0.574999988079071 0.35740742087364197 0.49687498807907104 0.3314814865589142 0.503125011920929 0.37037035822868347 0.4520833194255829 0.3499999940395355 0.4020833373069763 0.3499999940395355 0.453125 0.3462963104248047 0.4520833194255829 0.3351851999759674 0.3802083432674408 0.3314814865589142 0.39270833134651184 0.3333333432674408 0.37812501192092896 0.33888888359069824 0.3916666805744171 0.3444444537162781 0.3239583373069763 0.33703702688217163 0.125 0.3462963104248047 0.15312500298023224 0.3351851999759674 0.10000000149011612 0.33703702688217163 0.1822916716337204 0.32777777314186096 0.07916666567325592 0.32592591643333435 0.10833333432674408 0.3314814865589142 0.078125 0.33888888359069824 0.09479166567325592 0.34259259700775146
1 0.6416666507720947 0.32407405972480774 0.6447916626930237 0.32407405972480774 0.6458333134651184 0.32592591643333435 0.6479166746139526 0.32592591643333435 0.6489583253860474 0.32777777314186096 0.6520833373069763 0.32777777314186096 0.65625 0.3314814865589142 0.6604166626930237 0.3314814865589142 0.6645833253860474 0.3351851999759674 0.6656249761581421 0.3333333432674408 0.6677083373069763 0.3333333432674408 0.6697916388511658 0.33703702688217163 0.671875 0.33703702688217163 0.6729166507720947 0.33888888359069824 0.6760416626930237 0.33888888359069824 0.6770833134651184 0.34074074029922485 0.6833333373069763 0.34074074029922485 0.6854166388511658 0.33888888359069824 0.6864583492279053 0.34074074029922485 0.699999988079071 0.34074074029922485 0.7010416388511658 0.34259259700775146 0.7104166746139526 0.34259259700775146 0.7114583253860474 0.3444444537162781 0.7208333611488342 0.3444444537162781 0.721875011920929 0.34259259700775146 0.7270833253860474 0.34259259700775146 0.7281249761581421 0.34074074029922485 0.7385416626930237 0.34074074029922485 0.7322916388511658 0.34074074029922485 0.731249988079071 0.33888888359069824 0.7260416746139526 0.33888888359069824 0.7250000238418579 0.33703702688217163 0.7010416388511658 0.33703702688217163 0.699999988079071 0.3351851999759674 0.7010416388511658 0.3333333432674408 0.706250011920929 0.3333333432674408 0.7083333134651184 0.3296296298503876 0.7104166746139526 0.3296296298503876 0.7114583253860474 0.32777777314186096 0.7177083492279053 0.32777777314186096 0.7135416865348816 0.32777777314186096 0.7124999761581421 0.32592591643333435 0.7052083611488342 0.32592591643333435 0.7041666507720947 0.32407405972480774 0.6989583373069763 0.32407405972480774 0.6979166865348816 0.3222222328186035 0.6927083134651184 0.3222222328186035 0.6916666626930237 0.3203703761100769 0.6895833611488342 0.3203703761100769 0.6885416507720947 0.3222222328186035 0.6875 0.3203703761100769 0.6781250238418579 0.3203703761100769 0.6770833134651184 0.3222222328186035 0.6447916626930237 0.3222222328186035 0.643750011920929 0.32407405972480774
2 0.5239583253860474 0.6018518805503845 0.5145833492279053 0.6018518805503845 0.5093749761581421 0.6185185313224792 0.4791666567325592 0.6240741014480591 0.4593749940395355 0.6166666746139526 0.3895833194255829 0.635185182094574 0.37187498807907104 0.6759259104728699 0.35729166865348816 0.6685185432434082 0.36250001192092896 0.644444465637207 0.26249998807907104 0.6925926208496094 0.1510416716337204 0.7055555582046509 0.0 0.7888888716697693 0.0 0.9981481432914734 0.4322916567325592 0.9981481432914734 0.4364583194255829 0.9685184955596924 0.421875 0.9629629850387573 0.4177083373069763 0.9314814805984497 0.421875 0.9092592597007751 0.41458332538604736 0.9092592597007751 0.4166666567325592 0.8722222447395325 0.4124999940395355 0.8703703880310059 0.4468750059604645 0.8296296000480652 0.4729166626930237 0.779629647731781 0.44062501192092896 0.7907407283782959 0.41874998807907104 0.7722222208976746 0.39895832538604736 0.7685185074806213 0.3947916626930237 0.7462962865829468 0.4208333194255829 0.720370352268219 0.5114583373069763 0.6851851940155029 0.5062500238418579 0.6666666865348816 0.512499988079071 0.6462963223457336 0.49166667461395264 0.6333333253860474 0.4958333373069763 0.6259258985519409 0.5104166865348816 0.6314814686775208 0.53125 0.664814829826355 0.5270833373069763 0.6259258985519409 0.5177083611488342 0.6129629611968994
2 0.17812499403953552 0.6018518805503845 0.1770833283662796 0.6018518805503845 0.17604166269302368 0.6000000238418579 0.17291666567325592 0.6000000238418579 0.171875 0.6018518805503845 0.1666666716337204 0.6018518805503845 0.16562500596046448 0.6037036776542664 0.16249999403953552 0.6037036776542664 0.1614583283662796 0.605555534362793 0.15937499701976776 0.605555534362793 0.15833333134651184 0.6074073910713196 0.15729166567325592 0.6074073910713196 0.15625 0.6092592477798462 0.15416666865348816 0.6092592477798462 0.15312500298023224 0.6111111044883728 0.1510416716337204 0.6111111044883728 0.15000000596046448 0.6129629611968994 0.14895834028720856 0.6129629611968994 0.14791665971279144 0.614814817905426 0.14687499403953552 0.614814817905426 0.1458333283662796 0.6166666746139526 0.14479166269302368 0.6166666746139526 0.14374999701976776 0.6185185313224792 0.14270833134651184 0.6185185313224792 0.14166666567325592 0.6203703880310059 0.15312500298023224 0.6203703880310059 0.15416666865348816 0.6185185313224792 0.15937499701976776 0.6185185313224792 0.16041666269302368 0.6166666746139526 0.16354165971279144 0.6166666746139526 0.16458334028720856 0.614814817905426 0.1666666716337204 0.614814817905426 0.16770833730697632 0.6129629611968994 0.16979166865348816 0.6129629611968994 0.17083333432674408 0.6111111044883728 0.17291666567325592 0.6111111044883728 0.17395833134651184 0.6092592477798462 0.17499999701976776 0.6092592477798462 0.17604166269302368 0.6074073910713196 0.1770833283662796 0.6074073910713196 0.17812499403953552 0.605555534362793
2 0.04374999925494194 0.5222222208976746 0.03854166716337204 0.5222222208976746 0.03750000149011612 0.5240740776062012 0.03125 0.5240740776062012 0.03020833246409893 0.5259259343147278 0.02604166604578495 0.5259259343147278 0.02500000037252903 0.5277777910232544 0.02291666716337204 0.5277777910232544 0.02187499962747097 0.529629647731781 0.02083333395421505 0.529629647731781 0.01979166641831398 0.5314815044403076 0.01875000074505806 0.5314815044403076 0.01875000074505806 0.5333333611488342 0.01666666753590107 0.5370370149612427 0.01770833320915699 0.5370370149612427 0.01875000074505806 0.5351851582527161 0.02604166604578495 0.5351851582527161 0.02708333358168602 0.5333333611488342 0.02812499925494194 0.5333333611488342 0.02916666679084301 0.5314815044403076 0.03020833246409893 0.5314815044403076 0.03125 0.529629647731781 0.03229166567325592 0.529629647731781 0.03333333507180214 0.5277777910232544 0.03437500074505806 0.5277777910232544 0.03541666641831398 0.5259259343147278 0.03750000149011612 0.5259259343147278 0.03854166716337204 0.5240740776062012 0.04062499850988388 0.5240740776062012 0.0416666679084301 0.5222222208976746
2 0.1302083283662796 0.46851852536201477 0.12812499701976776 0.46481481194496155 0.12708333134651184 0.46481481194496155 0.12604166567325592 0.46296295523643494 0.12083332985639572 0.4722222089767456 0.1197916641831398 0.4722222089767456 0.11770833283662796 0.47592592239379883 0.11666666716337204 0.47592592239379883 0.11562500149011612 0.47777777910232544 0.11354167014360428 0.47777777910232544 0.11249999701976776 0.47962963581085205 0.11145833134651184 0.47962963581085205 0.109375 0.4833333194255829 0.10833333432674408 0.4833333194255829 0.10729166865348816 0.4851851761341095 0.10833333432674408 0.4833333194255829 0.1197916641831398 0.4833333194255829 0.12083332985639572 0.48148149251937866 0.125 0.48148149251937866 0.12604166567325592 0.47962963581085205 0.12812499701976776 0.47962963581085205 0.12812499701976776 0.47777777910232544 0.125 0.47777777910232544 0.12395833432674408 0.47592592239379883 0.125 0.4740740656852722 0.12604166567325592 0.4740740656852722 0.12708333134651184 0.4722222089767456 0.12916666269302368 0.4722222089767456 0.1302083283662796 0.4703703820705414
2 0.8135416507720947 0.44999998807907104 0.8197916746139526 0.44999998807907104 0.8208333253860474 0.45185184478759766 0.824999988079071 0.45185184478759766 0.8260416388511658 0.45370370149612427 0.831250011920929 0.45370370149612427 0.8322916626930237 0.4555555582046509 0.840624988079071 0.4555555582046509 0.8416666388511658 0.4574074149131775 0.8447916507720947 0.4574074149131775 0.8458333611488342 0.4592592716217041 0.8479166626930237 0.4592592716217041 0.8458333611488342 0.4592592716217041 0.8447916507720947 0.4574074149131775 0.8416666388511658 0.4574074149131775 0.840624988079071 0.4555555582046509 0.8385416865348816 0.4555555582046509 0.8374999761581421 0.45370370149612427 0.8354166746139526 0.45370370149612427 0.8343750238418579 0.45185184478759766 0.831250011920929 0.45185184478759766 0.8302083611488342 0.44999998807907104
2 0.7729166746139526 0.49444442987442017 0.7614583373069763 0.47777777910232544 0.7281249761581421 0.4703703820705414 0.7510416507720947 0.46481481194496155 0.7020833492279053 0.46296295523643494 0.6635416746139526 0.4444444477558136 0.6177083253860474 0.4574074149131775 0.612500011920929 0.45185184478759766 0.6197916865348816 0.44999998807907104 0.6104166507720947 0.4462963044643402 0.6239583492279053 0.442592591047287 0.6229166388511658 0.43703705072402954 0.6031249761581421 0.43888887763023376 0.596875011920929 0.44999998807907104 0.5895833373069763 0.44999998807907104 0.5760416388511658 0.4277777671813965 0.5072916746139526 0.4481481611728668 0.49166667461395264 0.47962963581085205 0.46666666865348816 0.4888888895511627 0.48645833134651184 0.4962962865829468 0.4906249940395355 0.5037037134170532 0.48645833134651184 0.5092592835426331 0.4468750059604645 0.5074074268341064 0.42916667461395264 0.529629647731781 0.3447916805744171 0.5555555820465088 0.29479166865348816 0.5907407402992249 0.2916666567325592 0.6074073910713196 0.20416666567325592 0.635185182094574 0.1510416716337204 0.6611111164093018 0.15520833432674408 0.664814829826355 0.140625 0.6759259104728699 0.19374999403953552 0.6499999761581421 0.2552083432674408 0.6370370388031006 0.6239583492279053 0.5092592835426331 0.6677083373069763 0.4870370328426361 0.7197916507720947 0.47777777910232544
2 0.24687500298023224 0.3888888955116272 0.05624999850988388 0.39629629254341125 0.0 0.41296297311782837 0.0 0.42592594027519226 0.05104166641831398 0.42592594027519226 0.0520833320915699 0.4296296238899231 0.0989583358168602 0.4314814805984497 0.0989583358168602 0.43518519401550293 0.03958333283662796 0.4444444477558136 0.03437500074505806 0.4462963044643402 0.04791666567325592 0.4481481611728668 0.15520833432674408 0.4277777671813965 0.18020834028720856 0.4277777671813965 0.19687500596046448 0.42222222685813904 0.21145834028720856 0.42407408356666565 0.22499999403953552 0.4166666567325592 0.21666666865348816 0.4148148000240326 0.22708334028720856 0.40740740299224854 0.22499999403953552 0.4055555462837219 0.22708334028720856 0.4037036895751953 0.22083333134651184 0.4000000059604645 0.21979166567325592 0.39444443583488464
2 0.6197916865348816 0.40925925970077515 0.574999988079071 0.4018518626689911 0.5635416507720947 0.40925925970077515 0.5208333134651184 0.41111111640930176 0.515625 0.4055555462837219 0.5249999761581421 0.4000000059604645 0.5249999761581421 0.39444443583488464 0.5385416746139526 0.39444443583488464 0.5291666388511658 0.39444443583488464 0.5291666388511658 0.3888888955116272 0.5541666746139526 0.39259257912635803 0.5822916626930237 0.385185182094574 0.574999988079071 0.38148146867752075 0.5520833134651184 0.3888888955116272 0.5218750238418579 0.38333332538604736 0.4895833432674408 0.3888888955116272 0.5041666626930237 0.4018518626689911 0.5041666626930237 0.40740740299224854 0.4572916626930237 0.41296297311782837 0.4593749940395355 0.4166666567325592 0.4520833194255829 0.42407408356666565 0.4593749940395355 0.42592594027519226 0.46041667461395264 0.4333333373069763 0.4322916567325592 0.42222222685813904 0.4322916567325592 0.4277777671813965 0.4072916805744171 0.4277777671813965 0.4104166626930237 0.4333333373069763 0.4052083194255829 0.43703705072402954 0.38749998807907104 0.43518519401550293 0.38749998807907104 0.4296296238899231 0.39895832538604736 0.42407408356666565 0.38749998807907104 0.42222222685813904 0.36145833134651184 0.42407408356666565 0.35729166865348816 0.43703705072402954 0.32083332538604736 0.4314814805984497 0.21979166567325592 0.4574074149131775 0.22499999403953552 0.46666666865348816 0.22187499701976776 0.47592592239379883 0.19895833730697632 0.47592592239379883 0.19166666269302368 0.4888888895511627
2 0.7666666507720947 0.3759259283542633 0.7708333134651184 0.385185182094574 0.7833333611488342 0.3870370388031006 0.7760416865348816 0.39444443583488464 0.8020833134651184 0.3888888955116272 0.8135416507720947 0.39814814925193787 0.824999988079071 0.4000000059604645 0.824999988079071 0.4037036895751953 0.8187500238418579 0.4037036895751953 0.8260416388511658 0.4055555462837219 0.828125 0.41111111640930176 0.8166666626930237 0.40925925970077515 0.84375 0.42222222685813904 0.8177083134651184 0.4203703701496124 0.8197916746139526 0.42407408356666565 0.8500000238418579 0.4277777671813965 0.84375 0.42407408356666565 0.8489583134651184 0.4203703701496124 0.862500011920929 0.42592594027519226 0.8645833134651184 0.4333333373069763 0.8614583611488342 0.43518519401550293 0.8656250238418579 0.43888887763023376 0.8604166507720947 0.4444444477558136 0.871874988079071 0.44999998807907104 0.8895833492279053 0.4462963044643402 0.9072916507720947 0.45185184478759766 0.9135416746139526 0.44999998807907104 0.9156249761581421 0.442592591047287 0.9260416626930237 0.4407407343387604 0.890625 0.4296296238899231 0.890625 0.42592594027519226 0.8979166746139526 0.42407408356666565 0.9468749761581421 0.4314814805984497 0.9885416626930237 0.42592594027519226 0.96875 0.42592594027519226 0.9697916507720947 0.42222222685813904 0.9552083611488342 0.4203703701496124 0.9572916626930237 0.42407408356666565 0.9447916746139526 0.4203703701496124 0.9270833134651184 0.42407408356666565 0.875 0.4203703701496124 0.8739583492279053 0.4166666567325592 0.8604166507720947 0.4148148000240326 0.859375 0.40740740299224854 0.8968750238418579 0.4055555462837219 0.8489583134651184 0.39629629254341125 0.8770833611488342 0.3907407522201538 0.7947916388511658 0.37962964177131653 0.78125 0.38148146867752075
2 0.6614583134651184 0.3592592477798462 0.6656249761581421 0.3592592477798462 0.6666666865348816 0.3611111044883728 0.6802083253860474 0.3611111044883728 0.6812499761581421 0.3629629611968994 0.6958333253860474 0.3629629611968994 0.6968749761581421 0.364814817905426 0.7135416865348816 0.364814817905426 0.7145833373069763 0.36666667461395264 0.7322916388511658 0.36666667461395264 0.7333333492279053 0.36851853132247925 0.7447916865348816 0.36851853132247925 0.7416666746139526 0.36851853132247925 0.7406250238418579 0.36666667461395264 0.7197916507720947 0.36666667461395264 0.71875 0.364814817905426 0.7104166746139526 0.364814817905426 0.7093750238418579 0.3629629611968994 0.6885416507720947 0.3629629611968994 0.6875 0.3611111044883728 0.684374988079071 0.3611111044883728 0.6833333373069763 0.3592592477798462
2 0.2239583283662796 0.3333333432674408 0.19374999403953552 0.3333333432674408 0.1927083283662796 0.3314814865589142 0.18958333134651184 0.3314814865589142 0.18854166567325592 0.3296296298503876 0.18333333730697632 0.32777777314186096 0.1822916716337204 0.3296296298503876 0.171875 0.3296296298503876 0.17083333432674408 0.3314814865589142 0.16979166865348816 0.3296296298503876 0.16875000298023224 0.3314814865589142 0.15416666865348816 0.3314814865589142 0.15312500298023224 0.3333333432674408 0.13958333432674408 0.3333333432674408 0.13854166865348816 0.3351851999759674 0.12708333134651184 0.3351851999759674 0.12604166567325592 0.33703702688217163 0.11666666716337204 0.33703702688217163 0.11562500149011612 0.3351851999759674 0.1145833358168602 0.33703702688217163 0.10833333432674408 0.33703702688217163 0.10729166865348816 0.33888888359069824 0.10000000149011612 0.33888888359069824 0.11770833283662796 0.33888888359069824 0.11874999850988388 0.33703702688217163 0.13437500596046448 0.33703702688217163 0.1354166716337204 0.3351851999759674 0.14479166269302368 0.3351851999759674 0.1458333283662796 0.3333333432674408 0.15520833432674408 0.3333333432674408 0.15625 0.3351851999759674 0.20729166269302368 0.3351851999759674 0.2083333283662796 0.3333333432674408
2 0.3114583194255829 0.3296296298503876 0.3135416805744171 0.3296296298503876 0.31458333134651184 0.3314814865589142 0.328125 0.3314814865589142 0.3291666805744171 0.3296296298503876 0.3322916626930237 0.3296296298503876 0.3333333432674408 0.32777777314186096 0.33541667461395264 0.32777777314186096 0.3333333432674408 0.32777777314186096 0.3322916626930237 0.32592591643333435 0.3291666805744171 0.32592591643333435 0.328125 0.32407405972480774 0.3291666805744171 0.3222222328186035 0.3343749940395355 0.3222222328186035 0.33541667461395264 0.32407405972480774 0.34062498807907104 0.32407405972480774 0.34166666865348816 0.32592591643333435 0.3427083194255829 0.32407405972480774 0.3499999940395355 0.32407405972480774 0.35104167461395264 0.3222222328186035 0.3645833432674408 0.3222222328186035 0.34166666865348816 0.3222222328186035 0.34062498807907104 0.3203703761100769 0.3395833373069763 0.3222222328186035 0.3333333432674408 0.3222222328186035 0.3322916626930237 0.3203703761100769 0.33125001192092896 0.3222222328186035 0.3270833194255829 0.3222222328186035 0.3270833194255829 0.32407405972480774 0.328125 0.32592591643333435 0.32604166865348816 0.3296296298503876
2 0.2510416805744171 0.3203703761100769 0.25208333134651184 0.3203703761100769 0.25312501192092896 0.3222222328186035 0.2541666626930237 0.3203703761100769 0.2552083432674408 0.3222222328186035 0.26770833134651184 0.3222222328186035 0.26875001192092896 0.3203703761100769 0.2697916626930237 0.3222222328186035 0.27395832538604736 0.3222222328186035 0.2750000059604645 0.32407405972480774 0.2760416567325592 0.32407405972480774 0.2770833373069763 0.3222222328186035 0.28125 0.3222222328186035 0.2822916805744171 0.3203703761100769 0.2916666567325592 0.3203703761100769
2 0.0 0.3296296298503876 0.0 0.34074074029922485 0.02291666716337204 0.34074074029922485 0.02395833283662796 0.33888888359069824 0.07708333432674408 0.33888888359069824 0.078125 0.33703702688217163 0.09270833432674408 0.33703702688217163 0.09375 0.3351851999759674 0.07395832985639572 0.3351851999759674 0.0729166641831398 0.3333333432674408 0.07395832985639572 0.3314814865589142 0.08124999701976776 0.3314814865589142 0.078125 0.3314814865589142 0.07708333432674408 0.3296296298503876 0.06666667014360428 0.3296296298503876 0.06562499701976776 0.3314814865589142 0.05937499925494194 0.3314814865589142 0.05833333358168602 0.3333333432674408 0.0072916666977107525 0.3351851999759674 0.0062500000931322575 0.3333333432674408 0.0072916666977107525 0.3314814865589142 0.02083333395421505 0.3314814865589142 0.02187499962747097 0.3296296298503876 0.02604166604578495 0.3296296298503876 0.03229166567325592 0.32592591643333435 0.06562499701976776 0.32592591643333435 0.06666667014360428 0.32407405972480774 0.07187499850988388 0.32407405972480774 0.05416666716337204 0.32407405972480774 0.05312500149011612 0.3222222328186035 0.03541666641831398 0.3222222328186035 0.03437500074505806 0.3203703761100769 0.0062500000931322575 0.3203703761100769 0.0052083334885537624 0.32407405972480774
2 0.7802083492279053 0.3333333432674408 0.8083333373069763 0.33703702688217163 0.8385416865348816 0.35370370745658875 0.8416666388511658 0.35370370745658875 0.84375 0.35740742087364197 0.8583333492279053 0.35555556416511536 0.8614583611488342 0.35185185074806213 0.8645833134651184 0.35370370745658875 0.8656250238418579 0.3499999940395355 0.878125011920929 0.35185185074806213 0.871874988079071 0.3499999940395355 0.8708333373069763 0.3481481373310089 0.871874988079071 0.3462963104248047 0.8843749761581421 0.3462963104248047 0.8854166865348816 0.34259259700775146 0.8895833492279053 0.34259259700775146 0.8958333134651184 0.33888888359069824 0.9114583134651184 0.34074074029922485 0.9125000238418579 0.34259259700775146 0.9177083373069763 0.34259259700775146 0.918749988079071 0.34074074029922485 0.9229166507720947 0.34259259700775146 0.9375 0.34259259700775146 0.9375 0.34074074029922485 0.9197916388511658 0.33888888359069824 0.918749988079071 0.33703702688217163 0.9166666865348816 0.33888888359069824 0.9156249761581421 0.33703702688217163 0.8864583373069763 0.3351851999759674 0.8854166865348816 0.3333333432674408 0.8729166388511658 0.3314814865589142 0.871874988079071 0.3296296298503876 0.8614583611488342 0.3296296298503876 0.8604166507720947 0.32777777314186096 0.84375 0.32592591643333435 0.8427083492279053 0.32407405972480774 0.8374999761581421 0.32407405972480774 0.8333333134651184 0.3203703761100769 0.815625011920929 0.3185185194015503 0.8145833611488342 0.3166666626930237 0.8020833134651184 0.3166666626930237 0.8010416626930237 0.31481480598449707 0.7989583611488342 0.3185185194015503 0.8062499761581421 0.3166666626930237 0.8104166388511658 0.32407405972480774 0.809374988079071 0.32777777314186096 0.7979166507720947 0.32777777314186096 0.7885416746139526 0.3333333432674408
2 0.778124988079071 0.3333333432674408 0.7677083611488342 0.3296296298503876 0.7697916626930237 0.32592591643333435 0.7635416388511658 0.3333333432674408 0.7385416626930237 0.3351851999759674 0.734375 0.3314814865589142 0.7208333611488342 0.3296296298503876 0.7197916507720947 0.3222222328186035 0.7229166626930237 0.3166666626930237 0.737500011920929 0.31481480598449707 0.7447916865348816 0.3222222328186035 0.7593749761581421 0.31296294927597046 0.7760416865348816 0.3222222328186035 0.7749999761581421 0.3185185194015503 0.7770833373069763 0.31296294927597046 0.7593749761581421 0.3092592656612396 0.6385416388511658 0.3222222328186035 0.6916666626930237 0.3185185194015503 0.7177083492279053 0.32592591643333435 0.7177083492279053 0.3296296298503876 0.7010416388511658 0.3351851999759674 0.7250000238418579 0.3351851999759674 0.7385416626930237 0.33888888359069824 0.7385416626930237 0.34259259700775146 0.7135416865348816 0.3462963104248047 0.7260416746139526 0.3462963104248047 0.7291666865348816 0.3499999940395355 0.7322916388511658 0.3481481373310089 0.7416666746139526 0.35185185074806213 0.7614583373069763 0.35185185074806213 0.734375 0.3499999940395355 0.734375 0.3462963104248047 0.7677083611488342 0.34259259700775146 0.7729166746139526 0.3351851999759674
3 0.453125 0.3481481373310089 0.453125 0.3499999940395355 0.4541666805744171 0.35185185074806213 0.4541666805744171 0.35370370745658875 0.4593749940395355 0.35370370745658875 0.46041667461395264 0.35185185074806213 0.46875 0.35185185074806213 0.47083333134651184 0.35555556416511536 0.4739583432674408 0.35555556416511536 0.4749999940395355 0.35740742087364197 0.47604167461395264 0.35740742087364197 0.47708332538604736 0.3592592477798462 0.4833333194255829 0.3592592477798462 0.484375 0.35740742087364197 0.4885416626930237 0.35740742087364197 0.4895833432674408 0.3592592477798462 0.4906249940395355 0.3592592477798462 0.49166667461395264 0.3611111044883728 0.49270832538604736 0.3611111044883728 0.4937500059604645 0.3629629611968994 0.5 0.3629629611968994 0.5010416507720947 0.364814817905426 0.5 0.36666667461395264 0.5020833611488342 0.36666667461395264 0.503125011920929 0.36851853132247925 0.5052083134651184 0.36851853132247925 0.5052083134651184 0.3629629611968994 0.5041666626930237 0.3611111044883728 0.5041666626930237 0.35740742087364197 0.503125011920929 0.35555556416511536 0.503125011920929 0.35370370745658875 0.5020833611488342 0.35185185074806213 0.5020833611488342 0.3499999940395355 0.5010416507720947 0.3481481373310089 0.5010416507720947 0.3462963104248047 0.5 0.3444444537162781 0.5 0.34259259700775146 0.49791666865348816 0.33888888359069824 0.49791666865348816 0.33703702688217163 0.49687498807907104 0.3351851999759674 0.49687498807907104 0.3333333432674408 0.4958333373069763 0.3314814865589142 0.4958333373069763 0.3296296298503876 0.4947916567325592 0.32777777314186096 0.4947916567325592 0.32592591643333435 0.49270832538604736 0.3222222328186035 0.4781250059604645 0.3222222328186035 0.47708332538604736 0.32407405972480774 0.4749999940395355 0.32407405972480774 0.4739583432674408 0.32592591643333435 0.4729166626930237 0.32592591643333435 0.47083333134651184 0.3296296298503876 0.4697916805744171 0.3296296298503876 0.46875 0.3314814865589142 0.4677083194255829 0.3314814865589142 0.46666666865348816 0.3333333432674408 0.46562498807907104 0.3333333432674408 0.4645833373069763 0.3351851999759674 0.46145832538604736 0.3351851999759674 0.46041667461395264 0.33703702688217163 0.4583333432674408 0.33703702688217163 0.45625001192092896 0.34074074029922485 0.45520833134651184 0.34074074029922485 0.4541666805744171 0.34259259700775146 0.4541666805744171 0.3462963104248047
3 0.809374988079071 0.32407405972480774 0.8062499761581421 0.3185185194015503 0.8052083253860474 0.3185185194015503 0.8041666746139526 0.3203703761100769 0.7989583611488342 0.3203703761100769 0.7979166507720947 0.3185185194015503 0.7979166507720947 0.3166666626930237 0.7989583611488342 0.31481480598449707 0.796875 0.31481480598449707 0.7958333492279053 0.31296294927597046 0.7875000238418579 0.31296294927597046 0.7864583134651184 0.31111112236976624 0.7854166626930237 0.31111112236976624 0.784375011920929 0.31296294927597046 0.778124988079071 0.31296294927597046 0.7760416865348816 0.3185185194015503 0.7760416865348816 0.3203703761100769 0.7770833373069763 0.3222222328186035 0.7760416865348816 0.32407405972480774 0.7708333134651184 0.3222222328186035 0.768750011920929 0.3185185194015503 0.7666666507720947 0.3185185194015503 0.765625 0.3166666626930237 0.7604166865348816 0.3166666626930237 0.7593749761581421 0.31481480598449707 0.7583333253860474 0.31481480598449707 0.7572916746139526 0.3166666626930237 0.7541666626930237 0.3166666626930237 0.7520833611488342 0.3203703761100769 0.7479166388511658 0.3203703761100769 0.7447916865348816 0.32407405972480774 0.7427083253860474 0.3203703761100769 0.7416666746139526 0.3203703761100769 0.7406250238418579 0.3185185194015503 0.7385416626930237 0.3185185194015503 0.737500011920929 0.3166666626930237 0.731249988079071 0.3166666626930237 0.7302083373069763 0.3185185194015503 0.7229166626930237 0.3185185194015503 0.7208333611488342 0.3222222328186035 0.7208333611488342 0.32777777314186096 0.7260416746139526 0.32777777314186096 0.7270833253860474 0.3296296298503876 0.734375 0.3296296298503876 0.7354166507720947 0.3314814865589142 0.737500011920929 0.3314814865589142 0.7385416626930237 0.3333333432674408 0.7510416507720947 0.3333333432674408 0.7520833611488342 0.3314814865589142 0.7635416388511658 0.3314814865589142 0.7677083611488342 0.32592591643333435 0.768750011920929 0.32592591643333435 0.7697916626930237 0.32777777314186096 0.768750011920929 0.3296296298503876 0.7708333134651184 0.3296296298503876 0.7718750238418579 0.3314814865589142 0.7885416746139526 0.3314814865589142 0.7895833253860474 0.3296296298503876 0.7916666865348816 0.3296296298503876 0.7927083373069763 0.32777777314186096 0.796875 0.32777777314186096 0.7979166507720947 0.32592591643333435 0.809374988079071 0.32592591643333435
4 0.6229166388511658 0.37037035822868347 0.6270833611488342 0.37037035822868347 0.628125011920929 0.3722222149372101 0.6354166865348816 0.3722222149372101 0.6364583373069763 0.3740740716457367 0.6385416388511658 0.3740740716457367 0.6395833492279053 0.3722222149372101 0.6416666507720947 0.3722222149372101 0.6427083611488342 0.3740740716457367 0.6447916626930237 0.3740740716457367 0.6458333134651184 0.3759259283542633 0.6479166746139526 0.3759259283542633 0.6489583253860474 0.3777777850627899 0.65625 0.3777777850627899 0.6572916507720947 0.37962964177131653 0.659375011920929 0.37962964177131653 0.6604166626930237 0.38148146867752075 0.6666666865348816 0.38148146867752075 0.6677083373069763 0.38333332538604736 0.6739583611488342 0.38333332538604736 0.675000011920929 0.38148146867752075 0.6822916865348816 0.38148146867752075 0.6833333373069763 0.37962964177131653 0.684374988079071 0.37962964177131653 0.6833333373069763 0.37962964177131653 0.6822916865348816 0.3777777850627899 0.6812499761581421 0.3777777850627899 0.6802083253860474 0.3759259283542633 0.6729166507720947 0.3759259283542633 0.671875 0.3740740716457367 0.6656249761581421 0.3740740716457367 0.6645833253860474 0.3722222149372101 0.6479166746139526 0.3722222149372101 0.6468750238418579 0.37037035822868347
4 0.5791666507720947 0.3740740716457367 0.5802083611488342 0.3759259283542633 0.5843750238418579 0.3759259283542633 0.5854166746139526 0.3777777850627899 0.5916666388511658 0.3777777850627899 0.5927083492279053 0.3759259283542633 0.59375 0.3759259283542633 0.5947916507720947 0.3777777850627899 0.596875011920929 0.3777777850627899 0.5979166626930237 0.37962964177131653 0.6072916388511658 0.37962964177131653 0.6072916388511658 0.3777777850627899 0.609375 0.3740740716457367 0.6104166507720947 0.3740740716457367 0.6114583611488342 0.3759259283542633 0.6145833134651184 0.37037035822868347 0.6177083253860474 0.37037035822868347 0.6177083253860474 0.36851853132247925 0.6031249761581421 0.36851853132247925 0.6020833253860474 0.37037035822868347 0.6010416746139526 0.37037035822868347 0.6000000238418579 0.36851853132247925 0.5979166626930237 0.36851853132247925 0.596875011920929 0.37037035822868347 0.5874999761581421 0.37037035822868347 0.5864583253860474 0.3722222149372101 0.5854166746139526 0.3722222149372101 0.5843750238418579 0.37037035822868347 0.5833333134651184 0.37037035822868347 0.5822916626930237 0.3722222149372101 0.5791666507720947 0.3722222149372101
