0 0.6354166865348816 0.8574073910713196 0.6354166865348816 0.8592592477798462 0.6364583373069763 0.8611111044883728 0.6364583373069763 0.8629629611968994 0.6385416388511658 0.8666666746139526 0.6385416388511658 0.864814817905426 0.637499988079071 0.8629629611968994 0.6395833492279053 0.8592592477798462 0.640625 0.8611111044883728 0.6416666507720947 0.8611111044883728 0.6427083611488342 0.8629629611968994 0.6416666507720947 0.864814817905426 0.6416666507720947 0.8666666746139526 0.643750011920929 0.8703703880310059 0.6416666507720947 0.8740741014480591 0.640625 0.8722222447395325 0.6395833492279053 0.8740741014480591 0.6395833492279053 0.8777777552604675 0.640625 0.8796296119689941 0.640625 0.8814814686775208 0.6416666507720947 0.8814814686775208 0.6427083611488342 0.8833333253860474 0.6427083611488342 0.885185182094574 0.643750011920929 0.8870370388031006 0.6427083611488342 0.8888888955116272 0.6427083611488342 0.8925926089286804 0.6416666507720947 0.894444465637207 0.6416666507720947 0.8981481194496155 0.643750011920929 0.9018518328666687 0.643750011920929 0.9074074029922485 0.6479166746139526 0.9074074029922485 0.6489583253860474 0.9092592597007751 0.6489583253860474 0.9111111164093018 0.6510416865348816 0.9111111164093018 0.6520833373069763 0.9092592597007751 0.653124988079071 0.9111111164093018 0.6541666388511658 0.9092592597007751 0.6552083492279053 0.9092592597007751 0.6541666388511658 0.9074074029922485 0.6541666388511658 0.9018518328666687 0.6520833373069763 0.8981481194496155 0.6520833373069763 0.8962963223457336 0.6510416865348816 0.894444465637207 0.6510416865348816 0.8907407522201538 0.6499999761581421 0.8888888955116272 0.6499999761581421 0.8870370388031006 0.6489583253860474 0.885185182094574 0.6479166746139526 0.885185182094574 0.6468750238418579 0.8833333253860474 0.6468750238418579 0.8759258985519409 0.6458333134651184 0.8740741014480591 0.6458333134651184 0.8685185313224792 0.6447916626930237 0.8666666746139526 0.6447916626930237 0.864814817905426 0.6489583253860474 0.8574073910713196 0.6458333134651184 0.8574073910713196 0.6447916626930237 0.8592592477798462 0.643750011920929 0.8592592477798462 0.6427083611488342 0.8574073910713196
0 0.24166665971279144 0.8259259462356567 0.23749999701976776 0.8166666626930237 0.22604165971279144 0.8111110925674438 0.2239583283662796 0.8148148059844971 0.21562500298023224 0.8148148059844971 0.21041665971279144 0.8222222328186035 0.21041665971279144 0.8333333134651184 0.21666666865348816 0.8296296000480652 0.21875 0.8333333134651184 0.22812500596046448 0.8277778029441833 0.23229166865348816 0.8277778029441833 0.23333333432674408 0.8314814567565918 0.22604165971279144 0.8444444537162781 0.22812500596046448 0.8462963104248047 0.21562500298023224 0.8611111044883728 0.21666666865348816 0.8685185313224792 0.21458333730697632 0.8722222447395325 0.20624999701976776 0.8777777552604675 0.20624999701976776 0.8833333253860474 0.203125 0.8870370388031006 0.19895833730697632 0.885185182094574 0.19479165971279144 0.8907407522201538 0.18854166567325592 0.8925926089286804 0.18437500298023224 0.9074074029922485 0.1770833283662796 0.9166666865348816 0.17291666567325592 0.9166666865348816 0.16458334028720856 0.9259259104728699 0.15729166567325592 0.9240740537643433 0.15000000596046448 0.9314814805984497 0.14687499403953552 0.9314814805984497 0.1458333283662796 0.9259259104728699 0.14374999701976776 0.9259259104728699 0.1354166716337204 0.9333333373069763 0.13333334028720856 0.9314814805984497 0.12708333134651184 0.9388889074325562 0.11354167014360428 0.9481481313705444 0.11249999701976776 0.9537037014961243 0.11041666567325592 0.9518518447875977 0.10000000149011612 0.9685184955596924 0.10208333283662796 0.9759259223937988 0.09791667014360428 0.9833333492279053 0.08437500149011612 0.9981481432914734 0.18125000596046448 0.9981481432914734 0.18333333730697632 0.9907407164573669 0.19166666269302368 0.979629635810852 0.1927083283662796 0.9833333492279053 0.20208333432674408 0.9666666388511658 0.21666666865348816 0.9351851940155029 0.21458333730697632 0.9314814805984497 0.21875 0.9203703999519348 0.22499999403953552 0.9092592597007751 0.23125000298023224 0.9037036895751953 0.23541666567325592 0.8888888955116272 0.23125000298023224 0.8814814686775208 0.23541666567325592 0.8759258985519409 0.23541666567325592 0.8685185313224792 0.23333333432674408 0.864814817905426 0.234375 0.8574073910713196 0.23749999701976776 0.8537036776542664 0.23541666567325592 0.8481481671333313 0.23854166269302368 0.8444444537162781 0.23749999701976776 0.8333333134651184 0.24166665971279144 0.8296296000480652 0.2395833283662796 0.8277778029441833
0 0.04270833358168602 0.7444444298744202 0.07395832985639572 0.7629629373550415 0.22083333134651184 0.7462962865829468 0.24062499403953552 0.7851851582527161 0.34166666865348816 0.7351852059364319 0.3947916626930237 0.7444444298744202 0.45520833134651184 0.8888888955116272 0.48229166865348816 0.9222221970558167 0.49270832538604736 0.9814814925193787 0.4833333194255829 0.9462962746620178 0.4375 0.9407407641410828 0.38749998807907104 0.9981481432914734 0.7760416865348816 0.9981481432914734 0.7260416746139526 0.8999999761581421 0.6885416507720947 0.8629629611968994 0.6875 0.9518518447875977 0.6770833134651184 0.9277777671813965 0.6781250238418579 0.9666666388511658 0.6625000238418579 0.9333333373069763 0.6510416865348816 0.9425926208496094 0.6145833134651184 0.8240740895271301 0.625 0.7888888716697693 0.6510416865348816 0.779629647731781 0.762499988079071 0.8814814686775208 0.796875 0.9481481313705444 0.8020833134651184 0.9981481432914734 0.9989583492279053 0.9981481432914734 0.9989583492279053 0.8166666626930237 0.9020833373069763 0.7018518447875977 0.612500011920929 0.6388888955116272 0.6197916865348816 0.664814829826355 0.6031249761581421 0.720370352268219 0.5770833492279053 0.7407407164573669 0.543749988079071 0.7037037014961243 0.5218750238418579 0.6203703880310059 0.15625 0.5611110925674438 0.14687499403953552 0.5925925970077515 0.08229167014360428 0.5981481671333313 0.1197916641831398 0.6222222447395325 0.05520833283662796 0.6796296238899231
0 0.18437500298023224 0.45185184478759766 0.18541666865348816 0.45370370149612427 0.18645833432674408 0.45185184478759766 0.1875 0.45370370149612427 0.21458333730697632 0.45370370149612427 0.21562500298023224 0.4555555582046509 0.23645833134651184 0.4555555582046509 0.23749999701976776 0.4574074149131775 0.23854166269302368 0.4555555582046509 0.2395833283662796 0.4574074149131775 0.24062499403953552 0.4555555582046509 0.24166665971279144 0.4574074149131775 0.2541666626930237 0.4574074149131775 0.2552083432674408 0.4592592716217041 0.2562499940395355 0.4574074149131775 0.27291667461395264 0.4574074149131775 0.27291667461395264 0.4555555582046509 0.27395832538604736 0.45370370149612427 0.2770833373069763 0.45370370149612427 0.26875001192092896 0.45370370149612427 0.26770833134651184 0.45185184478759766 0.26249998807907104 0.45185184478759766 0.2614583373069763 0.44999998807907104 0.24583333730697632 0.44999998807907104 0.2447916716337204 0.4481481611728668 0.2395833283662796 0.4481481611728668 0.23854166269302368 0.44999998807907104 0.2239583283662796 0.44999998807907104 0.22291666269302368 0.4481481611728668 0.22291666269302368 0.4462963044643402 0.21875 0.4462963044643402 0.21770833432674408 0.4444444477558136 0.21875 0.442592591047287 0.22083333134651184 0.442592591047287 0.20416666567325592 0.442592591047287 0.20208333432674408 0.4462963044643402 0.20104166865348816 0.4462963044643402 0.20000000298023224 0.4481481611728668 0.1979166716337204 0.4481481611728668 0.19687500596046448 0.44999998807907104 0.1927083283662796 0.44999998807907104 0.19166666269302368 0.45185184478759766
0 0.9489583373069763 0.43888887763023376 0.9510416388511658 0.43888887763023376 0.9520833492279053 0.4407407343387604 0.956250011920929 0.4407407343387604 0.9572916626930237 0.442592591047287 0.9593750238418579 0.442592591047287 0.9604166746139526 0.4444444477558136 0.9624999761581421 0.4444444477558136 0.9635416865348816 0.4462963044643402 0.965624988079071 0.4462963044643402 0.9666666388511658 0.4481481611728668 0.96875 0.4481481611728668 0.9697916507720947 0.44999998807907104 0.9708333611488342 0.44999998807907104 0.971875011920929 0.45185184478759766 0.9739583134651184 0.45185184478759766 0.9750000238418579 0.45370370149612427 0.9770833253860474 0.45370370149612427 0.9781249761581421 0.4555555582046509 0.9802083373069763 0.4555555582046509 0.981249988079071 0.4574074149131775 0.984375 0.4574074149131775 0.9854166507720947 0.4592592716217041 0.9885416626930237 0.4592592716217041 0.9895833134651184 0.4611110985279083 0.9937499761581421 0.4611110985279083 0.9947916865348816 0.46296295523643494 0.9989583492279053 0.46296295523643494 0.9989583492279053 0.4444444477558136 0.9947916865348816 0.4444444477558136 0.9937499761581421 0.442592591047287 0.9885416626930237 0.442592591047287 0.987500011920929 0.4407407343387604 0.9791666865348816 0.4407407343387604 0.9781249761581421 0.43888887763023376 0.9708333611488342 0.43888887763023376 0.9697916507720947 0.43703705072402954 0.965624988079071 0.43703705072402954 0.9645833373069763 0.43518519401550293 0.9572916626930237 0.43518519401550293 0.956250011920929 0.4333333373069763 0.9541666507720947 0.43703705072402954 0.949999988079071 0.43703705072402954
0 0.8374999761581421 0.38333332538604736 0.8500000238418579 0.3888888955116272 0.862500011920929 0.3907407522201538 0.8687499761581421 0.39629629254341125 0.8822916746139526 0.39814814925193787 0.890625 0.39629629254341125 0.8947916626930237 0.4000000059604645 0.9072916507720947 0.39814814925193787 0.9197916388511658 0.40740740299224854 0.9281250238418579 0.40925925970077515 0.9395833611488342 0.40740740299224854 0.9416666626930237 0.41111111640930176 0.9989583492279053 0.4203703701496124 0.9989583492279053 0.41296297311782837 0.996874988079071 0.4148148000240326 0.9802083373069763 0.41111111640930176 0.9770833253860474 0.41296297311782837 0.9677083492279053 0.40740740299224854 0.9479166865348816 0.4055555462837219 0.9447916746139526 0.4018518626689911 0.9541666507720947 0.4000000059604645 0.956250011920929 0.39629629254341125 0.971875011920929 0.4037036895751953 0.9989583492279053 0.40925925970077515 0.9989583492279053 0.39444443583488464 0.9177083373069763 0.3888888955116272 0.921875 0.3888888955116272 0.9229166507720947 0.39259257912635803 0.9270833134651184 0.39444443583488464 0.9260416626930237 0.39814814925193787 0.9197916388511658 0.39814814925193787 0.9166666865348816 0.39444443583488464 0.8989583253860474 0.39259257912635803 0.878125011920929 0.385185182094574
0 0.3635416626930237 0.39259257912635803 0.3072916567325592 0.3888888955116272 0.30000001192092896 0.39814814925193787 0.2927083373069763 0.39444443583488464 0.2958333194255829 0.4018518626689911 0.2760416567325592 0.4055555462837219 0.2802083194255829 0.39814814925193787 0.2718749940395355 0.3888888955116272 0.2239583283662796 0.36666667461395264 0.00937500037252903 0.3759259283542633 0.15000000596046448 0.38333332538604736 0.14479166269302368 0.3907407522201538 0.04374999925494194 0.3870370388031006 0.0 0.39629629254341125 0.0 0.49074074625968933 0.01354166679084301 0.4888888895511627 0.0520833320915699 0.4611110985279083 0.18125000596046448 0.45370370149612427 0.17083333432674408 0.45185184478759766 0.17395833134651184 0.4462963044643402 0.1927083283662796 0.4444444477558136 0.20624999701976776 0.4314814805984497 0.13645833730697632 0.43703705072402954 0.0989583358168602 0.4296296238899231 0.08958332985639572 0.4166666567325592 0.10520832985639572 0.4055555462837219 0.15729166567325592 0.39444443583488464 0.23541666567325592 0.39814814925193787 0.24895833432674408 0.41111111640930176
0 0.10520832985639572 0.3481481373310089 0.1041666641831398 0.3481481373310089 0.10312499850988388 0.3462963104248047 0.10208333283662796 0.3462963104248047 0.10104166716337204 0.3481481373310089 0.08020833134651184 0.3481481373310089 0.07916666567325592 0.3499999940395355 0.0677083358168602 0.3499999940395355 0.06666667014360428 0.35185185074806213 0.0520833320915699 0.35185185074806213 0.05104166641831398 0.35370370745658875 0.0364583320915699 0.35370370745658875 0.03541666641831398 0.35555556416511536 0.02187499962747097 0.35555556416511536 0.02187499962747097 0.35740742087364197 0.03125 0.35740742087364197 0.03229166567325592 0.35555556416511536 0.04895833507180214 0.35555556416511536 0.05000000074505806 0.35370370745658875 0.0625 0.35370370745658875 0.06354166567325592 0.35185185074806213 0.078125 0.35185185074806213 0.07916666567325592 0.3499999940395355 0.09062500298023224 0.3499999940395355 0.09166666865348816 0.3481481373310089
1 0.5916666388511658 0.8314814567565918 0.5916666388511658 0.835185170173645 0.5979166626930237 0.835185170173645 0.5989583134651184 0.8370370268821716 0.5989583134651184 0.835185170173645 0.6000000238418579 0.8333333134651184 0.6031249761581421 0.8333333134651184 0.6010416746139526 0.8296296000480652 0.6000000238418579 0.8296296000480652 0.5989583134651184 0.8277778029441833 0.596875011920929 0.8277778029441833 0.5958333611488342 0.8296296000480652 0.59375 0.8296296000480652 0.5927083492279053 0.8314814567565918
1 0.6187499761581421 0.8018518686294556 0.6166666746139526 0.8129629492759705 0.6208333373069763 0.8203703761100769 0.6156250238418579 0.8240740895271301 0.6187499761581421 0.8574073910713196 0.6270833611488342 0.8685185313224792 0.6260416507720947 0.8833333253860474 0.6333333253860474 0.8925926089286804 0.6395833492279053 0.9111111164093018 0.6468750238418579 0.9222221970558167 0.6510416865348816 0.9407407641410828 0.6572916507720947 0.9333333373069763 0.6614583134651184 0.9388889074325562 0.659375011920929 0.9351851940155029 0.6625000238418579 0.9314814805984497 0.6656249761581421 0.9407407641410828 0.6656249761581421 0.9537037014961243 0.6781250238418579 0.9648148417472839 0.6770833134651184 0.9259259104728699 0.6822916865348816 0.9333333373069763 0.6802083253860474 0.9351851940155029 0.6864583492279053 0.9518518447875977 0.684374988079071 0.9370370507240295 0.6885416507720947 0.9333333373069763 0.6833333373069763 0.8888888955116272 0.6833333373069763 0.8777777552604675 0.6854166388511658 0.8759258985519409 0.6812499761581421 0.8611111044883728 0.6885416507720947 0.8611111044883728 0.7104166746139526 0.8777777552604675 0.7260416746139526 0.8981481194496155 0.7406250238418579 0.9259259104728699 0.7427083253860474 0.9370370507240295 0.7489583492279053 0.9425926208496094 0.753125011920929 0.9592592716217041 0.7572916746139526 0.9611111283302307 0.762499988079071 0.9777777791023254 0.768750011920929 0.9833333492279053 0.7718750238418579 0.9962962865829468 0.8010416626930237 0.9981481432914734 0.8020833134651184 0.9907407164573669 0.793749988079071 0.970370352268219 0.7979166507720947 0.9648148417472839 0.7979166507720947 0.9592592716217041 0.7885416746139526 0.9296296238899231 0.7770833373069763 0.9074074029922485 0.7739583253860474 0.9074074029922485 0.762499988079071 0.8833333253860474 0.7562500238418579 0.8796296119689941 0.7437499761581421 0.8611111044883728 0.7250000238418579 0.8425925970077515 0.71875 0.8407407402992249 0.7166666388511658 0.835185170173645 0.7093750238418579 0.835185170173645 0.7052083611488342 0.8277778029441833 0.6864583492279053 0.8166666626930237 0.6833333373069763 0.8055555820465088 0.6760416626930237 0.8037037253379822 0.6760416626930237 0.7981481552124023 0.671875 0.7944444417953491 0.6677083373069763 0.7981481552124023 0.6635416746139526 0.7907407283782959 0.65625 0.7888888716697693 0.6510416865348816 0.7814815044403076 0.6510416865348816 0.7870370149612427 0.6468750238418579 0.7925925850868225 0.6395833492279053 0.7851851582527161 0.6333333253860474 0.7888888716697693 0.6291666626930237 0.7870370149612427 0.625 0.7907407283782959 0.6197916865348816 0.8037037253379822
1 0.0729166641831398 0.7259259223937988 0.07395832985639572 0.7277777791023254 0.08437500149011612 0.7277777791023254 0.08437500149011612 0.7259259223937988 0.08541666716337204 0.7240740656852722 0.08645833283662796 0.7240740656852722 0.08749999850988388 0.7259259223937988 0.08645833283662796 0.7277777791023254 0.08749999850988388 0.7259259223937988 0.08958332985639572 0.7259259223937988 0.09062500298023224 0.7240740656852722 0.09166666865348816 0.7259259223937988 0.09479166567325592 0.7259259223937988 0.09583333134651184 0.7240740656852722 0.09791667014360428 0.7240740656852722 0.0989583358168602 0.7259259223937988 0.11562500149011612 0.7259259223937988 0.11666666716337204 0.7240740656852722 0.12083332985639572 0.7240740656852722 0.12187500298023224 0.7222222089767456 0.12291666865348816 0.7222222089767456 0.12395833432674408 0.7240740656852722 0.14479166269302368 0.7240740656852722 0.1458333283662796 0.7222222089767456 0.14791665971279144 0.7222222089767456 0.14895834028720856 0.720370352268219 0.15520833432674408 0.720370352268219 0.15625 0.7185184955596924 0.15833333134651184 0.7185184955596924 0.15937499701976776 0.7166666388511658 0.16249999403953552 0.7148148417472839 0.16458334028720856 0.7111111283302307 0.16458334028720856 0.7092592716217041 0.16354165971279144 0.7092592716217041 0.16249999403953552 0.7074074149131775 0.14479166269302368 0.7074074149131775 0.14374999701976776 0.7092592716217041 0.12916666269302368 0.7092592716217041 0.12812499701976776 0.7074074149131775 0.12604166567325592 0.7074074149131775 0.1197916641831398 0.6962962746620178 0.11874999850988388 0.6962962746620178 0.11770833283662796 0.6944444179534912 0.10520832985639572 0.6944444179534912 0.1041666641831398 0.6962962746620178 0.10104166716337204 0.6962962746620178 0.10000000149011612 0.6981481313705444 0.09791667014360428 0.6981481313705444 0.09270833432674408 0.7037037014961243 0.09062500298023224 0.7037037014961243 0.08958332985639572 0.7055555582046509 0.0885416641831398 0.7055555582046509 0.08749999850988388 0.7074074149131775 0.08020833134651184 0.7129629850387573 0.078125 0.7166666388511658 0.07500000298023224 0.7185184955596924 0.0729166641831398 0.7222222089767456
1 0.9458333253860474 0.4018518626689911 0.9468749761581421 0.4018518626689911 0.9479166865348816 0.4037036895751953 0.9583333134651184 0.4037036895751953 0.9593750238418579 0.4055555462837219 0.9677083492279053 0.4055555462837219 0.96875 0.40740740299224854 0.971875011920929 0.40740740299224854 0.9729166626930237 0.40925925970077515 0.9760416746139526 0.40925925970077515 0.9770833253860474 0.41111111640930176 0.9791666865348816 0.41111111640930176 0.9802083373069763 0.40925925970077515 0.981249988079071 0.41111111640930176 0.9927083253860474 0.41111111640930176 0.9937499761581421 0.41296297311782837 0.996874988079071 0.41296297311782837 0.9979166388511658 0.41111111640930176 0.9989583492279053 0.41111111640930176 0.9979166388511658 0.40925925970077515 0.9885416626930237 0.40925925970077515 0.987500011920929 0.40740740299224854 0.9802083373069763 0.40740740299224854 0.9791666865348816 0.4055555462837219 0.971875011920929 0.4055555462837219 0.9708333611488342 0.4037036895751953 0.9677083492279053 0.4037036895751953 0.9666666388511658 0.4018518626689911 0.9635416865348816 0.4018518626689911 0.9624999761581421 0.4000000059604645 0.9572916626930237 0.4000000059604645 0.956250011920929 0.39814814925193787 0.9541666507720947 0.4018518626689911
1 0.8666666746139526 0.4037036895751953 0.8687499761581421 0.4037036895751953 0.8697916865348816 0.4055555462837219 0.8791666626930237 0.4055555462837219 0.8802083134651184 0.40740740299224854 0.8791666626930237 0.40925925970077515 0.8812500238418579 0.41111111640930176 0.8864583373069763 0.41111111640930176 0.887499988079071 0.40925925970077515 0.8885416388511658 0.41111111640930176 0.8927083611488342 0.41111111640930176 0.90625 0.4203703701496124 0.909375011920929 0.4203703701496124 0.9135416746139526 0.42407408356666565 0.9166666865348816 0.42407408356666565 0.9177083373069763 0.42592594027519226 0.9208333492279053 0.42592594027519226 0.921875 0.4277777671813965 0.925000011920929 0.4277777671813965 0.9260416626930237 0.4296296238899231 0.9291666746139526 0.4296296238899231 0.9302083253860474 0.4314814805984497 0.9333333373069763 0.4314814805984497 0.934374988079071 0.4333333373069763 0.9375 0.4333333373069763 0.9385416507720947 0.43518519401550293 0.9416666626930237 0.43518519401550293 0.9468749761581421 0.43888887763023376 0.949999988079071 0.43518519401550293 0.9541666507720947 0.43518519401550293 0.956250011920929 0.4314814805984497 0.9572916626930237 0.4333333373069763 0.9645833373069763 0.4333333373069763 0.965624988079071 0.43518519401550293 0.9697916507720947 0.43518519401550293 0.9708333611488342 0.43703705072402954 0.9781249761581421 0.43703705072402954 0.9791666865348816 0.43888887763023376 0.987500011920929 0.43888887763023376 0.9885416626930237 0.4407407343387604 0.9989583492279053 0.442592591047287 0.9989583492279053 0.42222222685813904 0.9958333373069763 0.42222222685813904 0.9947916865348816 0.4203703701496124 0.9697916507720947 0.4185185134410858 0.96875 0.4166666567325592 0.9604166746139526 0.4166666567325592 0.9593750238418579 0.4148148000240326 0.9416666626930237 0.41296297311782837 0.9395833611488342 0.40925925970077515 0.9333333373069763 0.40925925970077515 0.9322916865348816 0.41111111640930176 0.9197916388511658 0.40925925970077515 0.9156249761581421 0.4055555462837219 0.9125000238418579 0.4055555462837219 0.9104166626930237 0.4018518626689911 0.9083333611488342 0.4018518626689911 0.9072916507720947 0.4000000059604645 0.8947916626930237 0.4018518626689911 0.890625 0.39814814925193787 0.8854166865348816 0.39814814925193787 0.8843749761581421 0.4000000059604645 0.8822916746139526 0.4000000059604645 0.8812500238418579 0.39814814925193787 0.871874988079071 0.39814814925193787 0.8739583492279053 0.39814814925193787 0.8760416507720947 0.4018518626689911 0.875 0.4037036895751953 0.8729166388511658 0.4037036895751953 0.871874988079071 0.4055555462837219
1 0.8885416388511658 0.3870370388031006 0.8916666507720947 0.3870370388031006 0.8927083611488342 0.3888888955116272 0.8979166746139526 0.3888888955116272 0.8989583253860474 0.3907407522201538 0.909375011920929 0.3907407522201538 0.9104166626930237 0.39259257912635803 0.9166666865348816 0.39259257912635803 0.9177083373069763 0.39444443583488464 0.918749988079071 0.39444443583488464 0.9197916388511658 0.39629629254341125 0.9260416626930237 0.39629629254341125 0.9260416626930237 0.39444443583488464 0.9229166507720947 0.39444443583488464 0.921875 0.39259257912635803 0.921875 0.3907407522201538 0.9177083373069763 0.3907407522201538 0.9166666865348816 0.3888888955116272 0.9083333611488342 0.3888888955116272 0.9072916507720947 0.3870370388031006
1 0.5229166746139526 0.38333332538604736 0.5260416865348816 0.38333332538604736 0.5270833373069763 0.385185182094574 0.528124988079071 0.385185182094574 0.5291666388511658 0.3870370388031006 0.53125 0.3870370388031006 0.5322916507720947 0.3888888955116272 0.5333333611488342 0.3888888955116272 0.534375011920929 0.3907407522201538 0.5364583134651184 0.3907407522201538 0.5375000238418579 0.39259257912635803 0.5416666865348816 0.39259257912635803 0.5427083373069763 0.39444443583488464 0.543749988079071 0.39444443583488464 0.5447916388511658 0.39629629254341125 0.5479166507720947 0.39629629254341125 0.5489583611488342 0.39814814925193787 0.5635416507720947 0.39814814925193787 0.5645833611488342 0.4000000059604645 0.565625011920929 0.4000000059604645 0.565625011920929 0.39444443583488464 0.5666666626930237 0.39259257912635803 0.5708333253860474 0.39259257912635803 0.5708333253860474 0.3888888955116272 0.5697916746139526 0.3888888955116272 0.5687500238418579 0.3870370388031006 0.5697916746139526 0.385185182094574 0.5687500238418579 0.38333332538604736 0.5572916865348816 0.38333332538604736 0.5562499761581421 0.38148146867752075 0.543749988079071 0.38148146867752075 0.5427083373069763 0.37962964177131653 0.53125 0.37962964177131653 0.5302083492279053 0.38148146867752075 0.5239583253860474 0.38148146867752075
1 0.0 0.39444443583488464 0.012500000186264515 0.39259257912635803 0.01354166679084301 0.3907407522201538 0.02187499962747097 0.3907407522201538 0.02291666716337204 0.3888888955116272 0.04270833358168602 0.3870370388031006 0.04374999925494194 0.385185182094574 0.0520833320915699 0.385185182094574 0.05312500149011612 0.3870370388031006 0.05520833283662796 0.385185182094574 0.05624999850988388 0.3870370388031006 0.12604166567325592 0.3870370388031006 0.12708333134651184 0.3888888955116272 0.14479166269302368 0.3888888955116272 0.14895834028720856 0.38333332538604736 0.14374999701976776 0.38333332538604736 0.14270833134651184 0.38148146867752075 0.13750000298023224 0.38148146867752075 0.13645833730697632 0.37962964177131653 0.11354167014360428 0.37962964177131653 0.11249999701976776 0.38148146867752075 0.09166666865348816 0.37962964177131653 0.08645833283662796 0.38333332538604736 0.0520833320915699 0.38333332538604736 0.05104166641831398 0.38148146867752075 0.01770833320915699 0.38333332538604736 0.01666666753590107 0.38148146867752075 0.0 0.37962964177131653
1 0.8395833373069763 0.4611110985279083 0.7010416388511658 0.4444444477558136 0.737500011920929 0.42222222685813904 0.6479166746139526 0.4166666567325592 0.6166666746139526 0.3888888955116272 0.6447916626930237 0.3777777850627899 0.5708333253860474 0.36666667461395264 0.5947916507720947 0.4018518626689911 0.6083333492279053 0.39444443583488464 0.5874999761581421 0.38148146867752075 0.609375 0.38148146867752075 0.6416666507720947 0.4148148000240326 0.5208333134651184 0.39444443583488464 0.5135416388511658 0.4166666567325592 0.4541666805744171 0.42222222685813904 0.46041667461395264 0.4000000059604645 0.4437499940395355 0.3870370388031006 0.3343749940395355 0.39629629254341125 0.0 0.49259260296821594 0.0 0.9981481432914734 0.0833333358168602 0.9981481432914734 0.11354167014360428 0.9462962746620178 0.20520833134651184 0.8833333253860474 0.23229166865348816 0.8314814567565918 0.2083333283662796 0.8259259462356567 0.22604165971279144 0.8092592358589172 0.24270834028720856 0.8259259462356567 0.23645833134651184 0.8888888955116272 0.1822916716337204 0.9981481432914734 0.3864583373069763 0.9981481432914734 0.4375 0.9388889074325562 0.4833333194255829 0.9444444179534912 0.49166667461395264 0.9814814925193787 0.48124998807907104 0.9222221970558167 0.3843750059604645 0.7407407164573669 0.34166666865348816 0.7370370626449585 0.24062499403953552 0.7870370149612427 0.22083333134651184 0.7481481432914734 0.07395832985639572 0.7648147940635681 0.04270833358168602 0.7462962865829468 0.05520833283662796 0.6777777671813965 0.11874999850988388 0.6222222447395325 0.08229167014360428 0.5962963104248047 0.14687499403953552 0.5907407402992249 0.15729166567325592 0.5592592358589172 0.5218750238418579 0.6185185313224792 0.5458333492279053 0.7055555582046509 0.5916666388511658 0.7388888597488403 0.6187499761581421 0.6574074029922485 0.5770833492279053 0.6314814686775208 0.574999988079071 0.4462963044643402
1 0.0 0.35370370745658875 0.0 0.3592592477798462 0.004166666883975267 0.3592592477798462 0.0052083334885537624 0.35740742087364197 0.02083333395421505 0.35740742087364197 0.01770833320915699 0.35740742087364197 0.01666666753590107 0.35555556416511536 0.004166666883975267 0.35555556416511536 0.0031250000465661287 0.35370370745658875
1 0.22291666269302368 0.364814817905426 0.22499999403953552 0.36666667461395264 0.23020833730697632 0.36666667461395264 0.23125000298023224 0.36851853132247925 0.23229166865348816 0.36666667461395264 0.23333333432674408 0.36851853132247925 0.23541666567325592 0.36666667461395264 0.23854166269302368 0.3722222149372101 0.24375000596046448 0.3740740716457367 0.2447916716337204 0.3759259283542633 0.2447916716337204 0.37962964177131653 0.2552083432674408 0.37962964177131653 0.2562499940395355 0.3777777850627899 0.25833332538604736 0.3777777850627899 0.2604166567325592 0.38148146867752075 0.2593750059604645 0.38333332538604736 0.25729167461395264 0.38333332538604736 0.2614583373069763 0.38333332538604736 0.265625 0.3870370388031006 0.2718749940395355 0.3870370388031006 0.27291667461395264 0.3888888955116272 0.2718749940395355 0.3907407522201538 0.27395832538604736 0.3907407522201538 0.2760416567325592 0.39629629254341125 0.2802083194255829 0.39629629254341125 0.28125 0.39814814925193787 0.2802083194255829 0.4018518626689911 0.27812498807907104 0.4000000059604645 0.2760416567325592 0.4018518626689911 0.2760416567325592 0.4037036895751953 0.2770833373069763 0.4037036895751953 0.27812498807907104 0.4018518626689911 0.2822916805744171 0.4018518626689911 0.28333333134651184 0.4000000059604645 0.28437501192092896 0.4018518626689911 0.2958333194255829 0.4000000059604645 0.2906250059604645 0.4000000059604645 0.28958332538604736 0.39814814925193787 0.2916666567325592 0.39629629254341125 0.2927083373069763 0.39259257912635803 0.296875 0.39259257912635803 0.2979166805744171 0.39444443583488464 0.296875 0.39629629254341125 0.3031249940395355 0.39444443583488464 0.30416667461395264 0.39259257912635803 0.3031249940395355 0.3907407522201538 0.30416667461395264 0.3888888955116272 0.3062500059604645 0.3888888955116272 0.3031249940395355 0.3888888955116272 0.3010416626930237 0.385185182094574 0.3031249940395355 0.38333332538604736 0.30416667461395264 0.37962964177131653 0.3083333373069763 0.37962964177131653 0.3083333373069763 0.3777777850627899 0.30416667461395264 0.3740740716457367 0.3072916567325592 0.37037035822868347 0.30520832538604736 0.37037035822868347 0.30416667461395264 0.3722222149372101 0.3031249940395355 0.37037035822868347 0.3010416626930237 0.37037035822868347 0.30000001192092896 0.36851853132247925 0.3020833432674408 0.36666667461395264 0.296875 0.364814817905426 0.2958333194255829 0.3611111044883728 0.29374998807907104 0.3592592477798462 0.29479166865348816 0.35740742087364197 0.29895833134651184 0.35740742087364197 0.30000001192092896 0.3592592477798462 0.3125 0.3611111044883728 0.31458333134651184 0.3592592477798462 0.31458333134651184 0.35185185074806213 0.3135416805744171 0.35185185074806213 0.3125 0.3481481373310089 0.31041666865348816 0.3499999940395355 0.3020833432674408 0.3499999940395355 0.3010416626930237 0.35185185074806213 0.296875 0.35185185074806213 0.2958333194255829 0.3499999940395355 0.28125 0.3499999940395355 0.2802083194255829 0.3481481373310089 0.26770833134651184 0.3481481373310089 0.265625 0.35185185074806213 0.26354166865348816 0.35185185074806213 0.2604166567325592 0.35555556416511536 0.25312501192092896 0.35555556416511536 0.25208333134651184 0.35370370745658875 0.25312501192092896 0.35185185074806213 0.24687500298023224 0.3592592477798462 0.24270834028720856 0.3592592477798462 0.24166665971279144 0.3611111044883728 0.23229166865348816 0.3629629611968994 0.23125000298023224 0.364814817905426 0.22812500596046448 0.364814817905426 0.22708334028720856 0.3629629611968994 0.2239583283662796 0.3629629611968994
1 0.0 0.3462963104248047 0.02291666716337204 0.3462963104248047 0.01354166679084301 0.3462963104248047 0.012500000186264515 0.3444444537162781 0.01354166679084301 0.34259259700775146 0.01666666753590107 0.34259259700775146 0.01770833320915699 0.34074074029922485 0.01979166641831398 0.34074074029922485 0.02083333395421505 0.33888888359069824 0.03125 0.33888888359069824 0.01354166679084301 0.33888888359069824 0.012500000186264515 0.34074074029922485 0.008333333767950535 0.34074074029922485 0.0072916666977107525 0.33888888359069824 0.0 0.33888888359069824
1 0.21770833432674408 0.33888888359069824 0.20624999701976776 0.33703702688217163 0.203125 0.3333333432674408 0.19479165971279144 0.3351851999759674 0.17291666567325592 0.3296296298503876 0.0989583358168602 0.34074074029922485 0.09166666865348816 0.33703702688217163 0.09479166567325592 0.33888888359069824 0.09479166567325592 0.34259259700775146 0.0729166641831398 0.3481481373310089 0.10312499850988388 0.3444444537162781 0.10625000298023224 0.3481481373310089 0.10520832985639572 0.3499999940395355 0.03333333507180214 0.35740742087364197 0.05833333358168602 0.35740742087364197 0.05833333358168602 0.3611111044883728 0.03437500074505806 0.364814817905426 0.0364583320915699 0.36666667461395264 0.03541666641831398 0.36851853132247925 0.02395833283662796 0.36666667461395264 0.00937500037252903 0.37037035822868347 0.008333333767950535 0.3759259283542633 0.03958333283662796 0.3759259283542633 0.07500000298023224 0.37037035822868347 0.08749999850988388 0.3740740716457367 0.11145833134651184 0.3740740716457367 0.1614583283662796 0.36851853132247925 0.16979166865348816 0.364814817905426 0.16770833730697632 0.3629629611968994 0.16875000298023224 0.3611111044883728 0.1822916716337204 0.3611111044883728 0.1770833283662796 0.35740742087364197 0.18020834028720856 0.3499999940395355 0.19479165971279144 0.3481481373310089
1 0.12083332985639572 0.3296296298503876 0.14479166269302368 0.3296296298503876 0.1458333283662796 0.32777777314186096 0.14895834028720856 0.32777777314186096 0.14479166269302368 0.32777777314186096 0.14374999701976776 0.32592591643333435 0.13437500596046448 0.32592591643333435 0.13333334028720856 0.32777777314186096 0.12812499701976776 0.32777777314186096 0.12708333134651184 0.3296296298503876
2 0.4906249940395355 0.5074074268341064 0.4895833432674408 0.5092592835426331 0.4885416626930237 0.5092592835426331 0.48750001192092896 0.5111111402511597 0.4854166805744171 0.5111111402511597 0.484375 0.5129629373550415 0.4791666567325592 0.5129629373550415 0.4781250059604645 0.5148147940635681 0.4781250059604645 0.5166666507720947 0.4791666567325592 0.5185185074806213 0.48229166865348816 0.5185185074806213 0.4833333194255829 0.520370364189148 0.484375 0.520370364189148 0.48645833134651184 0.5240740776062012 0.48645833134651184 0.5259259343147278 0.48645833134651184 0.5240740776062012 0.48750001192092896 0.5222222208976746 0.48750001192092896 0.520370364189148 0.4885416626930237 0.5185185074806213 0.4885416626930237 0.5148147940635681 0.4895833432674408 0.5129629373550415 0.4895833432674408 0.5111111402511597 0.4906249940395355 0.5092592835426331
2 0.4385416805744171 0.4722222089767456 0.43958333134651184 0.4740740656852722 0.43958333134651184 0.47592592239379883 0.4385416805744171 0.47777777910232544 0.43958333134651184 0.47777777910232544 0.44062501192092896 0.47962963581085205 0.4416666626930237 0.47962963581085205 0.4427083432674408 0.48148149251937866 0.4437499940395355 0.48148149251937866 0.4437499940395355 0.47962963581085205 0.44479167461395264 0.47777777910232544 0.4479166567325592 0.47777777910232544 0.4479166567325592 0.47592592239379883 0.4468750059604645 0.47592592239379883 0.44583332538604736 0.4740740656852722 0.4437499940395355 0.4740740656852722 0.4427083432674408 0.47592592239379883 0.4416666626930237 0.4740740656852722 0.44062501192092896 0.4740740656852722 0.43958333134651184 0.4722222089767456
2 0.5041666626930237 0.4592592716217041 0.5 0.46666666865348816 0.4989583194255829 0.46666666865348816 0.49791666865348816 0.46851852536201477 0.4958333373069763 0.46851852536201477 0.4947916567325592 0.4703703820705414 0.4895833432674408 0.4703703820705414 0.4885416626930237 0.4722222089767456 0.47708332538604736 0.4722222089767456 0.47604167461395264 0.4740740656852722 0.4697916805744171 0.4740740656852722 0.46875 0.4722222089767456 0.4625000059604645 0.4722222089767456 0.46145832538604736 0.4740740656852722 0.4583333432674408 0.4740740656852722 0.4593749940395355 0.47592592239379883 0.4635416567325592 0.47592592239379883 0.4645833373069763 0.47777777910232544 0.46666666865348816 0.47777777910232544 0.4677083194255829 0.47962963581085205 0.4697916805744171 0.47962963581085205 0.47187501192092896 0.4833333194255829 0.4739583432674408 0.4833333194255829 0.4749999940395355 0.4851851761341095 0.4749999940395355 0.4870370328426361 0.4739583432674408 0.4888888895511627 0.4729166626930237 0.4888888895511627 0.47187501192092896 0.49074074625968933 0.47083333134651184 0.49074074625968933 0.4697916805744171 0.49259260296821594 0.47604167461395264 0.49259260296821594 0.47708332538604736 0.49444442987442017 0.4937500059604645 0.49444442987442017 0.4947916567325592 0.49259260296821594 0.4947916567325592 0.49074074625968933 0.4958333373069763 0.4888888895511627 0.4958333373069763 0.4870370328426361 0.49687498807907104 0.4851851761341095 0.49687498807907104 0.4833333194255829 0.49791666865348816 0.48148149251937866 0.49791666865348816 0.47962963581085205 0.4989583194255829 0.47777777910232544 0.4989583194255829 0.47592592239379883 0.5 0.4740740656852722 0.5 0.4722222089767456 0.5010416507720947 0.4703703820705414 0.5010416507720947 0.46851852536201477 0.5020833611488342 0.46666666865348816 0.5020833611488342 0.46481481194496155 0.503125011920929 0.46296295523643494 0.503125011920929 0.4611110985279083
2 0.4625000059604645 0.45370370149612427 0.46041667461395264 0.44999998807907104 0.4583333432674408 0.44999998807907104 0.4583333432674408 0.45185184478759766 0.45520833134651184 0.4574074149131775 0.453125 0.45370370149612427 0.4520833194255829 0.45370370149612427 0.45104166865348816 0.4555555582046509 0.45104166865348816 0.4592592716217041 0.453125 0.46296295523643494 0.453125 0.46481481194496155 0.4541666805744171 0.46296295523643494 0.45520833134651184 0.46296295523643494 0.45625001192092896 0.4611110985279083 0.4572916626930237 0.4611110985279083 0.4583333432674408 0.4592592716217041 0.4593749940395355 0.4592592716217041 0.4593749940395355 0.4574074149131775 0.46041667461395264 0.4555555582046509 0.4625000059604645 0.4555555582046509
2 0.34166666865348816 0.45185184478759766 0.3531250059604645 0.4592592716217041 0.3708333373069763 0.4574074149131775 0.3802083432674408 0.46296295523643494 0.3812499940395355 0.46666666865348816 0.38333332538604736 0.46851852536201477 0.38229167461395264 0.4722222089767456 0.37812501192092896 0.47592592239379883 0.3645833432674408 0.47592592239379883 0.36770832538604736 0.47962963581085205 0.3812499940395355 0.47962963581085205 0.3843750059604645 0.47777777910232544 0.3854166567325592 0.47962963581085205 0.3947916626930237 0.47962963581085205 0.3958333432674408 0.48148149251937866 0.40416666865348816 0.47962963581085205 0.40937501192092896 0.4833333194255829 0.40833333134651184 0.4851851761341095 0.3958333432674408 0.4851851761341095 0.3947916626930237 0.4870370328426361 0.39375001192092896 0.4851851761341095 0.3812499940395355 0.4851851761341095 0.3802083432674408 0.4870370328426361 0.3708333373069763 0.4870370328426361 0.3697916567325592 0.4888888895511627 0.35729166865348816 0.4888888895511627 0.3583333194255829 0.49074074625968933 0.37291666865348816 0.49259260296821594 0.3739583194255829 0.49444442987442017 0.3947916626930237 0.49444442987442017 0.3958333432674408 0.4962962865829468 0.4010416567325592 0.4962962865829468 0.4020833373069763 0.49444442987442017 0.4072916805744171 0.49444442987442017 0.40833333134651184 0.49259260296821594 0.40937501192092896 0.49444442987442017 0.4177083373069763 0.49444442987442017 0.41874998807907104 0.4888888895511627 0.4177083373069763 0.49074074625968933 0.4156250059604645 0.4870370328426361 0.4156250059604645 0.4833333194255829 0.4072916805744171 0.4722222089767456 0.40416666865348816 0.4722222089767456 0.40312498807907104 0.4740740656852722 0.4020833373069763 0.46851852536201477 0.39895832538604736 0.46481481194496155 0.3916666805744171 0.46481481194496155 0.38854166865348816 0.4611110985279083 0.3864583373069763 0.46481481194496155 0.3739583194255829 0.44999998807907104 0.3656249940395355 0.4462963044643402 0.3635416626930237 0.442592591047287 0.36250001192092896 0.4444444477558136 0.3583333194255829 0.4444444477558136 0.3531250059604645 0.4481481611728668 0.34687501192092896 0.4481481611728668
2 0.0 0.3777777850627899 0.004166666883975267 0.3777777850627899 0.0052083334885537624 0.3759259283542633 0.0072916666977107525 0.3759259283542633 0.0072916666977107525 0.3740740716457367 0.008333333767950535 0.3722222149372101 0.008333333767950535 0.37037035822868347 0.00937500037252903 0.36851853132247925 0.015625 0.36851853132247925 0.01666666753590107 0.36666667461395264 0.02291666716337204 0.36666667461395264 0.02395833283662796 0.364814817905426 0.03020833246409893 0.364814817905426 0.03125 0.36666667461395264 0.03541666641831398 0.36666667461395264 0.03437500074505806 0.36666667461395264 0.03333333507180214 0.364814817905426 0.03437500074505806 0.3629629611968994 0.0416666679084301 0.3629629611968994 0.04270833358168602 0.3611111044883728 0.05312500149011612 0.3611111044883728 0.05416666716337204 0.3592592477798462 0.05833333358168602 0.3592592477798462 0.0416666679084301 0.3592592477798462 0.04062499850988388 0.3611111044883728 0.02916666679084301 0.3611111044883728 0.02812499925494194 0.3592592477798462 0.00937500037252903 0.3592592477798462 0.008333333767950535 0.3611111044883728 0.0 0.3611111044883728
2 0.1458333283662796 0.37037035822868347 0.14895834028720856 0.3722222149372101 0.15000000596046448 0.37037035822868347 0.16249999403953552 0.37037035822868347 0.16354165971279144 0.36851853132247925 0.17395833134651184 0.36851853132247925 0.17499999701976776 0.37037035822868347 0.18854166567325592 0.37037035822868347 0.18958333134651184 0.36851853132247925 0.203125 0.36851853132247925 0.20416666567325592 0.36666667461395264 0.21250000596046448 0.36666667461395264 0.2135416716337204 0.364814817905426 0.21666666865348816 0.364814817905426 0.21770833432674408 0.3629629611968994 0.22083333134651184 0.3629629611968994 0.22187499701976776 0.364814817905426 0.2239583283662796 0.3611111044883728 0.22708334028720856 0.3611111044883728 0.22812500596046448 0.3629629611968994 0.23125000298023224 0.3629629611968994 0.23229166865348816 0.3611111044883728 0.23749999701976776 0.3611111044883728 0.23854166269302368 0.3592592477798462 0.24166665971279144 0.3592592477798462 0.24270834028720856 0.35740742087364197 0.24687500298023224 0.35740742087364197 0.2510416805744171 0.35370370745658875 0.24270834028720856 0.35370370745658875 0.24166665971279144 0.35555556416511536 0.23541666567325592 0.35555556416511536 0.234375 0.35740742087364197 0.2239583283662796 0.35740742087364197 0.22291666269302368 0.35555556416511536 0.21770833432674408 0.35555556416511536 0.21666666865348816 0.35370370745658875 0.18020834028720856 0.35370370745658875 0.17812499403953552 0.35740742087364197 0.18020834028720856 0.3592592477798462 0.1822916716337204 0.3592592477798462 0.18333333730697632 0.3611111044883728 0.1822916716337204 0.3629629611968994 0.16875000298023224 0.3629629611968994 0.17083333432674408 0.364814817905426 0.16979166865348816 0.36666667461395264 0.16562500596046448 0.36666667461395264 0.1614583283662796 0.37037035822868347
2 0.29479166865348816 0.3592592477798462 0.3083333373069763 0.37037035822868347 0.3031249940395355 0.3870370388031006 0.4437499940395355 0.385185182094574 0.46145832538604736 0.4000000059604645 0.4520833194255829 0.4037036895751953 0.4593749940395355 0.4055555462837219 0.4489583373069763 0.4148148000240326 0.4541666805744171 0.4203703701496124 0.5135416388511658 0.4148148000240326 0.5208333134651184 0.39259257912635803 0.5489583611488342 0.41111111640930176 0.6416666507720947 0.41296297311782837 0.609375 0.38333332538604736 0.5874999761581421 0.38333332538604736 0.609375 0.39444443583488464 0.5947916507720947 0.4037036895751953 0.5708333253860474 0.36851853132247925 0.6416666507720947 0.3740740716457367 0.6385416388511658 0.39814814925193787 0.6156250238418579 0.3870370388031006 0.6479166746139526 0.4148148000240326 0.7416666746139526 0.42407408356666565 0.7010416388511658 0.442592591047287 0.7989583611488342 0.442592591047287 0.8385416865348816 0.4574074149131775 0.574999988079071 0.4481481611728668 0.578125 0.6314814686775208 0.9020833373069763 0.699999988079071 0.9208333492279053 0.7351852059364319 0.9427083134651184 0.7444444298744202 0.9989583492279053 0.8148148059844971 0.9989583492279053 0.4870370328426361 0.9864583611488342 0.48148149251937866 0.9989583492279053 0.4833333194255829 0.9989583492279053 0.46481481194496155 0.7822916507720947 0.3629629611968994
2 0.17604166269302368 0.32777777314186096 0.15000000596046448 0.32777777314186096 0.14479166269302368 0.3314814865589142 0.12083332985639572 0.3314814865589142 0.1197916641831398 0.3296296298503876 0.12083332985639572 0.32777777314186096 0.125 0.32777777314186096 0.11770833283662796 0.32777777314186096 0.11666666716337204 0.3296296298503876 0.10104166716337204 0.3296296298503876 0.09791667014360428 0.32777777314186096 0.09687499701976776 0.3296296298503876 0.0729166641831398 0.3314814865589142 0.07187499850988388 0.3333333432674408 0.04374999925494194 0.3333333432674408 0.04270833358168602 0.3351851999759674 0.02916666679084301 0.33703702688217163 0.03125 0.33703702688217163 0.03229166567325592 0.33888888359069824 0.03125 0.34074074029922485 0.02083333395421505 0.34074074029922485 0.01666666753590107 0.3444444537162781 0.01354166679084301 0.3444444537162781 0.02291666716337204 0.3444444537162781 0.02395833283662796 0.3462963104248047 0.02291666716337204 0.3481481373310089 0.0 0.3481481373310089 0.0 0.35185185074806213 0.02083333395421505 0.35555556416511536 0.02187499962747097 0.35370370745658875 0.03541666641831398 0.35370370745658875 0.0364583320915699 0.35185185074806213 0.06666667014360428 0.3499999940395355 0.078125 0.3444444537162781 0.09479166567325592 0.34074074029922485 0.09270833432674408 0.34074074029922485 0.09062500298023224 0.33703702688217163 0.09166666865348816 0.3351851999759674 0.09479166567325592 0.3351851999759674 0.0989583358168602 0.33888888359069824 0.10000000149011612 0.33703702688217163 0.11874999850988388 0.33703702688217163 0.1197916641831398 0.3351851999759674 0.1302083283662796 0.3351851999759674 0.13124999403953552 0.3333333432674408 0.14687499403953552 0.3333333432674408 0.16249999403953552 0.32777777314186096
4 0.09062500298023224 0.4166666567325592 0.09270833432674408 0.4203703701496124 0.09166666865348816 0.42407408356666565 0.0989583358168602 0.4277777671813965 0.10312499850988388 0.4277777671813965 0.1041666641831398 0.4296296238899231 0.12187500298023224 0.4314814805984497 0.12291666865348816 0.4333333373069763 0.1354166716337204 0.4333333373069763 0.13645833730697632 0.43518519401550293 0.14166666567325592 0.43518519401550293 0.14270833134651184 0.4333333373069763 0.1510416716337204 0.4333333373069763 0.15208333730697632 0.43518519401550293 0.15312500298023224 0.4333333373069763 0.1875 0.4333333373069763 0.18854166567325592 0.4314814805984497 0.19687500596046448 0.4314814805984497 0.1979166716337204 0.4296296238899231 0.2083333283662796 0.4296296238899231 0.21458333730697632 0.42592594027519226 0.22083333134651184 0.42592594027519226 0.22604165971279144 0.42222222685813904 0.23020833730697632 0.42222222685813904 0.23541666567325592 0.4185185134410858 0.23749999701976776 0.4148148000240326 0.24062499403953552 0.4148148000240326 0.24166665971279144 0.41111111640930176 0.2510416805744171 0.40925925970077515 0.24166665971279144 0.40740740299224854 0.24062499403953552 0.4055555462837219 0.24375000596046448 0.4037036895751953 0.234375 0.4037036895751953 0.23333333432674408 0.4018518626689911 0.23541666567325592 0.4000000059604645 0.21875 0.4000000059604645 0.21145834028720856 0.39629629254341125 0.20520833134651184 0.39629629254341125 0.20416666567325592 0.39814814925193787 0.1979166716337204 0.39814814925193787 0.19687500596046448 0.39629629254341125 0.18958333134651184 0.39629629254341125 0.18854166567325592 0.39814814925193787 0.18437500298023224 0.39814814925193787 0.18333333730697632 0.39629629254341125 0.17395833134651184 0.39629629254341125 0.17291666567325592 0.39814814925193787 0.16562500596046448 0.39629629254341125 0.16458334028720856 0.39814814925193787 0.15833333134651184 0.39814814925193787 0.15729166567325592 0.39629629254341125 0.15000000596046448 0.4000000059604645 0.13437500596046448 0.4000000059604645 0.12708333134651184 0.4037036895751953 0.10520832985639572 0.40740740299224854 0.1041666641831398 0.40925925970077515 0.10000000149011612 0.40925925970077515 0.10104166716337204 0.41111111640930176 0.10000000149011612 0.41296297311782837 0.09270833432674408 0.41296297311782837 0.09375 0.4148148000240326
