0 0.9145833253860474 0.8574073910713196 0.9239583611488342 0.8666666746139526 0.9354166388511658 0.8833333253860474 0.9510416388511658 0.9018518328666687 0.9552083611488342 0.9092592597007751 0.9624999761581421 0.9277777671813965 0.9604166746139526 0.9314814805984497 0.9583333134651184 0.9314814805984497 0.9572916626930237 0.9296296238899231 0.953125 0.9296296238899231 0.9520833492279053 0.9314814805984497 0.9489583373069763 0.9296296238899231 0.9479166865348816 0.9314814805984497 0.9624999761581421 0.9592592716217041 0.9677083492279053 0.9648148417472839 0.9770833253860474 0.9814814925193787 0.9791666865348816 0.9907407164573669 0.9781249761581421 0.9925925731658936 0.9760416746139526 0.9925925731658936 0.9739583134651184 0.9981481432914734 0.9989583492279053 0.9981481432914734 0.9989583492279053 0.8907407522201538 0.996874988079071 0.8888888955116272 0.996874988079071 0.885185182094574 0.9864583611488342 0.8777777552604675 0.9822916388511658 0.8703703880310059 0.9770833253860474 0.8666666746139526 0.9739583134651184 0.8611111044883728 0.9708333611488342 0.864814817905426 0.965624988079071 0.864814817905426 0.9645833373069763 0.8666666746139526 0.9604166746139526 0.8666666746139526 0.9593750238418579 0.8685185313224792 0.9510416388511658 0.8685185313224792 0.949999988079071 0.8666666746139526 0.9375 0.8666666746139526 0.9364583492279053 0.864814817905426 0.9333333373069763 0.864814817905426 0.9322916865348816 0.8629629611968994 0.9291666746139526 0.8629629611968994 0.9239583611488342 0.8592592477798462 0.9166666865348816 0.8592592477798462
0 0.18437500298023224 0.5740740895271301 0.13958333432674408 0.5944444537162781 0.13645833730697632 0.5981481671333313 0.125 0.6018518805503845 0.11562500149011612 0.6092592477798462 0.09375 0.6203703880310059 0.09062500298023224 0.6240741014480591 0.0833333358168602 0.6259258985519409 0.07395832985639572 0.6333333253860474 0.0677083358168602 0.635185182094574 0.06458333134651184 0.6388888955116272 0.04062499850988388 0.6499999761581421 0.03437500074505806 0.6555555462837219 0.03020833246409893 0.6555555462837219 0.02708333358168602 0.6592592597007751 0.02291666716337204 0.6592592597007751 0.010416666977107525 0.6685185432434082 0.0 0.6722221970558167 0.0 0.6925926208496094 0.05937499925494194 0.6555555462837219 0.0729166641831398 0.6499999761581421 0.11770833283662796 0.6222222447395325 0.14166666567325592 0.6111111044883728 0.15208333730697632 0.6018518805503845 0.16875000298023224 0.5925925970077515
0 0.10208333283662796 0.5703703761100769 0.10000000149011612 0.5703703761100769 0.0989583358168602 0.5722222328186035 0.09166666865348816 0.5722222328186035 0.09062500298023224 0.5740740895271301 0.08541666716337204 0.5740740895271301 0.08437500149011612 0.5759259462356567 0.08020833134651184 0.5759259462356567 0.07916666567325592 0.5777778029441833 0.07500000298023224 0.5777778029441833 0.07395832985639572 0.5759259462356567 0.0729166641831398 0.5777778029441833 0.06875000149011612 0.5777778029441833 0.0677083358168602 0.5796296000480652 0.05833333358168602 0.5796296000480652 0.0572916679084301 0.5814814567565918 0.05000000074505806 0.5814814567565918 0.04895833507180214 0.5833333134651184 0.04583333432674408 0.5833333134651184 0.04479166492819786 0.585185170173645 0.03854166716337204 0.585185170173645 0.03750000149011612 0.5870370268821716 0.02916666679084301 0.5870370268821716 0.02812499925494194 0.5888888835906982 0.02083333395421505 0.5888888835906982 0.01979166641831398 0.5907407402992249 0.00937500037252903 0.5907407402992249 0.008333333767950535 0.5925925970077515 0.0010416667209938169 0.5925925970077515 0.0 0.5944444537162781 0.0 0.6370370388031006 0.0020833334419876337 0.635185182094574 0.004166666883975267 0.635185182094574 0.010416666977107525 0.6296296119689941 0.01354166679084301 0.6296296119689941 0.01770833320915699 0.6222222447395325 0.01875000074505806 0.6222222447395325 0.01979166641831398 0.6203703880310059 0.01875000074505806 0.6185185313224792 0.02395833283662796 0.6111111044883728 0.03958333283662796 0.5981481671333313 0.0416666679084301 0.5944444537162781 0.04374999925494194 0.5944444537162781 0.04479166492819786 0.5925925970077515 0.046875 0.5925925970077515 0.05104166641831398 0.5888888835906982 0.05416666716337204 0.5888888835906982 0.05520833283662796 0.5870370268821716 0.06041666492819786 0.5870370268821716 0.06145833432674408 0.585185170173645 0.0729166641831398 0.585185170173645 0.07395832985639572 0.5833333134651184 0.08020833134651184 0.5833333134651184 0.08124999701976776 0.5814814567565918 0.08437500149011612 0.5814814567565918 0.08541666716337204 0.5796296000480652 0.09270833432674408 0.5777778029441833 0.09375 0.5759259462356567 0.09583333134651184 0.5759259462356567
0 0.16979166865348816 0.49074074625968933 0.1666666716337204 0.4851851761341095 0.1666666716337204 0.48148149251937866 0.16249999403953552 0.48148149251937866 0.15729166567325592 0.4851851761341095 0.140625 0.4888888895511627 0.1354166716337204 0.49259260296821594 0.08749999850988388 0.5055555701255798 0.06979166716337204 0.5148147940635681 0.06562499701976776 0.5148147940635681 0.0572916679084301 0.5092592835426331 0.05624999850988388 0.5111111402511597 0.05000000074505806 0.5092592835426331 0.046875 0.5129629373550415 0.01354166679084301 0.520370364189148 0.008333333767950535 0.5240740776062012 0.0 0.5259259343147278 0.0 0.5518518686294556 0.03333333507180214 0.5462962985038757 0.04062499850988388 0.5425925850868225 0.04791666567325592 0.5425925850868225 0.04895833507180214 0.5407407283782959 0.05624999850988388 0.5407407283782959 0.0572916679084301 0.5388888716697693 0.06458333134651184 0.5388888716697693 0.06562499701976776 0.5370370149612427 0.0833333358168602 0.5351851582527161 0.08437500149011612 0.5333333611488342 0.10625000298023224 0.529629647731781 0.1145833358168602 0.5259259343147278 0.11770833283662796 0.5277777910232544 0.12083332985639572 0.5240740776062012 0.12708333134651184 0.5240740776062012 0.125 0.5240740776062012 0.12395833432674408 0.520370364189148 0.12708333134651184 0.5148147940635681 0.13333334028720856 0.5092592835426331 0.15000000596046448 0.5 0.16562500596046448 0.4962962865829468 0.16979166865348816 0.49259260296821594
0 0.3583333194255829 0.46481481194496155 0.35729166865348816 0.46296295523643494 0.3541666567325592 0.46296295523643494 0.3531250059604645 0.4611110985279083 0.3489583432674408 0.4611110985279083 0.3479166626930237 0.4592592716217041 0.3447916805744171 0.4592592716217041 0.3427083194255829 0.4555555582046509 0.3375000059604645 0.4555555582046509 0.33645832538604736 0.45370370149612427 0.3291666805744171 0.45370370149612427 0.328125 0.4555555582046509 0.32499998807907104 0.4555555582046509 0.3239583373069763 0.4574074149131775 0.32083332538604736 0.4574074149131775 0.31979167461395264 0.4592592716217041 0.31458333134651184 0.4592592716217041 0.3135416805744171 0.4611110985279083 0.30937498807907104 0.4611110985279083 0.3083333373069763 0.46296295523643494 0.3031249940395355 0.46296295523643494 0.3020833432674408 0.46481481194496155 0.3020833432674408 0.4703703820705414 0.3062500059604645 0.47777777910232544 0.3062500059604645 0.47962963581085205 0.3072916567325592 0.48148149251937866 0.3072916567325592 0.4888888895511627 0.3083333373069763 0.49074074625968933 0.3083333373069763 0.49259260296821594 0.30937498807907104 0.49259260296821594 0.3125 0.4981481432914734 0.3125 0.5037037134170532 0.3135416805744171 0.5055555701255798 0.3125 0.5074074268341064 0.3135416805744171 0.5092592835426331 0.3135416805744171 0.5111111402511597 0.31562501192092896 0.5111111402511597 0.3166666626930237 0.5092592835426331 0.31979167461395264 0.5092592835426331 0.31979167461395264 0.5055555701255798 0.3187499940395355 0.5037037134170532 0.31979167461395264 0.5018518567085266 0.3229166567325592 0.5 0.3229166567325592 0.4981481432914734 0.3218750059604645 0.4962962865829468 0.31979167461395264 0.4962962865829468 0.3177083432674408 0.49259260296821594 0.31458333134651184 0.49259260296821594 0.3135416805744171 0.49074074625968933 0.3083333373069763 0.49074074625968933 0.3072916567325592 0.4888888895511627 0.31041666865348816 0.4833333194255829 0.32083332538604736 0.4833333194255829 0.3218750059604645 0.48148149251937866 0.3291666805744171 0.48148149251937866 0.33020833134651184 0.47962963581085205 0.33541667461395264 0.47962963581085205 0.33645832538604736 0.47777777910232544 0.3395833373069763 0.47777777910232544 0.34062498807907104 0.47592592239379883 0.3447916805744171 0.47592592239379883 0.34583333134651184 0.4740740656852722 0.3489583432674408 0.4740740656852722 0.3499999940395355 0.47592592239379883 0.35208332538604736 0.47592592239379883 0.3531250059604645 0.4740740656852722 0.3552083373069763 0.4740740656852722 0.35624998807907104 0.4722222089767456 0.35624998807907104 0.4703703820705414 0.3583333194255829 0.46666666865348816
0 0.5645833611488342 0.44999998807907104 0.5625 0.44999998807907104 0.5614583492279053 0.45185184478759766 0.5604166388511658 0.45185184478759766 0.5604166388511658 0.45370370149612427 0.5583333373069763 0.4574074149131775 0.5562499761581421 0.4574074149131775 0.5552083253860474 0.4555555582046509 0.5531250238418579 0.4555555582046509 0.5520833134651184 0.4574074149131775 0.5510416626930237 0.4574074149131775 0.5510416626930237 0.4592592716217041 0.550000011920929 0.4611110985279083 0.5541666746139526 0.4611110985279083 0.5552083253860474 0.4592592716217041 0.5604166388511658 0.4592592716217041 0.5604166388511658 0.4574074149131775 0.5625 0.45370370149612427 0.5625 0.45185184478759766 0.5635416507720947 0.44999998807907104
0 0.19374999403953552 0.4277777671813965 0.15000000596046448 0.4407407343387604 0.12708333134651184 0.4444444477558136 0.12083332985639572 0.4481481611728668 0.09791667014360428 0.45185184478759766 0.08437500149011612 0.4574074149131775 0.07604166865348816 0.4574074149131775 0.06458333134651184 0.46296295523643494 0.03125 0.4703703820705414 0.01875000074505806 0.47592592239379883 0.0 0.47962963581085205 0.0 0.5074074268341064 0.012500000186264515 0.5074074268341064 0.02291666716337204 0.5037037134170532 0.02395833283662796 0.5055555701255798 0.02500000037252903 0.5037037134170532 0.05833333358168602 0.5 0.06875000149011612 0.4962962865829468 0.07187499850988388 0.4981481432914734 0.07708333432674408 0.49444442987442017 0.08437500149011612 0.49444442987442017 0.09166666865348816 0.4888888895511627 0.1197916641831398 0.47777777910232544 0.12291666865348816 0.4722222089767456 0.14166666567325592 0.4574074149131775 0.17291666567325592 0.4444444477558136 0.18645833432674408 0.442592591047287 0.18541666865348816 0.4407407343387604
0 0.02916666679084301 0.42222222685813904 0.02187499962747097 0.42222222685813904 0.02083333395421505 0.42407408356666565 0.0072916666977107525 0.42407408356666565 0.00937500037252903 0.42407408356666565 0.010416666977107525 0.42592594027519226 0.00937500037252903 0.4277777671813965 0.01770833320915699 0.4277777671813965 0.01875000074505806 0.42592594027519226 0.02395833283662796 0.42592594027519226 0.02500000037252903 0.42407408356666565 0.02604166604578495 0.42407408356666565 0.02708333358168602 0.42222222685813904
0 0.6197916865348816 0.41111111640930176 0.6156250238418579 0.41111111640930176 0.6145833134651184 0.40925925970077515 0.609375 0.40925925970077515 0.6083333492279053 0.41111111640930176 0.606249988079071 0.41111111640930176 0.6052083373069763 0.41296297311782837 0.6010416746139526 0.41296297311782837 0.6010416746139526 0.4148148000240326 0.6041666865348816 0.4148148000240326 0.6052083373069763 0.4166666567325592 0.6041666865348816 0.4185185134410858 0.6010416746139526 0.4185185134410858 0.6000000238418579 0.4203703701496124 0.5989583134651184 0.4185185134410858 0.596875011920929 0.4185185134410858 0.5958333611488342 0.4203703701496124 0.5854166746139526 0.4203703701496124 0.5770833492279053 0.43518519401550293 0.5729166865348816 0.43518519401550293 0.5718749761581421 0.4333333373069763 0.5718749761581421 0.4314814805984497 0.5739583373069763 0.4277777671813965 0.5697916746139526 0.42222222685813904 0.5687500238418579 0.42407408356666565 0.5645833611488342 0.42407408356666565 0.5635416507720947 0.42592594027519226 0.5562499761581421 0.42592594027519226 0.5562499761581421 0.4277777671813965 0.5531250238418579 0.4314814805984497 0.5479166507720947 0.4314814805984497 0.546875 0.4333333373069763 0.543749988079071 0.4333333373069763 0.5427083373069763 0.4314814805984497 0.5354166626930237 0.4314814805984497 0.53125 0.43703705072402954 0.5322916507720947 0.43703705072402954 0.5333333611488342 0.43888887763023376 0.534375011920929 0.43703705072402954 0.5364583134651184 0.43703705072402954 0.5375000238418579 0.43888887763023376 0.5406249761581421 0.43888887763023376 0.5416666865348816 0.4407407343387604 0.550000011920929 0.4407407343387604 0.5531250238418579 0.4333333373069763 0.5562499761581421 0.4333333373069763 0.5572916865348816 0.43518519401550293 0.559374988079071 0.43518519401550293 0.5604166388511658 0.43703705072402954 0.5645833611488342 0.43703705072402954 0.565625011920929 0.43888887763023376 0.5645833611488342 0.4407407343387604 0.5625 0.4407407343387604 0.5645833611488342 0.4407407343387604 0.565625011920929 0.442592591047287 0.5729166865348816 0.442592591047287 0.5760416388511658 0.43888887763023376 0.5770833492279053 0.4407407343387604 0.5802083611488342 0.4407407343387604 0.581250011920929 0.442592591047287 0.5822916626930237 0.442592591047287 0.5833333134651184 0.4407407343387604 0.5874999761581421 0.4407407343387604 0.5895833373069763 0.4314814805984497 0.59375 0.42222222685813904 0.596875011920929 0.42222222685813904 0.5979166626930237 0.4203703701496124 0.6020833253860474 0.4203703701496124 0.6031249761581421 0.4185185134410858 0.6072916388511658 0.4185185134410858 0.6083333492279053 0.4166666567325592 0.6135416626930237 0.4166666567325592 0.6145833134651184 0.4148148000240326 0.6177083253860474 0.4148148000240326 0.6187499761581421 0.41296297311782837 0.6197916865348816 0.41296297311782837
0 0.125 0.40925925970077515 0.11770833283662796 0.40925925970077515 0.11666666716337204 0.41111111640930176 0.11354167014360428 0.41111111640930176 0.11249999701976776 0.40925925970077515 0.11145833134651184 0.41111111640930176 0.09479166567325592 0.41111111640930176 0.09375 0.41296297311782837 0.09270833432674408 0.41296297311782837 0.09270833432674408 0.4148148000240326 0.09375 0.4148148000240326 0.09479166567325592 0.41296297311782837 0.09583333134651184 0.41296297311782837 0.09687499701976776 0.4148148000240326 0.0989583358168602 0.4148148000240326 0.10000000149011612 0.4166666567325592 0.10625000298023224 0.4166666567325592 0.10520832985639572 0.4166666567325592 0.1041666641831398 0.4148148000240326 0.1041666641831398 0.41296297311782837 0.10520832985639572 0.41111111640930176 0.11770833283662796 0.41111111640930176 0.11874999850988388 0.40925925970077515
0 0.03229166567325592 0.41111111640930176 0.03020833246409893 0.41111111640930176 0.02916666679084301 0.40925925970077515 0.02083333395421505 0.40925925970077515 0.01979166641831398 0.41111111640930176 0.01875000074505806 0.40925925970077515 0.01770833320915699 0.41111111640930176 0.0010416667209938169 0.41111111640930176 0.0 0.41296297311782837 0.0 0.4203703701496124 0.0010416667209938169 0.4203703701496124 0.004166666883975267 0.4148148000240326 0.008333333767950535 0.4148148000240326 0.010416666977107525 0.4185185134410858 0.010416666977107525 0.4203703701496124 0.01770833320915699 0.4203703701496124 0.01770833320915699 0.4185185134410858 0.01666666753590107 0.4166666567325592 0.01770833320915699 0.4148148000240326 0.02708333358168602 0.4148148000240326 0.02812499925494194 0.41296297311782837 0.03020833246409893 0.41296297311782837 0.03125 0.41111111640930176
0 0.21041665971279144 0.3907407522201538 0.18437500298023224 0.3907407522201538 0.18333333730697632 0.39259257912635803 0.1770833283662796 0.39259257912635803 0.17604166269302368 0.39444443583488464 0.16875000298023224 0.39444443583488464 0.16770833730697632 0.39629629254341125 0.1614583283662796 0.39629629254341125 0.16041666269302368 0.39814814925193787 0.15937499701976776 0.39814814925193787 0.15937499701976776 0.4000000059604645 0.15833333134651184 0.4018518626689911 0.15000000596046448 0.4018518626689911 0.1510416716337204 0.4037036895751953 0.15000000596046448 0.4055555462837219 0.15000000596046448 0.40925925970077515 0.15416666865348816 0.40925925970077515 0.15520833432674408 0.40740740299224854 0.16354165971279144 0.40740740299224854 0.16458334028720856 0.4055555462837219 0.171875 0.4055555462837219 0.17291666567325592 0.4037036895751953 0.18020834028720856 0.4037036895751953 0.18125000596046448 0.4018518626689911 0.18958333134651184 0.4018518626689911 0.19062499701976776 0.4000000059604645 0.20000000298023224 0.4000000059604645 0.20104166865348816 0.39814814925193787 0.20624999701976776 0.39814814925193787 0.20729166269302368 0.39629629254341125 0.2083333283662796 0.39629629254341125 0.21041665971279144 0.39259257912635803
0 0.550000011920929 0.37037035822868347 0.5385416746139526 0.36666667461395264 0.5354166626930237 0.3629629611968994 0.5135416388511658 0.36851853132247925 0.4645833373069763 0.3907407522201538 0.4583333432674408 0.3907407522201538 0.43541666865348816 0.4018518626689911 0.4260416626930237 0.4018518626689911 0.4312500059604645 0.40925925970077515 0.4281249940395355 0.41296297311782837 0.42395833134651184 0.41296297311782837 0.4385416805744171 0.4148148000240326 0.4437499940395355 0.42222222685813904 0.45520833134651184 0.4296296238899231 0.4583333432674408 0.43518519401550293 0.4572916626930237 0.43703705072402954 0.46145832538604736 0.43888887763023376 0.46666666865348816 0.44999998807907104 0.4781250059604645 0.44999998807907104 0.4895833432674408 0.4407407343387604 0.49270832538604736 0.4407407343387604 0.5114583373069763 0.4277777671813965 0.5177083611488342 0.42592594027519226 0.5218750238418579 0.4203703701496124 0.5270833373069763 0.4185185134410858 0.5385416746139526 0.40740740299224854 0.5406249761581421 0.40740740299224854 0.534375011920929 0.40740740299224854 0.5166666507720947 0.4000000059604645 0.5135416388511658 0.4018518626689911 0.512499988079071 0.4000000059604645 0.5114583373069763 0.4018518626689911 0.4958333373069763 0.4000000059604645 0.4895833432674408 0.39629629254341125 0.48750001192092896 0.39259257912635803 0.4885416626930237 0.3888888955116272 0.4947916567325592 0.385185182094574 0.5354166626930237 0.38148146867752075 0.5364583134651184 0.3777777850627899 0.550000011920929 0.3759259283542633
0 0.22499999403953552 0.35740742087364197 0.0062500000931322575 0.3740740716457367 0.0 0.3759259283542633 0.0 0.38333332538604736 0.01979166641831398 0.3759259283542633 0.02083333395421505 0.3777777850627899 0.05312500149011612 0.3759259283542633 0.06041666492819786 0.38148146867752075 0.05937499925494194 0.38333332538604736 0.08229167014360428 0.37962964177131653 0.10000000149011612 0.37037035822868347 0.10312499850988388 0.3722222149372101 0.11145833134651184 0.37037035822868347 0.13124999403953552 0.3759259283542633 0.1354166716337204 0.3740740716457367 0.140625 0.3777777850627899 0.1458333283662796 0.3777777850627899 0.14791665971279144 0.3722222149372101 0.15416666865348816 0.37037035822868347 0.15520833432674408 0.3722222149372101 0.15416666865348816 0.3777777850627899 0.15208333730697632 0.37962964177131653 0.16041666269302368 0.38148146867752075 0.16562500596046448 0.3759259283542633 0.19374999403953552 0.3740740716457367 0.20937499403953552 0.36666667461395264 0.21562500298023224 0.36666667461395264 0.21875 0.3629629611968994 0.22291666269302368 0.3629629611968994
0 0.78125 0.3499999940395355 0.7708333134651184 0.3499999940395355 0.7697916626930237 0.35185185074806213 0.7572916746139526 0.35185185074806213 0.7562500238418579 0.35370370745658875 0.7489583492279053 0.35370370745658875 0.7479166388511658 0.35555556416511536 0.7427083253860474 0.35555556416511536 0.7416666746139526 0.35740742087364197 0.7302083373069763 0.35740742087364197 0.7291666865348816 0.3592592477798462 0.7281249761581421 0.3592592477798462 0.7354166507720947 0.3592592477798462 0.7364583611488342 0.35740742087364197 0.7437499761581421 0.35740742087364197 0.7447916865348816 0.35555556416511536 0.753125011920929 0.35555556416511536 0.7541666626930237 0.35370370745658875 0.7614583373069763 0.35370370745658875 0.762499988079071 0.35185185074806213 0.7718750238418579 0.35185185074806213 0.7729166746139526 0.3499999940395355
0 0.41874998807907104 0.35370370745658875 0.4124999940395355 0.35555556416511536 0.4104166626930237 0.35185185074806213 0.41458332538604736 0.3499999940395355 0.40312498807907104 0.35185185074806213 0.4020833373069763 0.3481481373310089 0.4000000059604645 0.3499999940395355 0.39895832538604736 0.3481481373310089 0.4000000059604645 0.3462963104248047 0.39895832538604736 0.3481481373310089 0.3895833194255829 0.3462963104248047 0.3854166567325592 0.35185185074806213 0.3791666626930237 0.3481481373310089 0.37812501192092896 0.35185185074806213 0.36145833134651184 0.35555556416511536 0.3552083373069763 0.35370370745658875 0.3499999940395355 0.3592592477798462 0.3375000059604645 0.35555556416511536 0.33645832538604736 0.35370370745658875 0.3375000059604645 0.35185185074806213 0.34062498807907104 0.35185185074806213 0.33541667461395264 0.3499999940395355 0.3322916626930237 0.35185185074806213 0.33541667461395264 0.35185185074806213 0.33645832538604736 0.35370370745658875 0.33541667461395264 0.35555556416511536 0.3125 0.35370370745658875 0.3166666626930237 0.35740742087364197 0.30937498807907104 0.3611111044883728 0.296875 0.3592592477798462 0.2927083373069763 0.3629629611968994 0.28958332538604736 0.3592592477798462 0.2906250059604645 0.35740742087364197 0.3031249940395355 0.35555556416511536 0.3031249940395355 0.35370370745658875 0.2927083373069763 0.35370370745658875 0.28958332538604736 0.3499999940395355 0.2750000059604645 0.35370370745658875 0.2708333432674408 0.35185185074806213 0.26354166865348816 0.35740742087364197 0.2552083432674408 0.35740742087364197 0.28437501192092896 0.364814817905426 0.2958333194255829 0.364814817905426 0.3062500059604645 0.3722222149372101 0.3125 0.3722222149372101 0.3177083432674408 0.3759259283542633 0.3239583373069763 0.3759259283542633 0.32083332538604736 0.3759259283542633 0.3177083432674408 0.36851853132247925 0.3187499940395355 0.36666667461395264 0.33645832538604736 0.36666667461395264 0.34062498807907104 0.37037035822868347 0.3375000059604645 0.3777777850627899 0.33020833134651184 0.3759259283542633 0.34583333134651184 0.37962964177131653 0.3697916567325592 0.3740740716457367 0.39791667461395264 0.3722222149372101 0.4010416567325592 0.36851853132247925 0.3916666805744171 0.364814817905426 0.38854166865348816 0.3592592477798462 0.39375001192092896 0.35370370745658875 0.4000000059604645 0.35740742087364197 0.39895832538604736 0.35555556416511536 0.4000000059604645 0.35370370745658875 0.4052083194255829 0.35555556416511536 0.40312498807907104 0.35370370745658875 0.40416666865348816 0.35185185074806213 0.4104166626930237 0.35185185074806213 0.4114583432674408 0.35555556416511536 0.4156250059604645 0.35555556416511536 0.4166666567325592 0.35740742087364197 0.41458332538604736 0.3592592477798462 0.4177083373069763 0.3592592477798462
0 0.46666666865348816 0.3499999940395355 0.4677083194255829 0.3481481373310089 0.46875 0.3481481373310089 0.4697916805744171 0.3499999940395355 0.4739583432674408 0.3499999940395355 0.4749999940395355 0.3481481373310089 0.4885416626930237 0.3481481373310089 0.4885416626930237 0.3462963104248047 0.48750001192092896 0.3462963104248047 0.48645833134651184 0.3444444537162781 0.4781250059604645 0.3444444537162781 0.47708332538604736 0.34259259700775146 0.47708332538604736 0.34074074029922485 0.4739583432674408 0.34074074029922485 0.4729166626930237 0.34259259700775146 0.4729166626930237 0.3444444537162781 0.47187501192092896 0.3462963104248047 0.4697916805744171 0.3462963104248047 0.46875 0.3481481373310089 0.46666666865348816 0.3481481373310089
0 0.40833333134651184 0.3333333432674408 0.4020833373069763 0.3333333432674408 0.4010416567325592 0.3351851999759674 0.3802083432674408 0.3351851999759674 0.3791666626930237 0.33703702688217163 0.37291666865348816 0.33703702688217163 0.3802083432674408 0.33703702688217163 0.3812499940395355 0.33888888359069824 0.3958333432674408 0.33888888359069824 0.3968749940395355 0.33703702688217163 0.4020833373069763 0.33703702688217163 0.40312498807907104 0.3351851999759674 0.40625 0.3351851999759674 0.4072916805744171 0.3333333432674408
0 0.5479166507720947 0.34074074029922485 0.5489583611488342 0.34259259700775146 0.5677083134651184 0.34259259700775146 0.5687500238418579 0.3444444537162781 0.5708333253860474 0.3444444537162781 0.5687500238418579 0.3444444537162781 0.5677083134651184 0.34259259700775146 0.565625011920929 0.34259259700775146 0.5645833611488342 0.34074074029922485 0.565625011920929 0.33888888359069824 0.5718749761581421 0.33888888359069824 0.5729166865348816 0.34074074029922485 0.578125 0.34074074029922485 0.5791666507720947 0.33888888359069824 0.5958333611488342 0.33888888359069824 0.5895833373069763 0.33888888359069824 0.5885416865348816 0.33703702688217163 0.5843750238418579 0.33703702688217163 0.5833333134651184 0.3351851999759674 0.5802083611488342 0.3351851999759674 0.5791666507720947 0.3333333432674408 0.5802083611488342 0.3314814865589142 0.581250011920929 0.3314814865589142 0.5791666507720947 0.3314814865589142 0.5791666507720947 0.3333333432674408 0.578125 0.3351851999759674 0.5770833492279053 0.3333333432674408 0.5760416388511658 0.3351851999759674 0.574999988079071 0.3351851999759674 0.5739583373069763 0.3333333432674408 0.5729166865348816 0.3351851999759674 0.5718749761581421 0.3333333432674408 0.5708333253860474 0.3333333432674408 0.5697916746139526 0.3314814865589142 0.5687500238418579 0.3333333432674408 0.5635416507720947 0.3333333432674408 0.5625 0.3351851999759674 0.5614583492279053 0.3351851999759674 0.5604166388511658 0.3333333432674408 0.5604166388511658 0.3351851999759674 0.559374988079071 0.33703702688217163 0.5572916865348816 0.33703702688217163 0.5552083253860474 0.34074074029922485
0 0.5395833253860474 0.3592592477798462 0.6468750238418579 0.3499999940395355 0.6541666388511658 0.3592592477798462 0.640625 0.3592592477798462 0.6583333611488342 0.3611111044883728 0.65625 0.3777777850627899 0.6916666626930237 0.3870370388031006 0.6020833253860474 0.5481481552124023 0.6781250238418579 0.6259258985519409 0.5979166626930237 0.9981481432914734 0.9697916507720947 0.9981481432914734 0.871874988079071 0.9018518328666687 0.8614583611488342 0.8611111044883728 0.8760416507720947 0.8333333134651184 0.8489583134651184 0.7555555701255798 0.8833333253860474 0.7314814925193787 0.9989583492279053 0.8018518686294556 0.9989583492279053 0.40740740299224854 0.9885416626930237 0.4037036895751953 0.9989583492279053 0.37962964177131653 0.921875 0.4000000059604645 0.971875011920929 0.4296296238899231 0.9895833134651184 0.46851852536201477 0.9635416865348816 0.5166666507720947 0.9125000238418579 0.5240740776062012 0.8364583253860474 0.4851851761341095 0.8968750238418579 0.4314814805984497 0.8062499761581421 0.39629629254341125 0.918749988079071 0.4018518626689911 0.8541666865348816 0.385185182094574 0.890625 0.3740740716457367 0.8010416626930237 0.3759259283542633 0.7760416865348816 0.35740742087364197 0.7916666865348816 0.3777777850627899 0.7802083492279053 0.37962964177131653 0.7833333611488342 0.39444443583488464 0.7239583134651184 0.3888888955116272 0.7416666746139526 0.3759259283542633 0.7135416865348816 0.364814817905426 0.6656249761581421 0.3777777850627899 0.6885416507720947 0.364814817905426 0.671875 0.35370370745658875 0.690625011920929 0.35185185074806213 0.6343749761581421 0.34074074029922485 0.699999988079071 0.3351851999759674 0.6343749761581421 0.32407405972480774 0.5979166626930237 0.3333333432674408 0.637499988079071 0.3351851999759674 0.606249988079071 0.34074074029922485 0.6229166388511658 0.35370370745658875
0 0.9989583492279053 0.3333333432674408 0.996874988079071 0.3314814865589142 0.9895833134651184 0.3333333432674408 0.9864583611488342 0.3296296298503876 0.9833333492279053 0.3314814865589142 0.9822916388511658 0.3296296298503876 0.9833333492279053 0.32777777314186096 0.981249988079071 0.32592591643333435 0.9822916388511658 0.3203703761100769 0.9802083373069763 0.32592591643333435 0.965624988079071 0.32777777314186096 0.9645833373069763 0.3296296298503876 0.9624999761581421 0.3296296298503876 0.9614583253860474 0.32777777314186096 0.9624999761581421 0.32592591643333435 0.9541666507720947 0.32592591643333435 0.953125 0.32407405972480774 0.9510416388511658 0.32592591643333435 0.9364583492279053 0.32592591643333435 0.9354166388511658 0.3296296298503876 0.9322916865348816 0.3296296298503876 0.9322916865348816 0.3314814865589142 0.9375 0.3333333432674408 0.934374988079071 0.3333333432674408 0.9333333373069763 0.3314814865589142 0.934374988079071 0.3296296298503876 0.9437500238418579 0.3296296298503876 0.9489583373069763 0.33703702688217163 0.9479166865348816 0.33888888359069824 0.9385416507720947 0.33888888359069824 0.9416666626930237 0.3444444537162781 0.9427083134651184 0.3499999940395355 0.9416666626930237 0.35370370745658875 0.9281250238418579 0.3499999940395355 0.9312499761581421 0.35555556416511536 0.9364583492279053 0.35555556416511536 0.9375 0.35740742087364197 0.953125 0.35740742087364197 0.9583333134651184 0.3629629611968994 0.9614583253860474 0.3611111044883728 0.9739583134651184 0.3629629611968994 0.9750000238418579 0.3611111044883728 0.9541666507720947 0.3592592477798462 0.9437500238418579 0.35555556416511536 0.9427083134651184 0.35370370745658875 0.9447916746139526 0.3499999940395355 0.9614583253860474 0.35370370745658875 0.9624999761581421 0.3499999940395355 0.965624988079071 0.3481481373310089 0.9781249761581421 0.3481481373310089 0.9791666865348816 0.3462963104248047 0.9958333373069763 0.3481481373310089 0.9989583492279053 0.3462963104248047 0.9989583492279053 0.33888888359069824 0.9510416388511658 0.33888888359069824 0.9479166865348816 0.3351851999759674 0.9510416388511658 0.32777777314186096 0.9552083611488342 0.32592591643333435 0.965624988079071 0.3296296298503876 0.9677083492279053 0.3333333432674408 0.96875 0.3314814865589142 0.9833333492279053 0.3333333432674408 0.984375 0.3351851999759674
0 0.8197916746139526 0.32407405972480774 0.8343750238418579 0.32407405972480774 0.8354166746139526 0.32592591643333435 0.8395833373069763 0.32592591643333435 0.840624988079071 0.32407405972480774 0.8427083492279053 0.32407405972480774 0.84375 0.3222222328186035 0.846875011920929 0.3222222328186035 0.8479166626930237 0.3203703761100769 0.8500000238418579 0.3203703761100769 0.8510416746139526 0.3222222328186035 0.8531249761581421 0.3222222328186035 0.8531249761581421 0.3203703761100769 0.8520833253860474 0.3203703761100769 0.8510416746139526 0.3222222328186035 0.8500000238418579 0.3203703761100769 0.8458333611488342 0.3203703761100769 0.8447916507720947 0.3222222328186035 0.8427083492279053 0.3222222328186035 0.8416666388511658 0.3203703761100769 0.8354166746139526 0.3203703761100769 0.8343750238418579 0.3222222328186035 0.831250011920929 0.3222222328186035 0.8302083611488342 0.32407405972480774
0 0.9270833134651184 0.31296294927597046 0.9291666746139526 0.31296294927597046 0.9302083253860474 0.31111112236976624 0.9322916865348816 0.31111112236976624 0.9333333373069763 0.3092592656612396 0.9416666626930237 0.3092592656612396 0.9437500238418579 0.3055555522441864 0.9447916746139526 0.3055555522441864 0.9322916865348816 0.3055555522441864 0.9322916865348816 0.3092592656612396 0.9312499761581421 0.31111112236976624 0.9302083253860474 0.31111112236976624 0.9291666746139526 0.31296294927597046
0 0.6927083134651184 0.31481480598449707 0.699999988079071 0.31481480598449707 0.7010416388511658 0.31296294927597046 0.703125 0.31481480598449707 0.706250011920929 0.31481480598449707 0.7072916626930237 0.31296294927597046 0.7083333134651184 0.31481480598449707 0.7177083492279053 0.31481480598449707 0.71875 0.31296294927597046 0.7239583134651184 0.31481480598449707 0.7250000238418579 0.31296294927597046 0.7291666865348816 0.31296294927597046 0.7302083373069763 0.31481480598449707 0.7395833134651184 0.31481480598449707 0.746874988079071 0.3185185194015503 0.7593749761581421 0.3185185194015503 0.7604166865348816 0.3203703761100769 0.784375011920929 0.3203703761100769 0.7854166626930237 0.3222222328186035 0.8020833134651184 0.3222222328186035 0.8041666746139526 0.3203703761100769 0.8052083253860474 0.3222222328186035 0.8177083134651184 0.3222222328186035 0.809374988079071 0.3203703761100769 0.8072916865348816 0.31481480598449707 0.8041666746139526 0.3166666626930237 0.793749988079071 0.3166666626930237 0.7906249761581421 0.31481480598449707 0.7895833253860474 0.3166666626930237 0.7770833373069763 0.3166666626930237 0.7760416865348816 0.3185185194015503 0.7729166746139526 0.3185185194015503 0.7718750238418579 0.3166666626930237 0.7739583253860474 0.31296294927597046 0.7864583134651184 0.3092592656612396 0.7864583134651184 0.307407408952713 0.7854166626930237 0.3092592656612396 0.7822916507720947 0.3092592656612396 0.78125 0.307407408952713 0.7822916507720947 0.3055555522441864 0.78125 0.307407408952713 0.7770833373069763 0.307407408952713 0.7760416865348816 0.31111112236976624 0.7645833492279053 0.31111112236976624 0.7635416388511658 0.3092592656612396 0.7593749761581421 0.3092592656612396 0.7583333253860474 0.307407408952713 0.7593749761581421 0.3055555522441864 0.7572916746139526 0.3092592656612396 0.7510416507720947 0.307407408952713 0.7520833611488342 0.3092592656612396 0.7697916626930237 0.31111112236976624 0.7708333134651184 0.31296294927597046 0.7697916626930237 0.31481480598449707 0.7583333253860474 0.31481480598449707 0.7572916746139526 0.3166666626930237 0.753125011920929 0.3166666626930237 0.7520833611488342 0.31481480598449707 0.7489583492279053 0.3166666626930237 0.7458333373069763 0.31296294927597046 0.7489583492279053 0.3092592656612396 0.7489583492279053 0.307407408952713 0.746874988079071 0.3055555522441864 0.7458333373069763 0.3092592656612396 0.7395833134651184 0.3092592656612396 0.737500011920929 0.31111112236976624 0.7395833134651184 0.31111112236976624 0.7406250238418579 0.31296294927597046 0.7395833134651184 0.31481480598449707 0.7239583134651184 0.31296294927597046 0.7166666388511658 0.307407408952713 0.7072916626930237 0.3092592656612396 0.706250011920929 0.31111112236976624 0.699999988079071 0.31111112236976624
1 0.9302083253860474 0.7648147940635681 0.9312499761581421 0.7648147940635681 0.9333333373069763 0.7685185074806213 0.9364583492279053 0.770370364189148 0.9385416507720947 0.7740740776062012 0.9416666626930237 0.7759259343147278 0.9437500238418579 0.779629647731781 0.9479166865348816 0.7833333611488342 0.956250011920929 0.7962962985038757 0.9572916626930237 0.7962962985038757 0.9604166746139526 0.8018518686294556 0.9614583253860474 0.8018518686294556 0.9666666388511658 0.8092592358589172 0.971875011920929 0.8129629492759705 0.9833333492279053 0.8314814567565918 0.9833333492279053 0.835185170173645 0.9802083373069763 0.8407407402992249 0.9791666865348816 0.8407407402992249 0.9791666865348816 0.8444444537162781 0.9781249761581421 0.8462963104248047 0.9781249761581421 0.8518518805503845 0.9760416746139526 0.855555534362793 0.9750000238418579 0.8611111044883728 0.9770833253860474 0.864814817905426 0.9822916388511658 0.8685185313224792 0.9864583611488342 0.8759258985519409 0.996874988079071 0.8833333253860474 0.9979166388511658 0.885185182094574 0.9979166388511658 0.8888888955116272 0.9989583492279053 0.8888888955116272 0.9989583492279053 0.8037037253379822 0.9947916865348816 0.8037037253379822 0.9885416626930237 0.7981481552124023 0.9864583611488342 0.800000011920929 0.9781249761581421 0.7925925850868225 0.9760416746139526 0.7944444417953491 0.96875 0.7870370149612427 0.9666666388511658 0.7870370149612427 0.9645833373069763 0.7833333611488342 0.9583333134651184 0.7777777910232544 0.956250011920929 0.779629647731781 0.9552083611488342 0.7777777910232544 0.9520833492279053 0.7777777910232544 0.9510416388511658 0.7759259343147278 0.9468749761581421 0.7759259343147278 0.9395833611488342 0.7685185074806213 0.9375 0.770370364189148 0.9364583492279053 0.7685185074806213 0.934374988079071 0.7685185074806213
1 0.671875 0.6425926089286804 0.6708333492279053 0.6425926089286804 0.6697916388511658 0.6407407522201538 0.6666666865348816 0.6407407522201538 0.6656249761581421 0.6388888955116272 0.6645833253860474 0.6407407522201538 0.659375011920929 0.6407407522201538 0.6614583134651184 0.644444465637207 0.6614583134651184 0.6462963223457336 0.6625000238418579 0.6462963223457336 0.6635416746139526 0.6481481194496155 0.6635416746139526 0.6518518328666687 0.6625000238418579 0.6537036895751953 0.6625000238418579 0.6574074029922485 0.6614583134651184 0.6592592597007751 0.6625000238418579 0.6611111164093018 0.6614583134651184 0.6629629731178284 0.6625000238418579 0.664814829826355 0.6625000238418579 0.6666666865348816 0.6614583134651184 0.6685185432434082 0.6645833253860474 0.6685185432434082 0.6666666865348816 0.664814829826355 0.6677083373069763 0.664814829826355 0.668749988079071 0.6629629731178284 0.6697916388511658 0.6629629731178284 0.668749988079071 0.6611111164093018 0.6697916388511658 0.6592592597007751 0.6697916388511658 0.6555555462837219 0.6708333492279053 0.6537036895751953 0.6708333492279053 0.6499999761581421 0.671875 0.6481481194496155 0.671875 0.6462963223457336 0.6729166507720947 0.644444465637207
1 0.8427083492279053 0.5925925970077515 0.8479166626930237 0.5944444537162781 0.8541666865348816 0.6000000238418579 0.8572916388511658 0.6000000238418579 0.8583333492279053 0.6018518805503845 0.8614583611488342 0.6018518805503845 0.862500011920929 0.6037036776542664 0.8645833134651184 0.6037036776542664 0.8656250238418579 0.605555534362793 0.8697916865348816 0.605555534362793 0.8708333373069763 0.6074073910713196 0.878125011920929 0.6074073910713196 0.8791666626930237 0.6092592477798462 0.8895833492279053 0.6092592477798462 0.890625 0.6111111044883728 0.9020833373069763 0.6111111044883728 0.903124988079071 0.6129629611968994 0.909375011920929 0.6129629611968994 0.9104166626930237 0.614814817905426 0.9145833253860474 0.614814817905426 0.9156249761581421 0.6166666746139526 0.9239583611488342 0.6166666746139526 0.925000011920929 0.6185185313224792 0.9322916865348816 0.6185185313224792 0.9333333373069763 0.6203703880310059 0.9385416507720947 0.6203703880310059 0.9395833611488342 0.6222222447395325 0.9447916746139526 0.6222222447395325 0.9458333253860474 0.6240741014480591 0.9593750238418579 0.6259258985519409 0.956250011920929 0.6259258985519409 0.9552083611488342 0.6240741014480591 0.9520833492279053 0.6240741014480591 0.9510416388511658 0.6222222447395325 0.9489583373069763 0.6222222447395325 0.9479166865348816 0.6203703880310059 0.9458333253860474 0.6203703880310059 0.9416666626930237 0.6166666746139526 0.934374988079071 0.614814817905426 0.9291666746139526 0.6092592477798462 0.9270833134651184 0.6092592477798462 0.9260416626930237 0.6074073910713196 0.9229166507720947 0.6074073910713196 0.921875 0.605555534362793 0.9197916388511658 0.605555534362793 0.918749988079071 0.6037036776542664 0.9166666865348816 0.6037036776542664 0.9125000238418579 0.6000000238418579 0.909375011920929 0.6000000238418579 0.903124988079071 0.5944444537162781 0.8999999761581421 0.5944444537162781 0.8989583253860474 0.5925925970077515 0.8968750238418579 0.5925925970077515 0.8927083611488342 0.5888888835906982 0.8895833492279053 0.5888888835906982 0.8885416388511658 0.5870370268821716 0.8822916746139526 0.5870370268821716 0.8812500238418579 0.585185170173645 0.8802083134651184 0.5870370268821716 0.8791666626930237 0.585185170173645 0.8770833611488342 0.5870370268821716 0.8760416507720947 0.585185170173645 0.8729166388511658 0.585185170173645 0.871874988079071 0.5833333134651184 0.8697916865348816 0.585185170173645 0.8677083253860474 0.5833333134651184 0.8666666746139526 0.585185170173645 0.8645833134651184 0.5833333134651184 0.8572916388511658 0.5833333134651184 0.856249988079071 0.585185170173645 0.8541666865348816 0.585185170173645 0.8520833253860474 0.5888888835906982
1 0.203125 0.4055555462837219 0.20000000298023224 0.4018518626689911 0.19062499701976776 0.4018518626689911 0.18958333134651184 0.4037036895751953 0.18125000596046448 0.4037036895751953 0.18020834028720856 0.4055555462837219 0.17291666567325592 0.4055555462837219 0.171875 0.40740740299224854 0.16458334028720856 0.40740740299224854 0.16354165971279144 0.40925925970077515 0.15520833432674408 0.40925925970077515 0.15416666865348816 0.41111111640930176 0.15000000596046448 0.41111111640930176 0.15000000596046448 0.4148148000240326 0.14895834028720856 0.4166666567325592 0.14895834028720856 0.42222222685813904 0.14791665971279144 0.42407408356666565 0.15625 0.42407408356666565 0.15729166567325592 0.42592594027519226 0.15625 0.4277777671813965 0.15000000596046448 0.4277777671813965 0.14895834028720856 0.4296296238899231 0.14791665971279144 0.4296296238899231 0.14687499403953552 0.4314814805984497 0.14687499403953552 0.4333333373069763 0.14791665971279144 0.4333333373069763 0.14895834028720856 0.4314814805984497 0.15416666865348816 0.4314814805984497 0.15833333134651184 0.42592594027519226 0.17916665971279144 0.42592594027519226 0.18020834028720856 0.42407408356666565 0.19479165971279144 0.42407408356666565 0.19895833730697632 0.4166666567325592 0.19895833730697632 0.4148148000240326 0.20104166865348816 0.41111111640930176 0.17499999701976776 0.41111111640930176 0.17395833134651184 0.41296297311782837 0.17083333432674408 0.41296297311782837 0.16875000298023224 0.40925925970077515 0.16979166865348816 0.40740740299224854 0.19062499701976776 0.40740740299224854 0.19166666269302368 0.4055555462837219 0.1927083283662796 0.40740740299224854 0.203125 0.40740740299224854
1 0.6656249761581421 0.49444442987442017 0.675000011920929 0.5055555701255798 0.6916666626930237 0.5166666507720947 0.7135416865348816 0.5240740776062012 0.715624988079071 0.5222222208976746 0.7239583134651184 0.5240740776062012 0.7333333492279053 0.520370364189148 0.7479166388511658 0.5222222208976746 0.753125011920929 0.5185185074806213 0.7562500238418579 0.520370364189148 0.7604166865348816 0.5166666507720947 0.7635416388511658 0.5185185074806213 0.7760416865348816 0.5129629373550415 0.7770833373069763 0.5092592835426331 0.7822916507720947 0.5092592835426331 0.7854166626930237 0.5055555701255798 0.7895833253860474 0.5074074268341064 0.7958333492279053 0.5 0.796875 0.5018518567085266 0.8083333373069763 0.49259260296821594 0.809374988079071 0.4888888895511627 0.8062499761581421 0.4833333194255829 0.7958333492279053 0.47592592239379883 0.8010416626930237 0.4703703820705414 0.7947916388511658 0.46296295523643494 0.8010416626930237 0.4574074149131775 0.7979166507720947 0.4462963044643402 0.7989583611488342 0.4444444477558136 0.7979166507720947 0.43888887763023376 0.7906249761581421 0.42222222685813904 0.7864583134651184 0.4037036895751953 0.7822916507720947 0.4018518626689911 0.7677083611488342 0.4055555462837219 0.737500011920929 0.4000000059604645 0.7135416865348816 0.4000000059604645 0.7114583253860474 0.4018518626689911 0.7114583253860474 0.4055555462837219 0.7145833373069763 0.40925925970077515 0.7395833134651184 0.42222222685813904 0.75 0.42407408356666565 0.768750011920929 0.43518519401550293 0.7708333134651184 0.4407407343387604 0.7489583492279053 0.4481481611728668 0.7395833134651184 0.4481481611728668 0.7281249761581421 0.4574074149131775 0.7270833253860474 0.4611110985279083 0.7239583134651184 0.4611110985279083 0.7260416746139526 0.46296295523643494 0.7239583134651184 0.46666666865348816 0.7197916507720947 0.46481481194496155 0.7124999761581421 0.4722222089767456 0.6916666626930237 0.47777777910232544 0.6781250238418579 0.4851851761341095 0.6677083373069763 0.4870370328426361
1 0.22187499701976776 0.364814817905426 0.19374999403953552 0.3759259283542633 0.16562500596046448 0.3777777850627899 0.16041666269302368 0.38333332538604736 0.11145833134651184 0.3722222149372101 0.10000000149011612 0.3722222149372101 0.05937499925494194 0.385185182094574 0.05937499925494194 0.38148146867752075 0.05312500149011612 0.3777777850627899 0.010416666977107525 0.37962964177131653 0.0 0.385185182094574 0.0 0.39629629254341125 0.02187499962747097 0.3907407522201538 0.0364583320915699 0.3907407522201538 0.04374999925494194 0.39629629254341125 0.0 0.4018518626689911 0.0 0.41111111640930176 0.01875000074505806 0.40740740299224854 0.03333333507180214 0.41111111640930176 0.02708333358168602 0.4166666567325592 0.01770833320915699 0.4166666567325592 0.01770833320915699 0.42222222685813904 0.01145833358168602 0.42222222685813904 0.02916666679084301 0.4203703701496124 0.02916666679084301 0.42407408356666565 0.02395833283662796 0.4277777671813965 0.010416666977107525 0.4296296238899231 0.0031250000465661287 0.43518519401550293 0.0 0.4296296238899231 0.0 0.4407407343387604 0.010416666977107525 0.43888887763023376 0.014583333395421505 0.4444444477558136 0.0 0.4481481611728668 0.0 0.4555555582046509 0.03437500074505806 0.4462963044643402 0.06875000149011612 0.4444444477558136 0.06666667014360428 0.442592591047287 0.0677083358168602 0.43888887763023376 0.09479166567325592 0.42592594027519226 0.09270833432674408 0.42407408356666565 0.09375 0.4203703701496124 0.10104166716337204 0.4203703701496124 0.09583333134651184 0.4148148000240326 0.09270833432674408 0.4166666567325592 0.09166666865348816 0.41296297311782837 0.09479166567325592 0.40925925970077515 0.1302083283662796 0.40740740299224854 0.18437500298023224 0.3888888955116272 0.21145834028720856 0.3907407522201538
1 0.31562501192092896 0.35740742087364197 0.3125 0.35740742087364197 0.3114583194255829 0.35555556416511536 0.30416667461395264 0.35555556416511536 0.3031249940395355 0.35740742087364197 0.29479166865348816 0.35740742087364197 0.29374998807907104 0.3592592477798462 0.2906250059604645 0.3592592477798462 0.2916666567325592 0.3611111044883728 0.2927083373069763 0.3611111044883728 0.29374998807907104 0.3592592477798462 0.2958333194255829 0.3592592477798462 0.296875 0.35740742087364197 0.2979166805744171 0.35740742087364197 0.29895833134651184 0.3592592477798462 0.30937498807907104 0.3592592477798462 0.31041666865348816 0.35740742087364197
1 0.690625011920929 0.3870370388031006 0.65625 0.37962964177131653 0.6583333611488342 0.3629629611968994 0.6395833492279053 0.3592592477798462 0.6468750238418579 0.35185185074806213 0.5760416388511658 0.35740742087364197 0.6052083373069763 0.3722222149372101 0.4739583432674408 0.35370370745658875 0.4104166626930237 0.37962964177131653 0.5510416626930237 0.37037035822868347 0.4885416626930237 0.3907407522201538 0.5416666865348816 0.40740740299224854 0.4781250059604645 0.45185184478759766 0.4281249940395355 0.40740740299224854 0.34583333134651184 0.4037036895751953 0.0 0.5092592835426331 0.0031250000465661287 0.5240740776062012 0.17083333432674408 0.49074074625968933 0.11770833283662796 0.529629647731781 0.0 0.5537037253379822 0.0 0.5925925970077515 0.10312499850988388 0.5703703761100769 0.02395833283662796 0.6129629611968994 0.0 0.6388888955116272 0.0 0.6703703999519348 0.18333333730697632 0.5759259462356567 0.0 0.6944444179534912 0.0 0.7851851582527161 0.10625000298023224 0.6592592597007751 0.1927083283662796 0.6259258985519409 0.10104166716337204 0.6814814805984497 0.21250000596046448 0.6296296119689941 0.23229166865348816 0.6518518328666687 0.2854166626930237 0.6407407522201538 0.3583333194255829 0.5703703761100769 0.41979166865348816 0.5685185194015503 0.43020832538604736 0.5537037253379822 0.4229166805744171 0.5370370149612427 0.46562498807907104 0.4962962865829468 0.5104166865348816 0.520370364189148 0.546875 0.5 0.609375 0.5370370149612427
1 0.6416666507720947 0.3351851999759674 0.6385416388511658 0.3351851999759674 0.637499988079071 0.33703702688217163 0.6343749761581421 0.33703702688217163 0.6333333253860474 0.33888888359069824 0.606249988079071 0.33888888359069824 0.6052083373069763 0.33703702688217163 0.5979166626930237 0.33703702688217163 0.5958333611488342 0.34074074029922485 0.5791666507720947 0.34074074029922485 0.578125 0.34259259700775146 0.574999988079071 0.34259259700775146 0.5708333253860474 0.3462963104248047 0.5687500238418579 0.3462963104248047 0.5677083134651184 0.3444444537162781 0.5489583611488342 0.3444444537162781 0.5479166507720947 0.34259259700775146 0.5364583134651184 0.34259259700775146 0.5354166626930237 0.34074074029922485 0.528124988079071 0.34074074029922485 0.5302083492279053 0.34259259700775146 0.5333333611488342 0.34259259700775146 0.5375000238418579 0.3462963104248047 0.5447916388511658 0.3481481373310089 0.5458333492279053 0.3499999940395355 0.559374988079071 0.3499999940395355 0.5604166388511658 0.3481481373310089 0.5677083134651184 0.3481481373310089 0.5687500238418579 0.3462963104248047 0.574999988079071 0.3462963104248047 0.5760416388511658 0.3444444537162781 0.5770833492279053 0.3462963104248047 0.578125 0.3444444537162781 0.6041666865348816 0.3444444537162781 0.6052083373069763 0.3462963104248047 0.609375 0.3462963104248047 0.6104166507720947 0.3481481373310089 0.6083333492279053 0.3499999940395355 0.6104166507720947 0.3499999940395355 0.6114583611488342 0.3462963104248047 0.6135416626930237 0.35185185074806213 0.6229166388511658 0.35185185074806213 0.6197916865348816 0.35185185074806213 0.6187499761581421 0.3499999940395355 0.6135416626930237 0.3499999940395355 0.612500011920929 0.3481481373310089 0.6135416626930237 0.3462963104248047 0.609375 0.3444444537162781 0.6083333492279053 0.34259259700775146 0.609375 0.34074074029922485 0.6187499761581421 0.34074074029922485 0.6197916865348816 0.34259259700775146 0.6260416507720947 0.34259259700775146 0.6270833611488342 0.34074074029922485 0.6354166865348816 0.33888888359069824 0.6385416388511658 0.3351851999759674
1 0.9197916388511658 0.3333333432674408 0.925000011920929 0.3333333432674408 0.9270833134651184 0.33703702688217163 0.9322916865348816 0.33703702688217163 0.9333333373069763 0.33888888359069824 0.934374988079071 0.33888888359069824 0.9354166388511658 0.34074074029922485 0.934374988079071 0.34259259700775146 0.9312499761581421 0.34259259700775146 0.9302083253860474 0.34074074029922485 0.9239583611488342 0.34074074029922485 0.9239583611488342 0.34259259700775146 0.9260416626930237 0.3462963104248047 0.9260416626930237 0.3481481373310089 0.9291666746139526 0.3481481373310089 0.9302083253860474 0.3499999940395355 0.9385416507720947 0.3499999940395355 0.9395833611488342 0.35185185074806213 0.9416666626930237 0.35185185074806213 0.9416666626930237 0.3499999940395355 0.940625011920929 0.3481481373310089 0.940625011920929 0.3444444537162781 0.9395833611488342 0.34259259700775146 0.9395833611488342 0.34074074029922485 0.9385416507720947 0.34074074029922485 0.9375 0.33888888359069824 0.9364583492279053 0.33888888359069824 0.934374988079071 0.3351851999759674 0.9302083253860474 0.3351851999759674 0.9291666746139526 0.3333333432674408 0.9260416626930237 0.3333333432674408 0.925000011920929 0.3314814865589142 0.9208333492279053 0.3314814865589142
1 0.5895833373069763 0.32592591643333435 0.5760416388511658 0.32592591643333435 0.574999988079071 0.32407405972480774 0.5666666626930237 0.32407405972480774 0.565625011920929 0.3222222328186035 0.5458333492279053 0.3222222328186035 0.5447916388511658 0.32407405972480774 0.5406249761581421 0.32407405972480774 0.5395833253860474 0.32592591643333435 0.5354166626930237 0.32592591643333435 0.534375011920929 0.32407405972480774 0.5322916507720947 0.32407405972480774 0.53125 0.32592591643333435 0.5229166746139526 0.32592591643333435 0.5218750238418579 0.32777777314186096 0.5114583373069763 0.32777777314186096 0.5104166865348816 0.3296296298503876 0.503125011920929 0.3296296298503876 0.5020833611488342 0.3314814865589142 0.5010416507720947 0.3314814865589142 0.5 0.3296296298503876 0.5 0.3314814865589142 0.5041666626930237 0.3314814865589142 0.5052083134651184 0.3333333432674408 0.5062500238418579 0.3314814865589142 0.5364583134651184 0.3314814865589142 0.5375000238418579 0.3296296298503876 0.5385416746139526 0.3296296298503876 0.5395833253860474 0.3314814865589142 0.5427083373069763 0.3314814865589142 0.543749988079071 0.3333333432674408 0.5447916388511658 0.3314814865589142 0.546875 0.3314814865589142 0.5489583611488342 0.32777777314186096 0.5520833134651184 0.32777777314186096 0.5541666746139526 0.32407405972480774 0.5552083253860474 0.32407405972480774 0.5562499761581421 0.32592591643333435 0.559374988079071 0.32592591643333435 0.5604166388511658 0.32777777314186096 0.5625 0.32777777314186096 0.5635416507720947 0.3296296298503876 0.578125 0.3296296298503876 0.5791666507720947 0.32777777314186096 0.5874999761581421 0.32777777314186096 0.5885416865348816 0.32592591643333435
1 0.6354166865348816 0.3203703761100769 0.6385416388511658 0.3203703761100769 0.6395833492279053 0.3222222328186035 0.6416666507720947 0.3222222328186035 0.6427083611488342 0.32407405972480774 0.6458333134651184 0.32407405972480774 0.6468750238418579 0.32592591643333435 0.6458333134651184 0.32777777314186096 0.6625000238418579 0.32777777314186096 0.6635416746139526 0.32592591643333435 0.6625000238418579 0.32407405972480774 0.6614583134651184 0.32407405972480774 0.6604166626930237 0.3222222328186035 0.653124988079071 0.3222222328186035 0.6520833373069763 0.3203703761100769 0.6510416865348816 0.3203703761100769 0.6499999761581421 0.3222222328186035 0.6458333134651184 0.3222222328186035 0.6447916626930237 0.3203703761100769
1 0.6343749761581421 0.34259259700775146 0.690625011920929 0.3499999940395355 0.6708333492279053 0.35370370745658875 0.6895833611488342 0.364814817905426 0.6656249761581421 0.3759259283542633 0.706250011920929 0.3740740716457367 0.703125 0.364814817905426 0.7416666746139526 0.3740740716457367 0.7364583611488342 0.3777777850627899 0.7447916865348816 0.3870370388031006 0.7302083373069763 0.385185182094574 0.7833333611488342 0.39259257912635803 0.78125 0.3759259283542633 0.7927083373069763 0.37962964177131653 0.7760416865348816 0.36666667461395264 0.7760416865348816 0.35555556416511536 0.8010416626930237 0.3740740716457367 0.824999988079071 0.3629629611968994 0.890625 0.3722222149372101 0.8812500238418579 0.3759259283542633 0.8843749761581421 0.38148146867752075 0.8541666865348816 0.38333332538604736 0.9125000238418579 0.39444443583488464 0.918749988079071 0.4037036895751953 0.8072916865348816 0.39629629254341125 0.8968750238418579 0.4296296238899231 0.8760416507720947 0.442592591047287 0.871874988079071 0.4555555582046509 0.8760416507720947 0.4592592716217041 0.8374999761581421 0.4851851761341095 0.9125000238418579 0.5222222208976746 0.9635416865348816 0.5148147940635681 0.9791666865348816 0.4981481432914734 0.9885416626930237 0.46851852536201477 0.971875011920929 0.4314814805984497 0.921875 0.39814814925193787 0.9854166507720947 0.3888888955116272 0.9989583492279053 0.3777777850627899 0.9958333373069763 0.35740742087364197 0.8510416746139526 0.35740742087364197 0.8302083611488342 0.34074074029922485 0.84375 0.32592591643333435 0.7302083373069763 0.3166666626930237 0.7395833134651184 0.31296294927597046 0.6875 0.32407405972480774 0.6979166865348816 0.3351851999759674
2 0.8510416746139526 0.7481481432914734 0.8500000238418579 0.7555555701255798 0.8520833253860474 0.7648147940635681 0.8687499761581421 0.7925925850868225 0.8770833611488342 0.8333333134651184 0.875 0.8444444537162781 0.8760416507720947 0.8537036776542664 0.871874988079071 0.8592592477798462 0.862500011920929 0.8611111044883728 0.862500011920929 0.8777777552604675 0.8729166388511658 0.9018518328666687 0.8864583373069763 0.9222221970558167 0.9020833373069763 0.9333333373069763 0.9177083373069763 0.9518518447875977 0.9645833373069763 0.9962962865829468 0.9729166626930237 0.9981481432914734 0.9760416746139526 0.9907407164573669 0.9781249761581421 0.9907407164573669 0.9760416746139526 0.9814814925193787 0.9468749761581421 0.9314814805984497 0.9489583373069763 0.9277777671813965 0.9614583253860474 0.9277777671813965 0.9541666507720947 0.9092592597007751 0.9156249761581421 0.8592592477798462 0.9239583611488342 0.8574073910713196 0.9375 0.864814817905426 0.9510416388511658 0.8666666746139526 0.9708333611488342 0.8629629611968994 0.9770833253860474 0.8518518805503845 0.9781249761581421 0.8407407402992249 0.9822916388511658 0.835185170173645 0.9822916388511658 0.8314814567565918 0.971875011920929 0.8148148059844971 0.9312499761581421 0.7666666507720947 0.9052083492279053 0.7518518567085266 0.8927083611488342 0.7388888597488403 0.8791666626930237 0.7370370626449585 0.878125011920929 0.7388888597488403 0.8812500238418579 0.7425925731658936 0.8791666626930237 0.7481481432914734 0.8729166388511658 0.7481481432914734 0.8604166507720947 0.7555555701255798 0.8572916388511658 0.7518518567085266 0.8541666865348816 0.7537037134170532
2 0.6760416626930237 0.6277777552604675 0.6010416746139526 0.5481481552124023 0.6072916388511658 0.5388888716697693 0.5947916507720947 0.5277777910232544 0.559374988079071 0.5222222208976746 0.546875 0.5018518567085266 0.5104166865348816 0.5222222208976746 0.46562498807907104 0.4981481432914734 0.4229166805744171 0.5388888716697693 0.4312500059604645 0.5537037253379822 0.41979166865348816 0.5703703761100769 0.4052083194255829 0.5777778029441833 0.39270833134651184 0.5611110925674438 0.3583333194255829 0.5722222328186035 0.3322916626930237 0.5925925970077515 0.3239583373069763 0.6185185313224792 0.2854166626930237 0.6425926089286804 0.23229166865348816 0.6537036895751953 0.21250000596046448 0.6314814686775208 0.15833333134651184 0.6574074029922485 0.16249999403953552 0.644444465637207 0.12812499701976776 0.664814829826355 0.1927083283662796 0.6277777552604675 0.109375 0.6592592597007751 0.0 0.7870370149612427 0.0 0.9981481432914734 0.596875011920929 0.9981481432914734 0.6677083373069763 0.6666666865348816 0.6604166626930237 0.6685185432434082 0.6583333611488342 0.6407407522201538 0.6729166507720947 0.6425926089286804
2 0.5166666507720947 0.49444442987442017 0.5260416865348816 0.49444442987442017 0.5270833373069763 0.49259260296821594 0.528124988079071 0.49259260296821594 0.5270833373069763 0.49259260296821594 0.5260416865348816 0.49074074625968933 0.5229166746139526 0.49074074625968933 0.5218750238418579 0.4888888895511627 0.5208333134651184 0.4888888895511627 0.5197916626930237 0.4870370328426361 0.5177083611488342 0.4870370328426361 0.5177083611488342 0.49074074625968933 0.5166666507720947 0.49259260296821594
2 0.5166666507720947 0.4833333194255829 0.515625 0.48148149251937866 0.515625 0.47777777910232544 0.5135416388511658 0.47777777910232544 0.512499988079071 0.47962963581085205 0.5104166865348816 0.47962963581085205 0.5093749761581421 0.48148149251937866 0.5062500238418579 0.48148149251937866 0.5052083134651184 0.47962963581085205 0.5010416507720947 0.47962963581085205 0.5 0.47777777910232544 0.49791666865348816 0.48148149251937866 0.4947916567325592 0.48148149251937866 0.4937500059604645 0.4833333194255829 0.49166667461395264 0.4833333194255829 0.4906249940395355 0.4851851761341095 0.48750001192092896 0.4851851761341095 0.48645833134651184 0.4870370328426361 0.484375 0.4870370328426361 0.4833333194255829 0.4888888895511627 0.48229166865348816 0.4888888895511627 0.48229166865348816 0.49074074625968933 0.48750001192092896 0.49074074625968933 0.4885416626930237 0.4888888895511627 0.49166667461395264 0.4888888895511627 0.49270832538604736 0.4870370328426361 0.49687498807907104 0.4870370328426361 0.49791666865348816 0.4851851761341095 0.5010416507720947 0.4851851761341095 0.5020833611488342 0.4833333194255829 0.5093749761581421 0.4833333194255829 0.5104166865348816 0.48148149251937866 0.5145833492279053 0.48148149251937866 0.515625 0.4833333194255829
2 0.796875 0.4611110985279083 0.7958333492279053 0.46296295523643494 0.796875 0.46481481194496155 0.7979166507720947 0.46481481194496155 0.800000011920929 0.46851852536201477 0.8010416626930237 0.46851852536201477 0.8020833134651184 0.4703703820705414 0.8020833134651184 0.4722222089767456 0.8010416626930237 0.4740740656852722 0.800000011920929 0.4740740656852722 0.7989583611488342 0.47592592239379883 0.796875 0.47592592239379883 0.7979166507720947 0.47592592239379883 0.7989583611488342 0.47777777910232544 0.800000011920929 0.47777777910232544 0.8010416626930237 0.47962963581085205 0.8031250238418579 0.47962963581085205 0.8041666746139526 0.48148149251937866 0.8062499761581421 0.48148149251937866 0.8062499761581421 0.47962963581085205 0.8052083253860474 0.47777777910232544 0.8052083253860474 0.47592592239379883 0.8041666746139526 0.4740740656852722 0.8041666746139526 0.4703703820705414 0.8031250238418579 0.4703703820705414 0.8020833134651184 0.46851852536201477 0.8020833134651184 0.46481481194496155 0.8010416626930237 0.46296295523643494 0.8010416626930237 0.4611110985279083
2 0.04270833358168602 0.39629629254341125 0.03854166716337204 0.39629629254341125 0.03750000149011612 0.39444443583488464 0.03854166716337204 0.39259257912635803 0.04062499850988388 0.39259257912635803 0.03854166716337204 0.39259257912635803 0.03750000149011612 0.39444443583488464 0.0364583320915699 0.39259257912635803 0.02500000037252903 0.39259257912635803 0.02395833283662796 0.39444443583488464 0.02291666716337204 0.39259257912635803 0.02187499962747097 0.39259257912635803 0.02083333395421505 0.39444443583488464 0.012500000186264515 0.39444443583488464 0.01145833358168602 0.39629629254341125 0.0052083334885537624 0.39629629254341125 0.004166666883975267 0.39814814925193787 0.0 0.39814814925193787 0.0 0.4000000059604645 0.0020833334419876337 0.4000000059604645 0.0031250000465661287 0.39814814925193787 0.00937500037252903 0.39814814925193787 0.010416666977107525 0.4000000059604645 0.012500000186264515 0.4000000059604645 0.01354166679084301 0.39814814925193787 0.014583333395421505 0.4000000059604645 0.01875000074505806 0.4000000059604645 0.01979166641831398 0.39814814925193787 0.02812499925494194 0.39814814925193787 0.02916666679084301 0.39629629254341125 0.03125 0.39629629254341125 0.03229166567325592 0.39814814925193787 0.03333333507180214 0.39814814925193787 0.03437500074505806 0.39629629254341125
2 0.5625 0.364814817905426 0.5687500238418579 0.364814817905426 0.5697916746139526 0.3629629611968994 0.5739583373069763 0.3629629611968994 0.574999988079071 0.364814817905426 0.5739583373069763 0.36666667461395264 0.5708333253860474 0.36666667461395264 0.5885416865348816 0.36666667461395264 0.5895833373069763 0.36851853132247925 0.5916666388511658 0.36851853132247925 0.5927083492279053 0.37037035822868347 0.59375 0.37037035822868347 0.5947916507720947 0.36851853132247925 0.5979166626930237 0.36851853132247925 0.5989583134651184 0.37037035822868347 0.6052083373069763 0.37037035822868347 0.606249988079071 0.36851853132247925 0.6010416746139526 0.36851853132247925 0.6000000238418579 0.36666667461395264 0.596875011920929 0.36666667461395264 0.5958333611488342 0.364814817905426 0.59375 0.364814817905426 0.5927083492279053 0.3629629611968994 0.5916666388511658 0.3629629611968994 0.590624988079071 0.364814817905426 0.5895833373069763 0.3629629611968994 0.5802083611488342 0.3629629611968994 0.5791666507720947 0.3611111044883728 0.5760416388511658 0.3611111044883728 0.574999988079071 0.3629629611968994 0.5645833611488342 0.3629629611968994 0.5635416507720947 0.364814817905426
2 0.3968749940395355 0.3629629611968994 0.39895832538604736 0.3629629611968994 0.4000000059604645 0.3611111044883728 0.4114583432674408 0.3611111044883728 0.41458332538604736 0.36666667461395264 0.41458332538604736 0.37037035822868347 0.4156250059604645 0.37037035822868347 0.41874998807907104 0.36666667461395264 0.41979166865348816 0.36666667461395264 0.4208333194255829 0.36851853132247925 0.42395833134651184 0.36851853132247925 0.42500001192092896 0.36666667461395264 0.42916667461395264 0.36666667461395264 0.43020832538604736 0.364814817905426 0.4333333373069763 0.364814817905426 0.43437498807907104 0.3629629611968994 0.4375 0.3629629611968994 0.4385416805744171 0.3611111044883728 0.44479167461395264 0.3611111044883728 0.44583332538604736 0.3592592477798462 0.45104166865348816 0.3592592477798462 0.4520833194255829 0.3611111044883728 0.453125 0.3592592477798462 0.4541666805744171 0.3592592477798462 0.453125 0.3592592477798462 0.4520833194255829 0.35740742087364197 0.43958333134651184 0.35740742087364197 0.4385416805744171 0.3592592477798462 0.4375 0.35740742087364197 0.4364583194255829 0.35740742087364197 0.43541666865348816 0.3592592477798462 0.43437498807907104 0.3592592477798462 0.4333333373069763 0.35740742087364197 0.4322916567325592 0.35740742087364197 0.4312500059604645 0.3592592477798462 0.41874998807907104 0.3592592477798462 0.4177083373069763 0.3611111044883728 0.41458332538604736 0.3611111044883728 0.41354167461395264 0.3592592477798462 0.41458332538604736 0.35740742087364197 0.4156250059604645 0.35740742087364197 0.4114583432674408 0.35740742087364197 0.4104166626930237 0.35555556416511536 0.4104166626930237 0.35370370745658875 0.4114583432674408 0.35185185074806213 0.4124999940395355 0.35370370745658875 0.41354167461395264 0.35185185074806213 0.41874998807907104 0.35185185074806213 0.4114583432674408 0.35185185074806213 0.4104166626930237 0.35370370745658875 0.40416666865348816 0.35370370745658875 0.4052083194255829 0.35370370745658875 0.40625 0.35555556416511536 0.4052083194255829 0.35740742087364197 0.4010416567325592 0.35740742087364197 0.4000000059604645 0.3592592477798462 0.39895832538604736 0.35740742087364197 0.39791667461395264 0.3592592477798462 0.39895832538604736 0.3611111044883728 0.39791667461395264 0.3629629611968994
2 0.9354166388511658 0.3351851999759674 0.9364583492279053 0.33703702688217163 0.9479166865348816 0.33703702688217163 0.9489583373069763 0.3351851999759674 0.9510416388511658 0.3351851999759674 0.9520833492279053 0.33703702688217163 0.9885416626930237 0.33703702688217163 0.987500011920929 0.3351851999759674 0.9864583611488342 0.33703702688217163 0.984375 0.33703702688217163 0.9833333492279053 0.3351851999759674 0.9677083492279053 0.3351851999759674 0.9666666388511658 0.3333333432674408 0.9489583373069763 0.3333333432674408 0.9489583373069763 0.3351851999759674 0.9479166865348816 0.33703702688217163 0.9427083134651184 0.33703702688217163 0.9416666626930237 0.3351851999759674
2 0.5020833611488342 0.3722222149372101 0.3385416567325592 0.38148146867752075 0.25833332538604736 0.3611111044883728 0.2552083432674408 0.35555556416511536 0.2854166626930237 0.3481481373310089 0.3114583194255829 0.35370370745658875 0.35729166865348816 0.34074074029922485 0.4124999940395355 0.3444444537162781 0.37291666865348816 0.33888888359069824 0.4020833373069763 0.3314814865589142 0.23020833730697632 0.3462963104248047 0.2135416716337204 0.3888888955116272 0.20104166865348816 0.4000000059604645 0.203125 0.40925925970077515 0.16979166865348816 0.40925925970077515 0.20104166865348816 0.40925925970077515 0.19479165971279144 0.42592594027519226 0.14687499403953552 0.43518519401550293 0.15625 0.42592594027519226 0.14687499403953552 0.42407408356666565 0.15000000596046448 0.4037036895751953 0.10520832985639572 0.41296297311782837 0.06875000149011612 0.4462963044643402 0.0 0.4574074149131775 0.0 0.47777777910232544 0.19062499701976776 0.42592594027519226 0.19479165971279144 0.4296296238899231 0.18125000596046448 0.45370370149612427 0.26249998807907104 0.43703705072402954 0.24895833432674408 0.4333333373069763 0.34583333134651184 0.4018518626689911 0.42395833134651184 0.40740740299224854 0.4260416626930237 0.4000000059604645
2 0.5708333253860474 0.3314814865589142 0.5718749761581421 0.3314814865589142 0.5729166865348816 0.3333333432674408 0.5739583373069763 0.3314814865589142 0.574999988079071 0.3333333432674408 0.5760416388511658 0.3333333432674408 0.5770833492279053 0.3314814865589142 0.578125 0.3333333432674408 0.578125 0.3314814865589142 0.5791666507720947 0.3296296298503876 0.5822916626930237 0.3296296298503876 0.5833333134651184 0.3314814865589142 0.5822916626930237 0.3333333432674408 0.5802083611488342 0.3333333432674408 0.5833333134651184 0.3333333432674408 0.5843750238418579 0.3351851999759674 0.5916666388511658 0.3351851999759674 0.5927083492279053 0.3333333432674408 0.59375 0.3333333432674408 0.5958333611488342 0.33703702688217163 0.596875011920929 0.33703702688217163 0.596875011920929 0.3333333432674408 0.5958333611488342 0.3314814865589142 0.5916666388511658 0.3314814865589142 0.590624988079071 0.3333333432674408 0.5895833373069763 0.3333333432674408 0.5885416865348816 0.3314814865589142 0.5854166746139526 0.3314814865589142 0.5843750238418579 0.3296296298503876 0.5791666507720947 0.3296296298503876 0.578125 0.3314814865589142
2 0.4729166626930237 0.35185185074806213 0.4781250059604645 0.35185185074806213 0.4791666567325592 0.35370370745658875 0.4802083373069763 0.35185185074806213 0.49166667461395264 0.35185185074806213 0.49270832538604736 0.35370370745658875 0.5020833611488342 0.35370370745658875 0.503125011920929 0.35555556416511536 0.5218750238418579 0.35555556416511536 0.5229166746139526 0.35740742087364197 0.5302083492279053 0.35740742087364197 0.53125 0.3592592477798462 0.5322916507720947 0.35740742087364197 0.5333333611488342 0.3592592477798462 0.5385416746139526 0.3592592477798462 0.5395833253860474 0.35740742087364197 0.5427083373069763 0.35740742087364197 0.543749988079071 0.35555556416511536 0.5531250238418579 0.35370370745658875 0.5520833134651184 0.35185185074806213 0.5458333492279053 0.35185185074806213 0.5447916388511658 0.3499999940395355 0.5375000238418579 0.3481481373310089 0.5333333611488342 0.3444444537162781 0.5302083492279053 0.3444444537162781 0.5239583253860474 0.33888888359069824 0.5104166865348816 0.33703702688217163 0.5072916746139526 0.3333333432674408 0.5062500238418579 0.3333333432674408 0.5072916746139526 0.3351851999759674 0.5062500238418579 0.33703702688217163 0.4958333373069763 0.33703702688217163 0.4947916567325592 0.3351851999759674 0.4958333373069763 0.3333333432674408 0.5041666626930237 0.3333333432674408 0.5 0.3333333432674408 0.49687498807907104 0.3296296298503876 0.4833333194255829 0.3296296298503876 0.48229166865348816 0.32777777314186096 0.47604167461395264 0.32777777314186096 0.4791666567325592 0.32777777314186096 0.4802083373069763 0.3296296298503876 0.48750001192092896 0.3314814865589142 0.4885416626930237 0.3333333432674408 0.4947916567325592 0.3351851999759674 0.4958333373069763 0.33703702688217163 0.5010416507720947 0.33703702688217163 0.503125011920929 0.34074074029922485 0.5052083134651184 0.34074074029922485 0.5072916746139526 0.33703702688217163 0.5093749761581421 0.33888888359069824 0.5104166865348816 0.34259259700775146 0.5093749761581421 0.3444444537162781 0.5020833611488342 0.3444444537162781 0.5010416507720947 0.34259259700775146 0.5 0.3444444537162781 0.49270832538604736 0.3444444537162781 0.4947916567325592 0.3462963104248047 0.4937500059604645 0.3481481373310089 0.4895833432674408 0.3481481373310089 0.4885416626930237 0.3499999940395355 0.4749999940395355 0.3499999940395355
2 0.6520833373069763 0.3185185194015503 0.653124988079071 0.3203703761100769 0.6604166626930237 0.3203703761100769 0.6614583134651184 0.3222222328186035 0.6625000238418579 0.3222222328186035 0.6645833253860474 0.32592591643333435 0.6635416746139526 0.32777777314186096 0.6729166507720947 0.32777777314186096 0.6739583611488342 0.32592591643333435 0.6864583492279053 0.32592591643333435 0.6864583492279053 0.32407405972480774 0.6875 0.3222222328186035 0.703125 0.3222222328186035 0.7041666507720947 0.3203703761100769 0.7124999761581421 0.3203703761100769 0.7135416865348816 0.3185185194015503 0.721875011920929 0.3185185194015503 0.7229166626930237 0.3166666626930237 0.7083333134651184 0.3166666626930237 0.7072916626930237 0.31481480598449707 0.706250011920929 0.3166666626930237 0.703125 0.3166666626930237 0.7020833492279053 0.31481480598449707 0.7010416388511658 0.31481480598449707 0.699999988079071 0.3166666626930237 0.6927083134651184 0.3166666626930237 0.6916666626930237 0.31481480598449707 0.6927083134651184 0.31296294927597046 0.6937500238418579 0.31296294927597046 0.6937500238418579 0.31111112236976624 0.6802083253860474 0.31111112236976624 0.6791666746139526 0.3092592656612396 0.6770833134651184 0.3092592656612396 0.6760416626930237 0.31111112236976624 0.675000011920929 0.31111112236976624 0.671875 0.3166666626930237 0.6697916388511658 0.3166666626930237 0.668749988079071 0.3185185194015503
2 0.8395833373069763 0.3037036955356598 0.8552083373069763 0.3092592656612396 0.8583333492279053 0.307407408952713 0.859375 0.3092592656612396 0.8739583492279053 0.3092592656612396 0.875 0.31111112236976624 0.8999999761581421 0.3092592656612396 0.9041666388511658 0.31111112236976624 0.9083333611488342 0.3166666626930237 0.9177083373069763 0.3166666626930237 0.9156249761581421 0.3166666626930237 0.9145833253860474 0.31481480598449707 0.9156249761581421 0.31296294927597046 0.9208333492279053 0.31296294927597046 0.9281250238418579 0.3018518388271332 0.9302083253860474 0.3037036955356598 0.971875011920929 0.3055555522441864 0.9989583492279053 0.31481480598449707 0.9989583492279053 0.3018518388271332 0.9979166388511658 0.30000001192092896 0.996874988079071 0.3018518388271332 0.9958333373069763 0.30000001192092896 0.956250011920929 0.30000001192092896 0.9437500238418579 0.29629629850387573 0.90625 0.2944444417953491 0.8927083611488342 0.2907407283782959 0.8979166746139526 0.30000001192092896 0.8958333134651184 0.3037036955356598 0.8812500238418579 0.3037036955356598 0.8760416507720947 0.307407408952713 0.8604166507720947 0.307407408952713 0.859375 0.3055555522441864 0.8572916388511658 0.307407408952713 0.856249988079071 0.3037036955356598 0.8614583611488342 0.29814815521240234 0.8677083253860474 0.29814815521240234 0.8687499761581421 0.29629629850387573 0.871874988079071 0.29814815521240234 0.878125011920929 0.2925925850868225 0.887499988079071 0.2907407283782959 0.878125011920929 0.2907407283782959 0.8770833611488342 0.2888889014720917 0.875 0.2888889014720917 0.8739583492279053 0.2944444417953491 0.8687499761581421 0.29629629850387573 0.8645833134651184 0.2944444417953491 0.8656250238418579 0.29629629850387573 0.8645833134651184 0.29814815521240234 0.8520833253860474 0.30000001192092896 0.8510416746139526 0.3037036955356598 0.8479166626930237 0.3055555522441864
2 0.7260416746139526 0.3018518388271332 0.7333333492279053 0.3018518388271332 0.734375 0.30000001192092896 0.7364583611488342 0.30000001192092896 0.737500011920929 0.3018518388271332 0.7406250238418579 0.3018518388271332 0.7416666746139526 0.30000001192092896 0.7510416507720947 0.30000001192092896 0.7520833611488342 0.3018518388271332 0.7604166865348816 0.3018518388271332 0.7614583373069763 0.3037036955356598 0.7677083611488342 0.3037036955356598 0.768750011920929 0.3055555522441864 0.7708333134651184 0.3055555522441864 0.7718750238418579 0.3037036955356598 0.7739583253860474 0.3055555522441864 0.7770833373069763 0.3055555522441864 0.7749999761581421 0.3037036955356598 0.7802083492279053 0.29814815521240234 0.7822916507720947 0.29814815521240234 0.7833333611488342 0.30000001192092896 0.7875000238418579 0.29629629850387573 0.809374988079071 0.29629629850387573 0.8104166388511658 0.29814815521240234 0.815625011920929 0.29814815521240234 0.8177083134651184 0.2944444417953491 0.8197916746139526 0.2925925850868225 0.8229166865348816 0.2925925850868225 0.8239583373069763 0.2907407283782959 0.8270833492279053 0.2907407283782959 0.8291666507720947 0.2944444417953491 0.828125 0.30000001192092896 0.8302083611488342 0.2944444417953491 0.8291666507720947 0.2925925850868225 0.8302083611488342 0.2888889014720917 0.8354166746139526 0.2888889014720917 0.8364583253860474 0.28703704476356506 0.8458333611488342 0.2888889014720917 0.8489583134651184 0.2925925850868225 0.856249988079071 0.2925925850868225 0.8541666865348816 0.28703704476356506 0.8385416865348816 0.28703704476356506 0.8374999761581421 0.28518518805503845 0.8218749761581421 0.28518518805503845 0.8208333253860474 0.28703704476356506 0.8187500238418579 0.28703704476356506 0.8177083134651184 0.28518518805503845 0.7875000238418579 0.28518518805503845 0.7864583134651184 0.28703704476356506 0.7802083492279053 0.28703704476356506 0.7791666388511658 0.2888889014720917 0.7749999761581421 0.2888889014720917 0.7739583253860474 0.2907407283782959 0.7697916626930237 0.2907407283782959 0.768750011920929 0.2925925850868225 0.7593749761581421 0.2925925850868225 0.7583333253860474 0.2944444417953491 0.7510416507720947 0.2944444417953491 0.75 0.29629629850387573 0.7458333373069763 0.29629629850387573 0.7447916865348816 0.29814815521240234 0.737500011920929 0.29814815521240234 0.7364583611488342 0.30000001192092896 0.7302083373069763 0.30000001192092896 0.7291666865348816 0.3018518388271332
3 0.9302083253860474 0.35740742087364197 0.9302083253860474 0.35555556416511536 0.9270833134651184 0.3499999940395355 0.9260416626930237 0.3499999940395355 0.925000011920929 0.3481481373310089 0.925000011920929 0.3462963104248047 0.9229166507720947 0.34259259700775146 0.9229166507720947 0.34074074029922485 0.921875 0.33888888359069824 0.9208333492279053 0.33888888359069824 0.9145833253860474 0.32777777314186096 0.9135416746139526 0.32777777314186096 0.90625 0.31481480598449707 0.9052083492279053 0.31481480598449707 0.9041666388511658 0.31296294927597046 0.9010416865348816 0.31296294927597046 0.8999999761581421 0.31111112236976624 0.893750011920929 0.31111112236976624 0.8927083611488342 0.31296294927597046 0.8916666507720947 0.31296294927597046 0.890625 0.31111112236976624 0.8895833492279053 0.31296294927597046 0.8833333253860474 0.31296294927597046 0.8822916746139526 0.31481480598449707 0.878125011920929 0.31481480598449707 0.8770833611488342 0.3166666626930237 0.8760416507720947 0.3166666626930237 0.875 0.31481480598449707 0.8729166388511658 0.31481480598449707 0.871874988079071 0.3166666626930237 0.8666666746139526 0.3166666626930237 0.8656250238418579 0.3185185194015503 0.862500011920929 0.3185185194015503 0.8614583611488342 0.3203703761100769 0.8572916388511658 0.3203703761100769 0.856249988079071 0.3222222328186035 0.8510416746139526 0.32407405972480774 0.8489583134651184 0.32777777314186096 0.8447916507720947 0.32777777314186096 0.84375 0.3296296298503876 0.8416666388511658 0.3296296298503876 0.840624988079071 0.3314814865589142 0.8395833373069763 0.3314814865589142 0.8395833373069763 0.3333333432674408 0.8364583253860474 0.33703702688217163 0.8322916626930237 0.33703702688217163 0.8322916626930237 0.33888888359069824 0.831250011920929 0.34074074029922485 0.8333333134651184 0.3462963104248047 0.8354166746139526 0.3462963104248047 0.8385416865348816 0.35185185074806213 0.8416666388511658 0.35185185074806213 0.8427083492279053 0.35370370745658875 0.8500000238418579 0.35370370745658875 0.8510416746139526 0.35555556416511536 0.8520833253860474 0.35555556416511536 0.8541666865348816 0.35185185074806213 0.8572916388511658 0.35185185074806213 0.859375 0.35555556416511536 0.871874988079071 0.35555556416511536 0.8729166388511658 0.35370370745658875 0.875 0.35370370745658875 0.8760416507720947 0.35185185074806213 0.8843749761581421 0.35185185074806213 0.8854166865348816 0.3499999940395355 0.8864583373069763 0.3499999940395355 0.887499988079071 0.35185185074806213 0.8927083611488342 0.35185185074806213 0.893750011920929 0.35370370745658875 0.8979166746139526 0.35370370745658875 0.8989583253860474 0.35555556416511536 0.90625 0.35555556416511536 0.9072916507720947 0.35740742087364197 0.909375011920929 0.35740742087364197 0.9104166626930237 0.35555556416511536 0.9166666865348816 0.35555556416511536 0.9177083373069763 0.35740742087364197 0.9208333492279053 0.35740742087364197 0.921875 0.3592592477798462 0.9291666746139526 0.3592592477798462
3 0.8968750238418579 0.30000001192092896 0.8916666507720947 0.2907407283782959 0.8885416388511658 0.2907407283782959 0.887499988079071 0.2925925850868225 0.8843749761581421 0.2925925850868225 0.8833333253860474 0.2944444417953491 0.878125011920929 0.2944444417953491 0.8770833611488342 0.29629629850387573 0.8760416507720947 0.29629629850387573 0.875 0.29814815521240234 0.8729166388511658 0.29814815521240234 0.871874988079071 0.30000001192092896 0.8708333373069763 0.29814815521240234 0.8687499761581421 0.29814815521240234 0.8677083253860474 0.30000001192092896 0.8614583611488342 0.30000001192092896 0.8604166507720947 0.3018518388271332 0.8583333492279053 0.3018518388271332 0.8572916388511658 0.3037036955356598 0.8572916388511658 0.3055555522441864 0.8583333492279053 0.3055555522441864 0.859375 0.3037036955356598 0.8604166507720947 0.3055555522441864 0.8760416507720947 0.3055555522441864 0.8770833611488342 0.3037036955356598 0.8802083134651184 0.3037036955356598 0.8812500238418579 0.3018518388271332 0.8958333134651184 0.3018518388271332
3 0.8739583492279053 0.2888889014720917 0.8708333373069763 0.2888889014720917 0.8697916865348816 0.28703704476356506 0.8687499761581421 0.28703704476356506 0.8677083253860474 0.28518518805503845 0.8583333492279053 0.28518518805503845 0.8572916388511658 0.28703704476356506 0.8552083373069763 0.28703704476356506 0.8552083373069763 0.2888889014720917 0.8572916388511658 0.2925925850868225 0.856249988079071 0.2944444417953491 0.8489583134651184 0.2944444417953491 0.8479166626930237 0.2925925850868225 0.846875011920929 0.2925925850868225 0.8458333611488342 0.2907407283782959 0.840624988079071 0.2907407283782959 0.8395833373069763 0.2888889014720917 0.8364583253860474 0.2888889014720917 0.8354166746139526 0.2907407283782959 0.8302083611488342 0.2907407283782959 0.8302083611488342 0.2925925850868225 0.831250011920929 0.2944444417953491 0.8302083611488342 0.29629629850387573 0.8302083611488342 0.29814815521240234 0.8291666507720947 0.30000001192092896 0.8322916626930237 0.30000001192092896 0.8333333134651184 0.3018518388271332 0.84375 0.3018518388271332 0.8447916507720947 0.3037036955356598 0.8479166626930237 0.3037036955356598 0.8489583134651184 0.3018518388271332 0.8510416746139526 0.3018518388271332 0.8510416746139526 0.30000001192092896 0.8520833253860474 0.29814815521240234 0.859375 0.29814815521240234 0.8604166507720947 0.29629629850387573 0.8645833134651184 0.29629629850387573 0.8656250238418579 0.2944444417953491 0.8687499761581421 0.2944444417953491 0.8697916865348816 0.2925925850868225 0.8739583492279053 0.2925925850868225
4 0.9624999761581421 0.35185185074806213 0.9624999761581421 0.35370370745658875 0.9781249761581421 0.35370370745658875 0.9791666865348816 0.35555556416511536 0.9958333373069763 0.35555556416511536 0.996874988079071 0.35740742087364197 0.9989583492279053 0.35740742087364197 0.9989583492279053 0.3481481373310089 0.996874988079071 0.3481481373310089 0.9958333373069763 0.3499999940395355 0.9916666746139526 0.3499999940395355 0.9906250238418579 0.3481481373310089 0.9885416626930237 0.3481481373310089 0.987500011920929 0.3499999940395355 0.9864583611488342 0.3499999940395355 0.9854166507720947 0.3481481373310089 0.9791666865348816 0.3481481373310089 0.9781249761581421 0.3499999940395355 0.965624988079071 0.3499999940395355 0.9645833373069763 0.35185185074806213
