0 0.6114583611488342 0.47962963581085205 0.7260416746139526 0.5277777910232544 0.7385416626930237 0.5444444417953491 0.78125 0.635185182094574 0.8166666626930237 0.6851851940155029 0.828125 0.7166666388511658 0.8604166507720947 0.770370364189148 0.8656250238418579 0.7870370149612427 0.9624999761581421 0.9462962746620178 0.9677083492279053 0.9685184955596924 0.9833333492279053 0.9981481432914734 0.9989583492279053 0.9981481432914734 0.9979166388511658 0.6018518805503845 0.890625 0.5555555820465088 0.8208333253860474 0.5129629373550415 0.778124988079071 0.5074074268341064 0.7114583253860474 0.5111111402511597
0 0.6895833611488342 0.4333333373069763 0.6947916746139526 0.4444444477558136 0.7114583253860474 0.4462963044643402 0.721875011920929 0.4555555582046509 0.8302083611488342 0.4962962865829468 0.9020833373069763 0.529629647731781 0.9270833134651184 0.5333333611488342 0.9489583373069763 0.5462962985038757 0.9854166507720947 0.5592592358589172 0.9989583492279053 0.5703703761100769 0.9989583492279053 0.5314815044403076 0.8322916626930237 0.47962963581085205 0.8052083253860474 0.46666666865348816 0.796875 0.4574074149131775 0.7666666507720947 0.4462963044643402 0.703125 0.4314814805984497
0 0.6666666865348816 0.38148146867752075 0.668749988079071 0.38148146867752075 0.6697916388511658 0.38333332538604736 0.6812499761581421 0.385185182094574 0.6822916865348816 0.3870370388031006 0.6854166388511658 0.3870370388031006 0.6895833611488342 0.3907407522201538 0.6885416507720947 0.39259257912635803 0.6666666865348816 0.39259257912635803 0.6895833611488342 0.39444443583488464 0.690625011920929 0.39629629254341125 0.7020833492279053 0.39629629254341125 0.703125 0.39814814925193787 0.7135416865348816 0.39814814925193787 0.7145833373069763 0.4000000059604645 0.7354166507720947 0.4000000059604645 0.7364583611488342 0.4018518626689911 0.7406250238418579 0.4018518626689911 0.7416666746139526 0.4000000059604645 0.7593749761581421 0.4000000059604645 0.7604166865348816 0.39814814925193787 0.7739583253860474 0.39814814925193787 0.7749999761581421 0.4000000059604645 0.7791666388511658 0.4000000059604645 0.7760416865348816 0.39814814925193787 0.7749999761581421 0.39444443583488464 0.7718750238418579 0.39444443583488464 0.7697916626930237 0.3907407522201538 0.7718750238418579 0.3888888955116272 0.7697916626930237 0.3888888955116272 0.768750011920929 0.39259257912635803 0.7604166865348816 0.39259257912635803 0.7593749761581421 0.3907407522201538 0.7572916746139526 0.3907407522201538 0.7552083134651184 0.3870370388031006 0.7385416626930237 0.3870370388031006 0.737500011920929 0.385185182094574 0.7322916388511658 0.385185182094574 0.731249988079071 0.38333332538604736 0.7270833253860474 0.38333332538604736 0.7260416746139526 0.38148146867752075 0.71875 0.38148146867752075 0.7177083492279053 0.38333332538604736 0.7145833373069763 0.38333332538604736 0.7135416865348816 0.385185182094574 0.6895833611488342 0.38333332538604736 0.6885416507720947 0.38148146867752075
0 0.5927083492279053 0.3740740716457367 0.5958333611488342 0.3740740716457367 0.596875011920929 0.3759259283542633 0.6000000238418579 0.3759259283542633 0.6010416746139526 0.3777777850627899 0.6031249761581421 0.3777777850627899 0.6041666865348816 0.37962964177131653 0.606249988079071 0.37962964177131653 0.6072916388511658 0.38148146867752075 0.6145833134651184 0.38148146867752075 0.6156250238418579 0.38333332538604736 0.6302083134651184 0.38333332538604736 0.6312500238418579 0.385185182094574 0.6364583373069763 0.385185182094574 0.637499988079071 0.3870370388031006 0.6447916626930237 0.3870370388031006 0.6458333134651184 0.3888888955116272 0.6541666388511658 0.3888888955116272 0.6552083492279053 0.3907407522201538 0.6645833253860474 0.3907407522201538 0.6604166626930237 0.3907407522201538 0.659375011920929 0.3888888955116272 0.6541666388511658 0.3888888955116272 0.653124988079071 0.3870370388031006 0.6489583253860474 0.3870370388031006 0.6479166746139526 0.385185182094574 0.6416666507720947 0.385185182094574 0.640625 0.38333332538604736 0.6333333253860474 0.38333332538604736 0.6322916746139526 0.38148146867752075 0.6239583492279053 0.38148146867752075 0.6229166388511658 0.37962964177131653 0.6145833134651184 0.37962964177131653 0.6135416626930237 0.3777777850627899 0.6072916388511658 0.3777777850627899 0.606249988079071 0.3759259283542633 0.6020833253860474 0.3759259283542633 0.6010416746139526 0.3740740716457367
0 0.5114583373069763 0.3499999940395355 0.5197916626930237 0.3499999940395355 0.5229166746139526 0.35370370745658875 0.5218750238418579 0.35555556416511536 0.5208333134651184 0.35555556416511536 0.5197916626930237 0.35740742087364197 0.518750011920929 0.35740742087364197 0.5249999761581421 0.35740742087364197 0.5260416865348816 0.35555556416511536 0.5364583134651184 0.35555556416511536 0.5375000238418579 0.35370370745658875 0.5458333492279053 0.35370370745658875 0.5447916388511658 0.35370370745658875 0.543749988079071 0.35185185074806213 0.5447916388511658 0.3499999940395355 0.5718749761581421 0.3499999940395355 0.5718749761581421 0.3481481373310089 0.5729166865348816 0.3462963104248047 0.5770833492279053 0.3462963104248047 0.5729166865348816 0.3462963104248047 0.5718749761581421 0.3481481373310089 0.5708333253860474 0.3462963104248047 0.559374988079071 0.3462963104248047 0.5583333373069763 0.3444444537162781 0.5541666746139526 0.3444444537162781 0.5531250238418579 0.3462963104248047 0.5489583611488342 0.3462963104248047 0.5479166507720947 0.3444444537162781 0.534375011920929 0.3444444537162781 0.5354166626930237 0.3462963104248047 0.534375011920929 0.3481481373310089 0.5302083492279053 0.3481481373310089 0.5291666388511658 0.3462963104248047 0.5197916626930237 0.3462963104248047 0.5177083611488342 0.3499999940395355
0 0.6114583611488342 0.33888888359069824 0.6343749761581421 0.33888888359069824 0.6354166865348816 0.34074074029922485 0.6656249761581421 0.34074074029922485 0.6666666865348816 0.33888888359069824 0.6770833134651184 0.33888888359069824 0.6781250238418579 0.34074074029922485 0.684374988079071 0.34074074029922485 0.6833333373069763 0.33888888359069824 0.6833333373069763 0.33703702688217163 0.6770833134651184 0.33703702688217163 0.6760416626930237 0.33888888359069824 0.675000011920929 0.33888888359069824 0.6739583611488342 0.33703702688217163 0.6572916507720947 0.33703702688217163 0.65625 0.3351851999759674 0.6333333253860474 0.3351851999759674 0.6322916746139526 0.3333333432674408 0.6145833134651184 0.3333333432674408 0.6135416626930237 0.3351851999759674 0.6187499761581421 0.3351851999759674 0.6197916865348816 0.33703702688217163 0.6187499761581421 0.33888888359069824
0 0.0 0.32777777314186096 0.0 0.34074074029922485 0.01354166679084301 0.34074074029922485 0.014583333395421505 0.34259259700775146 0.02708333358168602 0.34259259700775146 0.03020833246409893 0.3462963104248047 0.03229166567325592 0.3444444537162781 0.03541666641831398 0.3444444537162781 0.03750000149011612 0.3462963104248047 0.03854166716337204 0.3444444537162781 0.0416666679084301 0.3444444537162781 0.04270833358168602 0.34259259700775146 0.04479166492819786 0.34259259700775146 0.04583333432674408 0.3444444537162781 0.05833333358168602 0.3444444537162781 0.05937499925494194 0.34259259700775146 0.0625 0.34259259700775146 0.06354166567325592 0.34074074029922485 0.10000000149011612 0.34074074029922485 0.10104166716337204 0.33888888359069824 0.11145833134651184 0.33888888359069824 0.11249999701976776 0.33703702688217163 0.11666666716337204 0.33703702688217163 0.11041666567325592 0.33703702688217163 0.109375 0.3351851999759674 0.09583333134651184 0.3333333432674408 0.09479166567325592 0.3314814865589142 0.09166666865348816 0.3314814865589142 0.09062500298023224 0.3296296298503876 0.06979166716337204 0.3296296298503876 0.06875000149011612 0.32777777314186096 0.05833333358168602 0.32777777314186096 0.0572916679084301 0.3296296298503876 0.04583333432674408 0.3296296298503876 0.04479166492819786 0.3314814865589142 0.0020833334419876337 0.3314814865589142
0 0.48124998807907104 0.37037035822868347 0.4635416567325592 0.3629629611968994 0.4802083373069763 0.35740742087364197 0.45104166865348816 0.3462963104248047 0.4781250059604645 0.33888888359069824 0.4312500059604645 0.34074074029922485 0.3947916626930237 0.32592591643333435 0.3270833194255829 0.34074074029922485 0.3187499940395355 0.3333333432674408 0.30416667461395264 0.34259259700775146 0.31041666865348816 0.3462963104248047 0.2854166626930237 0.3462963104248047 0.3062500059604645 0.3499999940395355 0.2760416567325592 0.37962964177131653 0.21041665971279144 0.39259257912635803 0.20000000298023224 0.3870370388031006 0.22812500596046448 0.36851853132247925 0.18020834028720856 0.36666667461395264 0.24687500298023224 0.35370370745658875 0.23541666567325592 0.3462963104248047 0.25312501192092896 0.34074074029922485 0.20937499403953552 0.34259259700775146 0.234375 0.3462963104248047 0.1614583283662796 0.3629629611968994 0.17499999701976776 0.35370370745658875 0.1354166716337204 0.35370370745658875 0.1458333283662796 0.3629629611968994 0.13437500596046448 0.36851853132247925 0.0677083358168602 0.36666667461395264 0.07916666567325592 0.3740740716457367 0.04270833358168602 0.37037035822868347 0.08124999701976776 0.35740742087364197 0.05104166641831398 0.35555556416511536 0.0 0.37037035822868347 0.0 0.38333332538604736 0.03854166716337204 0.36666667461395264 0.06145833432674408 0.3722222149372101 0.05937499925494194 0.38148146867752075 0.0 0.4000000059604645 0.05416666716337204 0.3888888955116272 0.03958333283662796 0.42407408356666565 0.09479166567325592 0.4203703701496124 0.09687499701976776 0.5055555701255798 0.2906250059604645 0.4888888895511627 0.3135416805744171 0.4611110985279083 0.36666667461395264 0.4481481611728668 0.30000001192092896 0.4037036895751953 0.3072916567325592 0.3907407522201538 0.3635416626930237 0.3740740716457367
0 0.4260416626930237 0.3203703761100769 0.4156250059604645 0.3203703761100769 0.41458332538604736 0.3185185194015503 0.3968749940395355 0.3185185194015503 0.3958333432674408 0.3203703761100769 0.3947916626930237 0.3185185194015503 0.3916666805744171 0.3185185194015503 0.390625 0.3203703761100769 0.359375 0.3203703761100769 0.3583333194255829 0.3222222328186035 0.35104167461395264 0.3222222328186035 0.3499999940395355 0.3203703761100769 0.35104167461395264 0.3222222328186035 0.3916666805744171 0.3222222328186035 0.39270833134651184 0.3203703761100769
0 0.4322916567325592 0.3203703761100769 0.4427083432674408 0.3203703761100769 0.44479167461395264 0.32407405972480774 0.4437499940395355 0.32592591643333435 0.4468750059604645 0.32592591643333435 0.4479166567325592 0.32777777314186096 0.45104166865348816 0.32777777314186096 0.4520833194255829 0.3296296298503876 0.46041667461395264 0.3296296298503876 0.4583333432674408 0.3296296298503876 0.4572916626930237 0.32777777314186096 0.45520833134651184 0.32777777314186096 0.4541666805744171 0.32592591643333435 0.45104166865348816 0.32592591643333435 0.44999998807907104 0.32407405972480774 0.4479166567325592 0.32407405972480774 0.4468750059604645 0.3222222328186035 0.4479166567325592 0.3203703761100769 0.4583333432674408 0.3203703761100769 0.4593749940395355 0.3185185194015503 0.46145832538604736 0.3185185194015503 0.4625000059604645 0.3203703761100769 0.4635416567325592 0.3185185194015503 0.4645833373069763 0.3185185194015503 0.4593749940395355 0.3185185194015503 0.4583333432674408 0.3166666626930237 0.453125 0.3166666626930237 0.4520833194255829 0.3185185194015503 0.45104166865348816 0.3185185194015503 0.44999998807907104 0.3166666626930237 0.4427083432674408 0.3166666626930237 0.4416666626930237 0.3185185194015503 0.4385416805744171 0.3185185194015503 0.4375 0.3203703761100769
1 0.46145832538604736 0.8018518686294556 0.4572916626930237 0.8018518686294556 0.4572916626930237 0.8037037253379822 0.4541666805744171 0.8092592358589172 0.4541666805744171 0.8111110925674438 0.4572916626930237 0.8111110925674438 0.4583333432674408 0.8092592358589172 0.46145832538604736 0.8092592358589172 0.4625000059604645 0.8074073791503906 0.4625000059604645 0.8055555820465088 0.46145832538604736 0.8037037253379822
1 0.5 0.6685185432434082 0.5010416507720947 0.6703703999519348 0.503125011920929 0.6703703999519348 0.5041666626930237 0.6722221970558167 0.5093749761581421 0.6722221970558167 0.5104166865348816 0.6703703999519348 0.5114583373069763 0.6703703999519348 0.5114583373069763 0.6666666865348816 0.5093749761581421 0.6666666865348816 0.5083333253860474 0.664814829826355 0.503125011920929 0.664814829826355 0.5020833611488342 0.6666666865348816 0.5010416507720947 0.6666666865348816
1 0.543749988079071 0.6462963223457336 0.5427083373069763 0.644444465637207 0.5375000238418579 0.644444465637207 0.5364583134651184 0.6462963223457336 0.5354166626930237 0.6462963223457336 0.534375011920929 0.6481481194496155 0.5333333611488342 0.6481481194496155 0.5333333611488342 0.6499999761581421 0.5322916507720947 0.6518518328666687 0.5322916507720947 0.6537036895751953 0.5395833253860474 0.6537036895751953 0.5406249761581421 0.6518518328666687 0.5416666865348816 0.6518518328666687 0.5427083373069763 0.6499999761581421 0.5427083373069763 0.6481481194496155
1 0.09583333134651184 0.43888887763023376 0.0885416641831398 0.442592591047287 0.08749999850988388 0.4444444477558136 0.07916666567325592 0.4462963044643402 0.07708333432674408 0.44999998807907104 0.06041666492819786 0.4555555582046509 0.05937499925494194 0.4574074149131775 0.0416666679084301 0.46666666865348816 0.03541666641831398 0.4722222089767456 0.03020833246409893 0.4722222089767456 0.02812499925494194 0.47592592239379883 0.02500000037252903 0.47592592239379883 0.02395833283662796 0.47777777910232544 0.01770833320915699 0.47962963581085205 0.01354166679084301 0.4833333194255829 0.010416666977107525 0.4833333194255829 0.0031250000465661287 0.4888888895511627 0.0 0.4888888895511627 0.0 0.550000011920929 0.0020833334419876337 0.5481481552124023 0.010416666977107525 0.5462962985038757 0.01145833358168602 0.5444444417953491 0.014583333395421505 0.5444444417953491 0.015625 0.5425925850868225 0.02187499962747097 0.5407407283782959 0.02291666716337204 0.5388888716697693 0.02604166604578495 0.5388888716697693 0.02708333358168602 0.5333333611488342 0.02916666679084301 0.529629647731781 0.03437500074505806 0.5259259343147278 0.03437500074505806 0.5240740776062012 0.03958333283662796 0.5166666507720947 0.03750000149011612 0.5166666507720947 0.0364583320915699 0.5148147940635681 0.03750000149011612 0.5129629373550415 0.03541666641831398 0.5129629373550415 0.03333333507180214 0.5092592835426331 0.03750000149011612 0.5037037134170532 0.04374999925494194 0.5037037134170532 0.04479166492819786 0.5018518567085266 0.0572916679084301 0.5018518567085266 0.05833333358168602 0.5 0.06666667014360428 0.4962962865829468 0.06666667014360428 0.49444442987442017 0.06979166716337204 0.49074074625968933 0.07187499850988388 0.49074074625968933 0.07604166865348816 0.4870370328426361 0.07916666567325592 0.4870370328426361 0.0833333358168602 0.4833333194255829 0.09479166567325592 0.47962963581085205 0.09479166567325592 0.47592592239379883 0.09583333134651184 0.4740740656852722 0.09479166567325592 0.4722222089767456 0.09583333134651184 0.4703703820705414 0.09479166567325592 0.46666666865348816 0.09479166567325592 0.4555555582046509 0.09583333134651184 0.45370370149612427 0.09479166567325592 0.45185184478759766 0.09583333134651184 0.44999998807907104 0.09479166567325592 0.4462963044643402 0.09583333134651184 0.4444444477558136
1 0.637499988079071 0.442592591047287 0.6614583134651184 0.45185184478759766 0.6781250238418579 0.46481481194496155 0.6802083253860474 0.4851851761341095 0.675000011920929 0.4888888895511627 0.6760416626930237 0.49444442987442017 0.6697916388511658 0.4962962865829468 0.7114583253860474 0.5092592835426331 0.778124988079071 0.5055555701255798 0.8104166388511658 0.5092592835426331 0.8197916746139526 0.5148147940635681 0.8208333253860474 0.5111111402511597 0.8229166865348816 0.5166666507720947 0.890625 0.5537037253379822 0.9989583492279053 0.6018518805503845 0.9979166388511658 0.5703703761100769 0.965624988079071 0.5518518686294556 0.9489583373069763 0.5481481552124023 0.9270833134651184 0.5351851582527161 0.9020833373069763 0.5314815044403076 0.8302083611488342 0.4981481432914734 0.721875011920929 0.4574074149131775 0.706250011920929 0.4462963044643402 0.690625011920929 0.4462963044643402 0.6645833253860474 0.43703705072402954
1 0.8802083134651184 0.9981481432914734 0.6010416746139526 0.5907407402992249 0.5625 0.5870370268821716 0.5854166746139526 0.5722222328186035 0.574999988079071 0.550000011920929 0.612500011920929 0.5314815044403076 0.5843750238418579 0.5092592835426331 0.609375 0.49259260296821594 0.5802083611488342 0.4722222089767456 0.578125 0.4407407343387604 0.4947916567325592 0.43703705072402954 0.4364583194255829 0.4592592716217041 0.4489583373069763 0.43518519401550293 0.503125011920929 0.41111111640930176 0.48750001192092896 0.4037036895751953 0.4208333194255829 0.4296296238899231 0.4322916567325592 0.44999998807907104 0.4156250059604645 0.46296295523643494 0.518750011920929 0.5592592358589172 0.0 0.7592592835426331 0.0 0.8111110925674438 0.00937500037252903 0.8055555820465088 0.0 0.8166666626930237 0.0 0.9981481432914734 0.296875 0.9981481432914734 0.3135416805744171 0.8907407522201538 0.4385416805744171 0.8185185194015503 0.45625001192092896 0.7907407283782959 0.43437498807907104 0.7314814925193787 0.44062501192092896 0.6925926208496094 0.484375 0.6462963223457336 0.4833333194255829 0.6277777552604675 0.4989583194255829 0.635185182094574 0.5166666507720947 0.6000000238418579 0.543749988079071 0.5907407402992249 0.6020833253860474 0.6481481194496155 0.6052083373069763 0.7055555582046509 0.5531250238418579 0.7148148417472839 0.5416666865348816 0.7444444298744202 0.528124988079071 0.7351852059364319 0.5114583373069763 0.7685185074806213 0.4739583432674408 0.7814815044403076 0.46875 0.8055555820465088 0.6468750238418579 0.7314814925193787 0.6385416388511658 0.7592592835426331 0.6083333492279053 0.7611111402511597 0.6177083253860474 0.7944444417953491 0.5989583134651184 0.7981481552124023 0.6156250238418579 0.8462963104248047 0.6041666865348816 0.8740741014480591 0.6260416507720947 0.8759258985519409 0.6354166865348816 0.9185185432434082 0.6739583611488342 0.9370370507240295 0.7197916507720947 0.9981481432914734
1 0.2541666626930237 0.4000000059604645 0.25312501192092896 0.4018518626689911 0.23229166865348816 0.4018518626689911 0.23125000298023224 0.4037036895751953 0.21979166567325592 0.4037036895751953 0.21875 0.4055555462837219 0.21145834028720856 0.4055555462837219 0.21041665971279144 0.40740740299224854 0.18854166567325592 0.40925925970077515 0.1875 0.41111111640930176 0.17604166269302368 0.4166666567325592 0.17604166269302368 0.4185185134410858 0.17395833134651184 0.4203703701496124 0.17395833134651184 0.42222222685813904 0.171875 0.42407408356666565 0.17083333432674408 0.4277777671813965 0.16875000298023224 0.4277777671813965 0.16562500596046448 0.4333333373069763 0.15729166567325592 0.43703705072402954 0.15416666865348816 0.4407407343387604 0.14687499403953552 0.4444444477558136 0.14166666567325592 0.44999998807907104 0.13333334028720856 0.45370370149612427 0.1302083283662796 0.4574074149131775 0.13124999403953552 0.4592592716217041 0.13437500596046448 0.4592592716217041 0.1354166716337204 0.4611110985279083 0.14687499403953552 0.4611110985279083 0.14791665971279144 0.4592592716217041 0.16458334028720856 0.4592592716217041 0.16562500596046448 0.4574074149131775 0.17395833134651184 0.4574074149131775 0.17499999701976776 0.4555555582046509 0.18125000596046448 0.4555555582046509 0.1822916716337204 0.45370370149612427 0.1927083283662796 0.45185184478759766 0.19583334028720856 0.4481481611728668 0.1979166716337204 0.4481481611728668 0.20208333432674408 0.4444444477558136 0.21145834028720856 0.442592591047287 0.21458333730697632 0.43888887763023376 0.21666666865348816 0.43888887763023376 0.21979166567325592 0.43518519401550293 0.22708334028720856 0.4314814805984497 0.22812500596046448 0.4277777671813965 0.23020833730697632 0.4277777671813965 0.23229166865348816 0.42407408356666565 0.23645833134651184 0.42222222685813904 0.24270834028720856 0.41296297311782837 0.25312501192092896 0.4148148000240326 0.25312501192092896 0.41296297311782837 0.2510416805744171 0.41296297311782837 0.25 0.41111111640930176 0.25 0.40740740299224854
1 0.16562500596046448 0.3740740716457367 0.16041666269302368 0.36851853132247925 0.15416666865348816 0.36851853132247925 0.15000000596046448 0.3722222149372101 0.14895834028720856 0.37037035822868347 0.14687499403953552 0.3722222149372101 0.140625 0.3722222149372101 0.13958333432674408 0.37037035822868347 0.13854166865348816 0.3740740716457367 0.1302083283662796 0.3740740716457367 0.12916666269302368 0.3759259283542633 0.11354167014360428 0.3777777850627899 0.1354166716337204 0.3777777850627899 0.13645833730697632 0.37962964177131653 0.1354166716337204 0.38148146867752075 0.13124999403953552 0.38148146867752075 0.1302083283662796 0.38333332538604736 0.125 0.38333332538604736 0.12083332985639572 0.3870370388031006 0.11666666716337204 0.3870370388031006 0.11562500149011612 0.3888888955116272 0.11354167014360428 0.3888888955116272 0.11249999701976776 0.3907407522201538 0.109375 0.3907407522201538 0.10520832985639572 0.39444443583488464 0.10208333283662796 0.39444443583488464 0.10104166716337204 0.39629629254341125 0.09687499701976776 0.39629629254341125 0.09583333134651184 0.39814814925193787 0.09166666865348816 0.39814814925193787 0.09062500298023224 0.4000000059604645 0.08645833283662796 0.4000000059604645 0.08541666716337204 0.4018518626689911 0.08229167014360428 0.4018518626689911 0.08124999701976776 0.4037036895751953 0.078125 0.4037036895751953 0.07708333432674408 0.4055555462837219 0.0729166641831398 0.4055555462837219 0.07083333283662796 0.40740740299224854 0.09270833432674408 0.40740740299224854 0.09375 0.4055555462837219 0.10625000298023224 0.4055555462837219 0.10729166865348816 0.4037036895751953 0.1145833358168602 0.4037036895751953 0.11562500149011612 0.4018518626689911 0.12083332985639572 0.4018518626689911 0.12708333134651184 0.39629629254341125 0.13229165971279144 0.39629629254341125 0.13333334028720856 0.39444443583488464 0.140625 0.39444443583488464 0.14895834028720856 0.385185182094574 0.15625 0.38333332538604736 0.15833333134651184 0.38148146867752075 0.15937499701976776 0.3777777850627899 0.1614583283662796 0.3777777850627899
1 0.2541666626930237 0.37037035822868347 0.25312501192092896 0.37037035822868347 0.25208333134651184 0.36851853132247925 0.24895833432674408 0.36851853132247925 0.24791666865348816 0.36666667461395264 0.24687500298023224 0.36851853132247925 0.234375 0.36851853132247925 0.23229166865348816 0.3722222149372101 0.23020833730697632 0.3722222149372101 0.2291666716337204 0.3740740716457367 0.2239583283662796 0.3740740716457367 0.22291666269302368 0.3722222149372101 0.22187499701976776 0.3740740716457367 0.21875 0.3740740716457367 0.21875 0.3759259283542633 0.21979166567325592 0.3777777850627899 0.21875 0.37962964177131653 0.21666666865348816 0.37962964177131653 0.21562500298023224 0.38148146867752075 0.2135416716337204 0.38148146867752075 0.21250000596046448 0.38333332538604736 0.20937499403953552 0.38333332538604736 0.2083333283662796 0.385185182094574 0.20729166269302368 0.385185182094574 0.20624999701976776 0.3870370388031006 0.20416666567325592 0.3870370388031006 0.203125 0.3888888955116272 0.20000000298023224 0.3888888955116272 0.20520833134651184 0.3888888955116272 0.20624999701976776 0.3907407522201538 0.21041665971279144 0.3907407522201538 0.21145834028720856 0.3888888955116272 0.23020833730697632 0.3888888955116272 0.23125000298023224 0.3870370388031006 0.23749999701976776 0.3870370388031006 0.23854166269302368 0.385185182094574 0.24270834028720856 0.385185182094574 0.24375000596046448 0.38333332538604736 0.24791666865348816 0.38333332538604736 0.24895833432674408 0.38148146867752075 0.25208333134651184 0.38148146867752075 0.2510416805744171 0.38148146867752075 0.25 0.37962964177131653 0.2510416805744171 0.3777777850627899 0.25 0.3759259283542633 0.25 0.3740740716457367 0.2510416805744171 0.3722222149372101 0.2541666626930237 0.3722222149372101
1 0.6958333253860474 0.39814814925193787 0.7322916388511658 0.40740740299224854 0.746874988079071 0.4166666567325592 0.7041666507720947 0.4314814805984497 0.7552083134651184 0.442592591047287 0.7541666626930237 0.43703705072402954 0.7604166865348816 0.43703705072402954 0.793749988079071 0.4555555582046509 0.8145833611488342 0.44999998807907104 0.8802083134651184 0.46296295523643494 0.8895833492279053 0.4574074149131775 0.8854166865348816 0.45185184478759766 0.8864583373069763 0.4481481611728668 0.9104166626930237 0.45370370149612427 0.9041666388511658 0.45370370149612427 0.8999999761581421 0.4462963044643402 0.8864583373069763 0.43703705072402954 0.8770833611488342 0.4407407343387604 0.846875011920929 0.42592594027519226 0.9104166626930237 0.4000000059604645 0.8791666626930237 0.3888888955116272 0.871874988079071 0.37962964177131653 0.8666666746139526 0.385185182094574 0.800000011920929 0.3629629611968994 0.7770833373069763 0.37037035822868347 0.7427083253860474 0.37037035822868347 0.7395833134651184 0.3740740716457367 0.734375 0.37037035822868347 0.7385416626930237 0.3722222149372101 0.7364583611488342 0.3759259283542633 0.7229166626930237 0.37962964177131653 0.7552083134651184 0.385185182094574 0.7604166865348816 0.3907407522201538 0.7718750238418579 0.3870370388031006 0.7708333134651184 0.3907407522201538 0.7791666388511658 0.4018518626689911 0.7364583611488342 0.4037036895751953
1 0.21770833432674408 0.36666667461395264 0.21041665971279144 0.36666667461395264 0.20937499403953552 0.364814817905426 0.21041665971279144 0.3629629611968994 0.19895833730697632 0.3629629611968994 0.1979166716337204 0.364814817905426 0.19479165971279144 0.364814817905426 0.19374999403953552 0.36666667461395264 0.1875 0.36666667461395264 0.18645833432674408 0.36851853132247925 0.18020834028720856 0.36851853132247925 0.20937499403953552 0.36851853132247925 0.21041665971279144 0.36666667461395264
1 0.0520833320915699 0.35740742087364197 0.05104166641831398 0.35740742087364197 0.05000000074505806 0.35555556416511536 0.03437500074505806 0.35555556416511536 0.03333333507180214 0.35740742087364197 0.02500000037252903 0.35740742087364197 0.02395833283662796 0.3592592477798462 0.015625 0.3592592477798462 0.014583333395421505 0.3611111044883728 0.01354166679084301 0.3611111044883728 0.012500000186264515 0.3592592477798462 0.0062500000931322575 0.3592592477798462 0.0052083334885537624 0.3611111044883728 0.0 0.3611111044883728 0.0 0.36851853132247925 0.01145833358168602 0.36851853132247925 0.012500000186264515 0.36666667461395264 0.02083333395421505 0.36666667461395264 0.02187499962747097 0.364814817905426 0.02916666679084301 0.364814817905426 0.03020833246409893 0.3629629611968994 0.0364583320915699 0.3629629611968994 0.03750000149011612 0.3611111044883728 0.04374999925494194 0.3611111044883728 0.04479166492819786 0.3592592477798462 0.05000000074505806 0.3592592477798462 0.05104166641831398 0.35740742087364197
1 0.15416666865348816 0.3481481373310089 0.15000000596046448 0.3481481373310089 0.14895834028720856 0.3462963104248047 0.13854166865348816 0.3462963104248047 0.13750000298023224 0.3481481373310089 0.125 0.3481481373310089 0.12395833432674408 0.3499999940395355 0.10833333432674408 0.3499999940395355 0.10729166865348816 0.35185185074806213 0.09687499701976776 0.35185185074806213 0.09583333134651184 0.35370370745658875 0.08437500149011612 0.35370370745658875 0.0833333358168602 0.35555556416511536 0.07916666567325592 0.35555556416511536 0.08124999701976776 0.35555556416511536 0.08229167014360428 0.35740742087364197 0.08124999701976776 0.3592592477798462 0.07500000298023224 0.3592592477798462 0.07395832985639572 0.35740742087364197 0.07395832985639572 0.3592592477798462 0.0729166641831398 0.3611111044883728 0.07083333283662796 0.3611111044883728 0.06979166716337204 0.3629629611968994 0.06666667014360428 0.3629629611968994 0.06562499701976776 0.364814817905426 0.06041666492819786 0.364814817905426 0.06875000149011612 0.364814817905426 0.06979166716337204 0.3629629611968994 0.07187499850988388 0.3629629611968994 0.0729166641831398 0.3611111044883728 0.07395832985639572 0.3611111044883728 0.07500000298023224 0.3629629611968994 0.08541666716337204 0.3629629611968994 0.08645833283662796 0.3611111044883728 0.09062500298023224 0.3611111044883728 0.09166666865348816 0.3592592477798462 0.0989583358168602 0.3592592477798462 0.10000000149011612 0.35740742087364197 0.10520832985639572 0.35740742087364197 0.10625000298023224 0.35555556416511536 0.10833333432674408 0.35555556416511536 0.109375 0.35370370745658875 0.11145833134651184 0.35370370745658875 0.11249999701976776 0.35185185074806213 0.1145833358168602 0.35185185074806213 0.11562500149011612 0.3499999940395355 0.12916666269302368 0.3499999940395355 0.1302083283662796 0.3481481373310089
1 0.7583333253860474 0.35185185074806213 0.7562500238418579 0.35185185074806213 0.7552083134651184 0.3499999940395355 0.7520833611488342 0.3499999940395355 0.7510416507720947 0.3481481373310089 0.746874988079071 0.3481481373310089 0.7458333373069763 0.3462963104248047 0.7437499761581421 0.3462963104248047 0.7427083253860474 0.3444444537162781 0.7416666746139526 0.3444444537162781 0.7406250238418579 0.3462963104248047 0.737500011920929 0.3462963104248047 0.7364583611488342 0.3481481373310089 0.7333333492279053 0.3481481373310089 0.7322916388511658 0.3499999940395355 0.7281249761581421 0.3499999940395355 0.7270833253860474 0.35185185074806213 0.7239583134651184 0.35185185074806213 0.7229166626930237 0.35370370745658875 0.71875 0.35370370745658875 0.7177083492279053 0.35555556416511536 0.7145833373069763 0.35555556416511536 0.7135416865348816 0.35740742087364197 0.7093750238418579 0.35740742087364197 0.7114583253860474 0.35740742087364197 0.7124999761581421 0.3592592477798462 0.7135416865348816 0.35740742087364197 0.7166666388511658 0.35740742087364197 0.7177083492279053 0.35555556416511536 0.71875 0.35555556416511536 0.7197916507720947 0.35370370745658875 0.7322916388511658 0.35370370745658875 0.7333333492279053 0.35185185074806213 0.7364583611488342 0.35185185074806213 0.737500011920929 0.35370370745658875 0.7541666626930237 0.35370370745658875 0.7552083134651184 0.35185185074806213 0.7562500238418579 0.35370370745658875 0.7572916746139526 0.35370370745658875
1 0.21666666865348816 0.3499999940395355 0.21145834028720856 0.3499999940395355 0.20937499403953552 0.3462963104248047 0.20937499403953552 0.3444444537162781 0.2083333283662796 0.3444444537162781 0.20729166269302368 0.34259259700775146 0.20624999701976776 0.34259259700775146 0.20520833134651184 0.3444444537162781 0.20208333432674408 0.3444444537162781 0.20104166865348816 0.3462963104248047 0.1979166716337204 0.3462963104248047 0.19687500596046448 0.3481481373310089 0.19062499701976776 0.3481481373310089 0.18958333134651184 0.3499999940395355 0.1822916716337204 0.3499999940395355 0.18125000596046448 0.35185185074806213 0.17604166269302368 0.35185185074806213 0.17604166269302368 0.35370370745658875 0.17499999701976776 0.35555556416511536 0.17395833134651184 0.35555556416511536 0.17291666567325592 0.35740742087364197 0.1666666716337204 0.35740742087364197 0.16562500596046448 0.3592592477798462 0.1614583283662796 0.3592592477798462 0.16041666269302368 0.3611111044883728 0.15729166567325592 0.3611111044883728 0.1614583283662796 0.3611111044883728 0.16249999403953552 0.3592592477798462 0.17812499403953552 0.3592592477798462 0.17916665971279144 0.35740742087364197 0.18645833432674408 0.35740742087364197 0.1875 0.35555556416511536 0.19479165971279144 0.35555556416511536 0.19583334028720856 0.35370370745658875 0.20104166865348816 0.35370370745658875 0.20208333432674408 0.35185185074806213 0.20624999701976776 0.35185185074806213 0.20729166269302368 0.3499999940395355 0.2083333283662796 0.3499999940395355 0.20937499403953552 0.35185185074806213 0.21145834028720856 0.35185185074806213 0.21250000596046448 0.3499999940395355
1 0.14895834028720856 0.33703702688217163 0.14166666567325592 0.33703702688217163 0.140625 0.3351851999759674 0.1354166716337204 0.3351851999759674 0.13437500596046448 0.33703702688217163 0.12916666269302368 0.33703702688217163 0.12812499701976776 0.33888888359069824 0.11249999701976776 0.33888888359069824 0.11145833134651184 0.34074074029922485 0.10104166716337204 0.34074074029922485 0.11666666716337204 0.34074074029922485 0.11770833283662796 0.33888888359069824 0.13854166865348816 0.33888888359069824 0.13958333432674408 0.33703702688217163
1 0.078125 0.33703702688217163 0.07708333432674408 0.33703702688217163 0.07604166865348816 0.3351851999759674 0.05937499925494194 0.3351851999759674 0.05833333358168602 0.3333333432674408 0.05520833283662796 0.3333333432674408 0.05416666716337204 0.3351851999759674 0.02187499962747097 0.3351851999759674 0.02187499962747097 0.33703702688217163 0.02291666716337204 0.33703702688217163 0.02395833283662796 0.33888888359069824 0.03125 0.33888888359069824 0.03229166567325592 0.34074074029922485 0.05416666716337204 0.34074074029922485 0.05520833283662796 0.33888888359069824 0.07395832985639572 0.33888888359069824 0.07500000298023224 0.33703702688217163
1 0.4520833194255829 0.33703702688217163 0.4781250059604645 0.33703702688217163 0.4781250059604645 0.34074074029922485 0.4520833194255829 0.3462963104248047 0.4583333432674408 0.3462963104248047 0.45625001192092896 0.35185185074806213 0.48124998807907104 0.35740742087364197 0.5177083611488342 0.35740742087364197 0.5218750238418579 0.35370370745658875 0.5104166865348816 0.3499999940395355 0.5197916626930237 0.3444444537162781 0.5708333253860474 0.3444444537162781 0.5718749761581421 0.35185185074806213 0.5447916388511658 0.35185185074806213 0.546875 0.35740742087364197 0.5552083253860474 0.35555556416511536 0.5802083611488342 0.37037035822868347 0.640625 0.38148146867752075 0.6656249761581421 0.3907407522201538 0.6885416507720947 0.3907407522201538 0.6499999761581421 0.3759259283542633 0.637499988079071 0.3777777850627899 0.6291666626930237 0.3722222149372101 0.6187499761581421 0.3759259283542633 0.6072916388511658 0.36851853132247925 0.5979166626930237 0.37037035822868347 0.5979166626930237 0.36666667461395264 0.6020833253860474 0.36666667461395264 0.6010416746139526 0.3629629611968994 0.5874999761581421 0.3629629611968994 0.590624988079071 0.35740742087364197 0.6447916626930237 0.35740742087364197 0.6322916746139526 0.35370370745658875 0.6364583373069763 0.3481481373310089 0.6458333134651184 0.3481481373310089 0.6114583611488342 0.34074074029922485 0.6114583611488342 0.33703702688217163 0.6187499761581421 0.33703702688217163 0.6135416626930237 0.33703702688217163 0.6166666746139526 0.3314814865589142 0.6031249761581421 0.3333333432674408 0.550000011920929 0.3203703761100769 0.4947916567325592 0.3314814865589142 0.49791666865348816 0.33703702688217163 0.453125 0.3314814865589142 0.4625000059604645 0.3314814865589142 0.4625000059604645 0.33703702688217163
1 0.4479166567325592 0.3222222328186035 0.44999998807907104 0.3222222328186035 0.45104166865348816 0.32407405972480774 0.4541666805744171 0.32407405972480774 0.45520833134651184 0.32592591643333435 0.4583333432674408 0.32592591643333435 0.4593749940395355 0.32407405972480774 0.47083333134651184 0.32407405972480774 0.47187501192092896 0.32592591643333435 0.4802083373069763 0.32592591643333435 0.48124998807907104 0.32777777314186096 0.49166667461395264 0.32777777314186096 0.4937500059604645 0.32407405972480774 0.49166667461395264 0.32777777314186096 0.4906249940395355 0.32777777314186096 0.4895833432674408 0.32592591643333435 0.4906249940395355 0.32407405972480774 0.4906249940395355 0.3203703761100769 0.4895833432674408 0.3222222328186035 0.4885416626930237 0.3222222328186035 0.48750001192092896 0.32407405972480774 0.48645833134651184 0.32407405972480774 0.4854166805744171 0.3222222328186035 0.48229166865348816 0.3222222328186035 0.48124998807907104 0.3203703761100769 0.4697916805744171 0.3203703761100769 0.46875 0.3185185194015503 0.46666666865348816 0.3185185194015503 0.46562498807907104 0.3203703761100769 0.4635416567325592 0.3203703761100769 0.4625000059604645 0.3222222328186035 0.46145832538604736 0.3222222328186035 0.46041667461395264 0.3203703761100769 0.4593749940395355 0.3203703761100769 0.4583333432674408 0.3222222328186035
1 0.22083333134651184 0.3314814865589142 0.2510416805744171 0.32777777314186096 0.25208333134651184 0.3314814865589142 0.2760416567325592 0.3296296298503876 0.2802083194255829 0.3314814865589142 0.2802083194255829 0.3351851999759674 0.24583333730697632 0.33888888359069824 0.25312501192092896 0.33888888359069824 0.2541666626930237 0.34074074029922485 0.24895833432674408 0.3462963104248047 0.25729167461395264 0.3462963104248047 0.25833332538604736 0.3481481373310089 0.2552083432674408 0.3499999940395355 0.26875001192092896 0.3499999940395355 0.2854166626930237 0.3444444537162781 0.2927083373069763 0.3462963104248047 0.2927083373069763 0.34259259700775146 0.31041666865348816 0.3444444537162781 0.30416667461395264 0.3444444537162781 0.30416667461395264 0.34074074029922485 0.31041666865348816 0.33888888359069824 0.3083333373069763 0.33703702688217163 0.30937498807907104 0.3351851999759674 0.3166666626930237 0.3351851999759674 0.3187499940395355 0.3314814865589142 0.3239583373069763 0.3333333432674408 0.3218750059604645 0.33703702688217163 0.32499998807907104 0.33888888359069824 0.3375000059604645 0.3333333432674408 0.33125001192092896 0.3314814865589142 0.33541667461395264 0.32777777314186096 0.3333333432674408 0.32777777314186096 0.3333333432674408 0.32407405972480774 0.375 0.32592591643333435 0.4208333194255829 0.3222222328186035 0.42916667461395264 0.3314814865589142 0.43541666865348816 0.32407405972480774 0.4437499940395355 0.32407405972480774 0.3385416567325592 0.32407405972480774 0.3343749940395355 0.3185185194015503 0.3239583373069763 0.31481480598449707 0.31979167461395264 0.3185185194015503 0.30416667461395264 0.3203703761100769 0.27812498807907104 0.3185185194015503 0.25 0.32777777314186096 0.2239583283662796 0.32777777314186096 0.22604165971279144 0.3296296298503876
2 0.27395832538604736 0.9555555582046509 0.27291667461395264 0.9537037014961243 0.2708333432674408 0.9537037014961243 0.2697916626930237 0.9555555582046509 0.26875001192092896 0.9555555582046509 0.265625 0.9611111283302307 0.2645833194255829 0.9611111283302307 0.26354166865348816 0.9629629850387573 0.26249998807907104 0.9629629850387573 0.2614583373069763 0.9648148417472839 0.2614583373069763 0.9666666388511658 0.2604166567325592 0.9685184955596924 0.2604166567325592 0.9722222089767456 0.25833332538604736 0.9759259223937988 0.2593750059604645 0.9777777791023254 0.26249998807907104 0.9777777791023254 0.2666666805744171 0.970370352268219 0.26770833134651184 0.970370352268219 0.26875001192092896 0.9685184955596924 0.2708333432674408 0.9685184955596924 0.2718749940395355 0.9666666388511658 0.27291667461395264 0.9666666388511658 0.27395832538604736 0.9648148417472839 0.27395832538604736 0.9629629850387573 0.2750000059604645 0.9611111283302307 0.27395832538604736 0.9592592716217041
2 0.503125011920929 0.7740740776062012 0.5052083134651184 0.7740740776062012 0.5072916746139526 0.7777777910232544 0.5093749761581421 0.7777777910232544 0.5104166865348816 0.7759259343147278 0.512499988079071 0.7759259343147278 0.512499988079071 0.7740740776062012 0.5104166865348816 0.770370364189148 0.5062500238418579 0.770370364189148 0.5062500238418579 0.7722222208976746 0.5052083134651184 0.7740740776062012
2 0.12812499701976776 0.729629635810852 0.12708333134651184 0.729629635810852 0.12604166567325592 0.7314814925193787 0.12187500298023224 0.7314814925193787 0.12083332985639572 0.7333333492279053 0.11770833283662796 0.7333333492279053 0.11666666716337204 0.7314814925193787 0.11770833283662796 0.729629635810852 0.11770833283662796 0.7277777791023254 0.11874999850988388 0.7259259223937988 0.11770833283662796 0.7240740656852722 0.1145833358168602 0.7240740656852722 0.11354167014360428 0.7259259223937988 0.11041666567325592 0.7259259223937988 0.109375 0.7277777791023254 0.10833333432674408 0.7277777791023254 0.10520832985639572 0.7333333492279053 0.1041666641831398 0.7333333492279053 0.10208333283662796 0.7370370626449585 0.10104166716337204 0.7370370626449585 0.10000000149011612 0.7388888597488403 0.0989583358168602 0.7388888597488403 0.09791667014360428 0.7407407164573669 0.09270833432674408 0.7407407164573669 0.09166666865348816 0.7425925731658936 0.08541666716337204 0.7425925731658936 0.08437500149011612 0.7444444298744202 0.08229167014360428 0.7444444298744202 0.08124999701976776 0.7462962865829468 0.08020833134651184 0.7462962865829468 0.07916666567325592 0.7481481432914734 0.078125 0.7481481432914734 0.07708333432674408 0.75 0.07500000298023224 0.75 0.07395832985639572 0.7518518567085266 0.07708333432674408 0.7518518567085266 0.078125 0.75 0.08124999701976776 0.75 0.08229167014360428 0.7481481432914734 0.09062500298023224 0.7481481432914734 0.09166666865348816 0.75 0.09166666865348816 0.7518518567085266 0.09375 0.7518518567085266 0.09479166567325592 0.75 0.10104166716337204 0.75 0.10208333283662796 0.7481481432914734 0.1041666641831398 0.7481481432914734 0.10729166865348816 0.7425925731658936 0.10625000298023224 0.7407407164573669 0.109375 0.7351852059364319 0.11145833134651184 0.7351852059364319 0.11249999701976776 0.7333333492279053 0.11666666716337204 0.7333333492279053 0.11770833283662796 0.7351852059364319 0.12291666865348816 0.7351852059364319 0.12395833432674408 0.7333333492279053 0.12604166567325592 0.7333333492279053 0.12708333134651184 0.7314814925193787 0.12812499701976776 0.7314814925193787
2 0.19687500596046448 0.7240740656852722 0.19583334028720856 0.7222222089767456 0.19479165971279144 0.7222222089767456 0.19374999403953552 0.7240740656852722 0.1927083283662796 0.7240740656852722 0.19062499701976776 0.720370352268219 0.19062499701976776 0.7185184955596924 0.18958333134651184 0.7185184955596924 0.18854166567325592 0.720370352268219 0.18437500298023224 0.720370352268219 0.1822916716337204 0.7166666388511658 0.1822916716337204 0.7148148417472839 0.18333333730697632 0.7129629850387573 0.18541666865348816 0.7129629850387573 0.18645833432674408 0.7111111283302307 0.18437500298023224 0.7111111283302307 0.18333333730697632 0.7129629850387573 0.1822916716337204 0.7129629850387573 0.18020834028720856 0.7166666388511658 0.17916665971279144 0.7166666388511658 0.17812499403953552 0.7185184955596924 0.1770833283662796 0.7185184955596924 0.17604166269302368 0.720370352268219 0.17499999701976776 0.720370352268219 0.17395833134651184 0.7222222089767456 0.17291666567325592 0.7222222089767456 0.171875 0.7240740656852722 0.17083333432674408 0.7240740656852722 0.16979166865348816 0.7259259223937988 0.16875000298023224 0.7259259223937988 0.16562500596046448 0.7314814925193787 0.16562500596046448 0.7333333492279053 0.1666666716337204 0.7351852059364319 0.1770833283662796 0.7351852059364319 0.17812499403953552 0.7333333492279053 0.18020834028720856 0.7333333492279053 0.1822916716337204 0.729629635810852 0.18541666865348816 0.729629635810852 0.1875 0.7333333492279053 0.1927083283662796 0.7333333492279053 0.19374999403953552 0.7314814925193787 0.19479165971279144 0.7314814925193787 0.19583334028720856 0.729629635810852 0.19583334028720856 0.7259259223937988
2 0.40416666865348816 0.6296296119689941 0.39270833134651184 0.6296296119689941 0.3916666805744171 0.6259258985519409 0.38749998807907104 0.6240741014480591 0.3791666626930237 0.6240741014480591 0.36770832538604736 0.6296296119689941 0.36250001192092896 0.6296296119689941 0.3635416626930237 0.6333333253860474 0.36145833134651184 0.6370370388031006 0.35624998807907104 0.6370370388031006 0.35208332538604736 0.6407407522201538 0.3479166626930237 0.6388888955116272 0.34583333134651184 0.6425926089286804 0.34062498807907104 0.6425926089286804 0.33020833134651184 0.6499999761581421 0.32499998807907104 0.6629629731178284 0.328125 0.6629629731178284 0.33020833134651184 0.6666666865348816 0.3239583373069763 0.6759259104728699 0.3187499940395355 0.6777777671813965 0.3187499940395355 0.6814814805984497 0.32083332538604736 0.6833333373069763 0.31979167461395264 0.6851851940155029 0.3229166567325592 0.6814814805984497 0.32604166865348816 0.6851851940155029 0.3218750059604645 0.6925926208496094 0.3114583194255829 0.699999988079071 0.31458333134651184 0.6981481313705444 0.3166666626930237 0.7018518447875977 0.31562501192092896 0.7111111283302307 0.3177083432674408 0.7092592716217041 0.31979167461395264 0.7111111283302307 0.3166666626930237 0.7185184955596924 0.32499998807907104 0.7185184955596924 0.3291666805744171 0.7129629850387573 0.34687501192092896 0.7055555582046509 0.3541666567325592 0.6962962746620178 0.35624998807907104 0.699999988079071 0.36666667461395264 0.699999988079071 0.36770832538604736 0.6981481313705444 0.3687500059604645 0.699999988079071 0.37187498807907104 0.6962962746620178 0.3760416805744171 0.6981481313705444 0.38749998807907104 0.6851851940155029 0.3958333432674408 0.6851851940155029 0.3968749940395355 0.6870370507240295 0.3958333432674408 0.6851851940155029 0.39791667461395264 0.6814814805984497 0.39375001192092896 0.6777777671813965 0.3916666805744171 0.6796296238899231 0.38854166865348816 0.6740740537643433 0.38333332538604736 0.6722221970558167 0.38229167461395264 0.6703703999519348 0.3843750059604645 0.6666666865348816 0.38229167461395264 0.664814829826355 0.37812501192092896 0.6666666865348816 0.375 0.6722221970558167 0.37708333134651184 0.6740740537643433 0.3739583194255829 0.6796296238899231 0.36666667461395264 0.6851851940155029 0.3583333194255829 0.6870370507240295 0.35729166865348816 0.6814814805984497 0.3697916567325592 0.6685185432434082 0.37291666865348816 0.6629629731178284 0.38229167461395264 0.6592592597007751 0.3812499940395355 0.6574074029922485 0.38229167461395264 0.6518518328666687 0.3854166567325592 0.6518518328666687 0.3864583373069763 0.6555555462837219 0.390625 0.6518518328666687 0.39375001192092896 0.6518518328666687 0.3947916626930237 0.6481481194496155 0.39270833134651184 0.6462963223457336 0.38854166865348816 0.6481481194496155 0.3854166567325592 0.6462963223457336 0.3843750059604645 0.6407407522201538 0.38749998807907104 0.6333333253860474 0.390625 0.6388888955116272 0.4020833373069763 0.635185182094574 0.40416666865348816 0.6333333253860474
2 0.5864583253860474 0.605555534362793 0.5864583253860474 0.6074073910713196 0.5874999761581421 0.6092592477798462 0.5885416865348816 0.6092592477798462 0.5895833373069763 0.6111111044883728 0.590624988079071 0.6111111044883728 0.5916666388511658 0.6129629611968994 0.59375 0.6129629611968994 0.596875011920929 0.6074073910713196 0.6000000238418579 0.6074073910713196 0.5947916507720947 0.5981481671333313 0.5927083492279053 0.5981481671333313 0.5916666388511658 0.5962963104248047 0.590624988079071 0.5962963104248047 0.590624988079071 0.6000000238418579 0.5895833373069763 0.6018518805503845 0.5885416865348816 0.6018518805503845
2 0.71875 0.9981481432914734 0.6989583373069763 0.9870370626449585 0.6739583611488342 0.9388889074325562 0.6322916746139526 0.9166666865348816 0.6239583492279053 0.8888888955116272 0.6260416507720947 0.8777777552604675 0.6114583611488342 0.8685185313224792 0.6031249761581421 0.8740741014480591 0.6145833134651184 0.8462963104248047 0.5979166626930237 0.7981481552124023 0.6052083373069763 0.7907407283782959 0.6145833134651184 0.7981481552124023 0.6166666746139526 0.7833333611488342 0.6020833253860474 0.770370364189148 0.6166666746139526 0.7518518567085266 0.6385416388511658 0.7574074268341064 0.6468750238418579 0.7462962865829468 0.6468750238418579 0.7333333492279053 0.5635416507720947 0.7740740776062012 0.4677083194255829 0.8055555820465088 0.4739583432674408 0.779629647731781 0.4854166805744171 0.7888888716697693 0.48229166865348816 0.7814815044403076 0.48750001192092896 0.7685185074806213 0.5114583373069763 0.7666666507720947 0.528124988079071 0.7333333492279053 0.5416666865348816 0.7425925731658936 0.5531250238418579 0.7129629850387573 0.6041666865348816 0.7055555582046509 0.596875011920929 0.6907407641410828 0.6083333492279053 0.6759259104728699 0.5947916507720947 0.6685185432434082 0.6031249761581421 0.6555555462837219 0.6010416746139526 0.6481481194496155 0.5687500238418579 0.6277777552604675 0.5677083134651184 0.6166666746139526 0.5583333373069763 0.614814817905426 0.5604166388511658 0.5981481671333313 0.543749988079071 0.5925925970077515 0.5166666507720947 0.6018518805503845 0.4989583194255829 0.6370370388031006 0.4906249940395355 0.6407407522201538 0.4833333194255829 0.6296296119689941 0.484375 0.6481481194496155 0.4739583432674408 0.6481481194496155 0.4416666626930237 0.6925926208496094 0.4385416805744171 0.7129629850387573 0.44479167461395264 0.7185184955596924 0.43541666865348816 0.7314814925193787 0.4427083432674408 0.7370370626449585 0.43958333134651184 0.7537037134170532 0.4572916626930237 0.7759259343147278 0.453125 0.7870370149612427 0.4572916626930237 0.7907407283782959 0.44583332538604736 0.7944444417953491 0.4385416805744171 0.8203703761100769 0.41979166865348816 0.8240740895271301 0.3135416805744171 0.8925926089286804 0.3125 0.9351851940155029 0.2979166805744171 0.9981481432914734
2 0.7541666626930237 0.43888887763023376 0.7562500238418579 0.442592591047287 0.7593749761581421 0.442592591047287 0.7604166865348816 0.4444444477558136 0.7666666507720947 0.4444444477558136 0.7677083611488342 0.4462963044643402 0.7708333134651184 0.4462963044643402 0.7718750238418579 0.4481481611728668 0.7749999761581421 0.4481481611728668 0.7760416865348816 0.44999998807907104 0.7791666388511658 0.44999998807907104 0.7770833373069763 0.44999998807907104 0.7760416865348816 0.4481481611728668 0.7739583253860474 0.4481481611728668 0.7729166746139526 0.4462963044643402 0.7697916626930237 0.4462963044643402 0.768750011920929 0.4444444477558136 0.7677083611488342 0.4444444477558136 0.7666666507720947 0.442592591047287 0.7645833492279053 0.442592591047287 0.7635416388511658 0.4407407343387604 0.7614583373069763 0.4407407343387604 0.7604166865348816 0.43888887763023376
2 0.7979166507720947 0.4574074149131775 0.8052083253860474 0.46481481194496155 0.8322916626930237 0.47777777910232544 0.9479166865348816 0.5111111402511597 0.9989583492279053 0.529629647731781 0.9989583492279053 0.4574074149131775 0.965624988079071 0.45370370149612427 0.9208333492279053 0.4333333373069763 0.8666666746139526 0.4185185134410858 0.8479166626930237 0.42592594027519226 0.8739583492279053 0.43518519401550293 0.8770833611488342 0.43888887763023376 0.8864583373069763 0.43518519401550293 0.8999999761581421 0.4444444477558136 0.9041666388511658 0.45185184478759766 0.9104166626930237 0.45185184478759766 0.9104166626930237 0.4555555582046509 0.8989583253860474 0.4555555582046509 0.8916666507720947 0.44999998807907104 0.8864583373069763 0.44999998807907104 0.890625 0.4574074149131775 0.8802083134651184 0.46481481194496155 0.8395833373069763 0.4592592716217041 0.8145833611488342 0.45185184478759766 0.8010416626930237 0.45370370149612427 0.8010416626930237 0.4574074149131775
2 0.09583333134651184 0.42592594027519226 0.08958332985639572 0.42592594027519226 0.0885416641831398 0.42407408356666565 0.03958333283662796 0.42592594027519226 0.03854166716337204 0.42407408356666565 0.04270833358168602 0.4185185134410858 0.0416666679084301 0.4166666567325592 0.04791666567325592 0.4055555462837219 0.05416666716337204 0.3907407522201538 0.05000000074505806 0.3907407522201538 0.04895833507180214 0.39259257912635803 0.03437500074505806 0.39629629254341125 0.03020833246409893 0.4018518626689911 0.02812499925494194 0.4018518626689911 0.02708333358168602 0.4000000059604645 0.02812499925494194 0.39814814925193787 0.02604166604578495 0.4000000059604645 0.02395833283662796 0.39814814925193787 0.01979166641831398 0.4018518626689911 0.0062500000931322575 0.4037036895751953 0.004166666883975267 0.4055555462837219 0.00937500037252903 0.4055555462837219 0.010416666977107525 0.40740740299224854 0.0072916666977107525 0.41111111640930176 0.0 0.41111111640930176 0.0 0.4870370328426361 0.0031250000465661287 0.4870370328426361 0.010416666977107525 0.48148149251937866 0.01354166679084301 0.48148149251937866 0.01770833320915699 0.47777777910232544 0.02812499925494194 0.4740740656852722 0.03020833246409893 0.4703703820705414 0.03541666641831398 0.4703703820705414 0.0416666679084301 0.46481481194496155 0.04374999925494194 0.46481481194496155 0.06041666492819786 0.45370370149612427 0.06354166567325592 0.45370370149612427 0.06875000149011612 0.44999998807907104 0.0729166641831398 0.44999998807907104 0.07395832985639572 0.4481481611728668 0.07708333432674408 0.4481481611728668 0.07916666567325592 0.4444444477558136 0.0833333358168602 0.4444444477558136 0.08437500149011612 0.442592591047287 0.08749999850988388 0.442592591047287 0.0885416641831398 0.4407407343387604 0.09583333134651184 0.43703705072402954 0.09479166567325592 0.43518519401550293 0.09583333134651184 0.4314814805984497 0.09479166567325592 0.4277777671813965
2 0.06041666492819786 0.3888888955116272 0.0625 0.3888888955116272 0.06354166567325592 0.3907407522201538 0.0625 0.39259257912635803 0.06458333134651184 0.39259257912635803 0.06562499701976776 0.39444443583488464 0.09062500298023224 0.39444443583488464 0.09166666865348816 0.39259257912635803 0.10104166716337204 0.39259257912635803 0.10208333283662796 0.3907407522201538 0.10833333432674408 0.3907407522201538 0.109375 0.3888888955116272 0.11249999701976776 0.3888888955116272 0.11354167014360428 0.3870370388031006 0.11562500149011612 0.3870370388031006 0.11666666716337204 0.385185182094574 0.12083332985639572 0.385185182094574 0.1197916641831398 0.38333332538604736 0.1197916641831398 0.38148146867752075 0.12083332985639572 0.37962964177131653 0.12916666269302368 0.37962964177131653 0.09270833432674408 0.37962964177131653 0.09166666865348816 0.38148146867752075 0.09062500298023224 0.38148146867752075 0.08958332985639572 0.38333332538604736 0.08749999850988388 0.38333332538604736 0.08645833283662796 0.385185182094574 0.07604166865348816 0.385185182094574 0.07500000298023224 0.3870370388031006 0.06458333134651184 0.3870370388031006 0.06354166567325592 0.3888888955116272
2 0.18020834028720856 0.3888888955116272 0.17916665971279144 0.3888888955116272 0.17499999701976776 0.38148146867752075 0.17395833134651184 0.38148146867752075 0.17291666567325592 0.37962964177131653 0.17083333432674408 0.37962964177131653 0.16979166865348816 0.3777777850627899 0.16770833730697632 0.3777777850627899 0.1666666716337204 0.3759259283542633 0.16562500596046448 0.3759259283542633 0.16458334028720856 0.3777777850627899 0.16249999403953552 0.3777777850627899 0.1614583283662796 0.37962964177131653 0.15937499701976776 0.37962964177131653 0.15937499701976776 0.38148146867752075 0.15833333134651184 0.38333332538604736 0.15729166567325592 0.38333332538604736 0.15625 0.385185182094574 0.15312500298023224 0.385185182094574 0.15208333730697632 0.3870370388031006 0.14895834028720856 0.3870370388031006 0.14791665971279144 0.3888888955116272 0.14687499403953552 0.3888888955116272 0.14479166269302368 0.39259257912635803 0.14374999701976776 0.39259257912635803 0.14270833134651184 0.39444443583488464 0.14166666567325592 0.39444443583488464 0.140625 0.39629629254341125 0.13333334028720856 0.39629629254341125 0.13229165971279144 0.39814814925193787 0.12708333134651184 0.39814814925193787 0.12604166567325592 0.4000000059604645 0.12395833432674408 0.4000000059604645 0.12395833432674408 0.4018518626689911 0.12916666269302368 0.4018518626689911 0.1302083283662796 0.4000000059604645 0.13229165971279144 0.4000000059604645 0.13333334028720856 0.4018518626689911 0.13645833730697632 0.4018518626689911 0.13750000298023224 0.4000000059604645 0.140625 0.4000000059604645 0.14166666567325592 0.39814814925193787 0.14479166269302368 0.39814814925193787 0.1458333283662796 0.39629629254341125 0.14791665971279144 0.39629629254341125 0.14895834028720856 0.39444443583488464 0.1510416716337204 0.39444443583488464 0.15208333730697632 0.39259257912635803 0.15416666865348816 0.39259257912635803 0.15520833432674408 0.3907407522201538 0.16770833730697632 0.3907407522201538 0.16875000298023224 0.3888888955116272
2 0.07916666567325592 0.3722222149372101 0.078125 0.3722222149372101 0.07708333432674408 0.37037035822868347 0.0729166641831398 0.37037035822868347 0.07187499850988388 0.3722222149372101 0.07083333283662796 0.3722222149372101 0.06979166716337204 0.37037035822868347 0.06666667014360428 0.37037035822868347 0.06562499701976776 0.3722222149372101 0.0625 0.3722222149372101 0.06145833432674408 0.3740740716457367 0.05520833283662796 0.3740740716457367 0.05416666716337204 0.3759259283542633 0.05312500149011612 0.3740740716457367 0.0520833320915699 0.3740740716457367 0.05104166641831398 0.3759259283542633 0.04374999925494194 0.3759259283542633 0.04270833358168602 0.3777777850627899 0.03750000149011612 0.3777777850627899 0.0364583320915699 0.37962964177131653 0.03333333507180214 0.37962964177131653 0.03229166567325592 0.3777777850627899 0.03333333507180214 0.3759259283542633 0.02500000037252903 0.3759259283542633 0.02812499925494194 0.3759259283542633 0.02916666679084301 0.3777777850627899 0.02812499925494194 0.37962964177131653 0.02083333395421505 0.37962964177131653 0.01979166641831398 0.38148146867752075 0.0062500000931322575 0.38148146867752075 0.0052083334885537624 0.38333332538604736 0.0031250000465661287 0.38333332538604736 0.0020833334419876337 0.385185182094574 0.0 0.385185182094574 0.0 0.3907407522201538 0.004166666883975267 0.3907407522201538 0.0052083334885537624 0.3888888955116272 0.01145833358168602 0.3888888955116272 0.012500000186264515 0.3907407522201538 0.014583333395421505 0.3907407522201538 0.014583333395421505 0.3888888955116272 0.015625 0.3870370388031006 0.01666666753590107 0.3870370388031006 0.01770833320915699 0.3888888955116272 0.02604166604578495 0.3888888955116272 0.02916666679084301 0.385185182094574 0.03229166567325592 0.385185182094574 0.03333333507180214 0.3870370388031006 0.0364583320915699 0.3870370388031006 0.03750000149011612 0.385185182094574 0.03854166716337204 0.385185182094574 0.04270833358168602 0.3777777850627899 0.04479166492819786 0.3777777850627899 0.04583333432674408 0.3759259283542633 0.04791666567325592 0.3759259283542633 0.04895833507180214 0.3777777850627899 0.0572916679084301 0.3777777850627899 0.05833333358168602 0.37962964177131653 0.05937499925494194 0.37962964177131653 0.06041666492819786 0.3777777850627899 0.05937499925494194 0.3759259283542633 0.0625 0.3722222149372101
2 0.9822916388511658 0.9981481432914734 0.7385416626930237 0.5462962985038757 0.6104166507720947 0.47962963581085205 0.6760416626930237 0.49259260296821594 0.6781250238418579 0.46666666865348816 0.637499988079071 0.4407407343387604 0.6937500238418579 0.4444444477558136 0.6916666626930237 0.4296296238899231 0.7416666746139526 0.41296297311782837 0.543749988079071 0.35555556416511536 0.3635416626930237 0.3759259283542633 0.29895833134651184 0.4000000059604645 0.36770832538604736 0.4481481611728668 0.3135416805744171 0.46296295523643494 0.29479166865348816 0.4888888895511627 0.09687499701976776 0.5074074268341064 0.09166666865348816 0.48148149251937866 0.03750000149011612 0.5055555701255798 0.02604166604578495 0.5407407283782959 0.0 0.5518518686294556 0.0 0.7574074268341064 0.518750011920929 0.5574073791503906 0.4166666567325592 0.46666666865348816 0.4312500059604645 0.44999998807907104 0.4177083373069763 0.4314814805984497 0.48750001192092896 0.4018518626689911 0.503125011920929 0.41296297311782837 0.4312500059604645 0.4611110985279083 0.5697916746139526 0.4333333373069763 0.5802083611488342 0.4703703820705414 0.6104166507720947 0.49259260296821594 0.5854166746139526 0.5092592835426331 0.6135416626930237 0.5314815044403076 0.574999988079071 0.5518518686294556 0.5854166746139526 0.5703703761100769 0.5635416507720947 0.5870370268821716 0.6010416746139526 0.5888888835906982 0.8791666626930237 0.9962962865829468
2 0.21041665971279144 0.364814817905426 0.21770833432674408 0.364814817905426 0.21875 0.36666667461395264 0.2291666716337204 0.364814817905426 0.23020833730697632 0.36666667461395264 0.22812500596046448 0.37037035822868347 0.22604165971279144 0.37037035822868347 0.22499999403953552 0.3722222149372101 0.2291666716337204 0.3722222149372101 0.23020833730697632 0.37037035822868347 0.23229166865348816 0.37037035822868347 0.234375 0.36666667461395264 0.24687500298023224 0.36666667461395264 0.24791666865348816 0.364814817905426 0.24895833432674408 0.36666667461395264 0.25208333134651184 0.36666667461395264 0.2552083432674408 0.37037035822868347 0.2541666626930237 0.3740740716457367 0.2510416805744171 0.3740740716457367 0.25208333134651184 0.3777777850627899 0.2510416805744171 0.37962964177131653 0.26875001192092896 0.37962964177131653 0.2697916626930237 0.3777777850627899 0.2760416567325592 0.3777777850627899 0.28333333134651184 0.37037035822868347 0.28854167461395264 0.36851853132247925 0.29479166865348816 0.3592592477798462 0.296875 0.3592592477798462 0.3031249940395355 0.35370370745658875 0.30520832538604736 0.3499999940395355 0.3010416626930237 0.3499999940395355 0.30000001192092896 0.35185185074806213 0.2874999940395355 0.35185185074806213 0.28437501192092896 0.3481481373310089 0.2822916805744171 0.3499999940395355 0.28125 0.3481481373310089 0.27812498807907104 0.3481481373310089 0.2770833373069763 0.3499999940395355 0.2697916626930237 0.3499999940395355 0.26875001192092896 0.35185185074806213 0.2552083432674408 0.35185185074806213 0.2541666626930237 0.3499999940395355 0.2552083432674408 0.3481481373310089 0.25729167461395264 0.3481481373310089 0.24895833432674408 0.3481481373310089 0.24791666865348816 0.3462963104248047 0.25208333134651184 0.34259259700775146 0.24687500298023224 0.34259259700775146 0.24583333730697632 0.3444444537162781 0.24062499403953552 0.3444444537162781 0.2395833283662796 0.3462963104248047 0.23645833134651184 0.3462963104248047 0.24270834028720856 0.3462963104248047 0.2447916716337204 0.3499999940395355 0.24687500298023224 0.3499999940395355 0.24791666865348816 0.35185185074806213 0.24687500298023224 0.35555556416511536 0.234375 0.35555556416511536 0.23333333432674408 0.35740742087364197 0.2239583283662796 0.35740742087364197 0.21979166567325592 0.3629629611968994 0.21666666865348816 0.3611111044883728 0.21562500298023224 0.3629629611968994 0.21145834028720856 0.3629629611968994
2 0.5874999761581421 0.3611111044883728 0.596875011920929 0.3592592477798462 0.6031249761581421 0.364814817905426 0.6020833253860474 0.36851853132247925 0.5979166626930237 0.36851853132247925 0.6072916388511658 0.36666667461395264 0.6187499761581421 0.3740740716457367 0.6291666626930237 0.37037035822868347 0.637499988079071 0.3759259283542633 0.6499999761581421 0.3740740716457367 0.6635416746139526 0.37962964177131653 0.6885416507720947 0.37962964177131653 0.7135416865348816 0.38333332538604736 0.737500011920929 0.3722222149372101 0.734375 0.3722222149372101 0.734375 0.36851853132247925 0.7385416626930237 0.36851853132247925 0.7395833134651184 0.3722222149372101 0.7427083253860474 0.36851853132247925 0.7770833373069763 0.36851853132247925 0.800000011920929 0.3611111044883728 0.8135416507720947 0.3611111044883728 0.7947916388511658 0.35555556416511536 0.762499988079071 0.35555556416511536 0.762499988079071 0.35185185074806213 0.7572916746139526 0.35555556416511536 0.7197916507720947 0.35555556416511536 0.7124999761581421 0.3611111044883728 0.7093750238418579 0.3592592477798462 0.7093750238418579 0.35555556416511536 0.7364583611488342 0.3462963104248047 0.7197916507720947 0.3462963104248047 0.6854166388511658 0.33888888359069824 0.684374988079071 0.34259259700775146 0.6666666865348816 0.34074074029922485 0.6291666626930237 0.3444444537162781 0.6458333134651184 0.3462963104248047 0.6458333134651184 0.3499999940395355 0.6364583373069763 0.3499999940395355 0.6333333253860474 0.35370370745658875 0.6447916626930237 0.35555556416511536 0.6447916626930237 0.3592592477798462
2 0.39375001192092896 0.32592591643333435 0.3760416805744171 0.32592591643333435 0.375 0.32777777314186096 0.3489583432674408 0.32777777314186096 0.3479166626930237 0.3296296298503876 0.34375 0.3296296298503876 0.3427083194255829 0.3314814865589142 0.3322916626930237 0.3314814865589142 0.34375 0.3314814865589142 0.3447916805744171 0.3296296298503876 0.3499999940395355 0.3296296298503876 0.35104167461395264 0.32777777314186096 0.35208332538604736 0.32777777314186096 0.3531250059604645 0.3296296298503876 0.3541666567325592 0.32777777314186096 0.35729166865348816 0.32777777314186096 0.3583333194255829 0.3296296298503876 0.3739583194255829 0.3296296298503876 0.375 0.3314814865589142 0.3760416805744171 0.3314814865589142 0.37708333134651184 0.3296296298503876 0.37812501192092896 0.3296296298503876 0.3791666626930237 0.32777777314186096 0.390625 0.32777777314186096 0.3916666805744171 0.32592591643333435
2 0.2802083194255829 0.3333333432674408 0.25208333134651184 0.3333333432674408 0.2510416805744171 0.3296296298503876 0.22083333134651184 0.3333333432674408 0.22083333134651184 0.3296296298503876 0.25 0.32592591643333435 0.18541666865348816 0.32777777314186096 0.16875000298023224 0.3333333432674408 0.15937499701976776 0.3314814865589142 0.1614583283662796 0.3351851999759674 0.15729166567325592 0.3351851999759674 0.15729166567325592 0.3314814865589142 0.15625 0.33703702688217163 0.14166666567325592 0.3351851999759674 0.14895834028720856 0.3351851999759674 0.14895834028720856 0.33888888359069824 0.09791667014360428 0.34259259700775146 0.09583333134651184 0.3462963104248047 0.09166666865348816 0.3444444537162781 0.09479166567325592 0.34259259700775146 0.0 0.3499999940395355 0.0 0.3592592477798462 0.03437500074505806 0.35370370745658875 0.06979166716337204 0.35555556416511536 0.14895834028720856 0.3444444537162781 0.15416666865348816 0.3462963104248047 0.15416666865348816 0.3499999940395355 0.11562500149011612 0.35185185074806213 0.10520832985639572 0.3592592477798462 0.08645833283662796 0.3629629611968994 0.1197916641831398 0.36666667461395264 0.14479166269302368 0.3629629611968994 0.13750000298023224 0.35370370745658875 0.16562500596046448 0.35370370745658875 0.20624999701976776 0.34074074029922485
2 0.5239583253860474 0.32592591643333435 0.5052083134651184 0.32592591643333435 0.5041666626930237 0.32407405972480774 0.503125011920929 0.32407405972480774 0.5020833611488342 0.32592591643333435 0.4958333373069763 0.32592591643333435 0.4947916567325592 0.32407405972480774 0.4937500059604645 0.32592591643333435 0.49270832538604736 0.32407405972480774 0.49166667461395264 0.32407405972480774 0.4906249940395355 0.32592591643333435 0.49166667461395264 0.32592591643333435 0.49270832538604736 0.32777777314186096 0.49166667461395264 0.3296296298503876 0.48124998807907104 0.3296296298503876 0.4802083373069763 0.32777777314186096 0.47187501192092896 0.32777777314186096 0.47083333134651184 0.32592591643333435 0.4593749940395355 0.32592591643333435 0.4583333432674408 0.32777777314186096 0.46041667461395264 0.32777777314186096 0.46145832538604736 0.3296296298503876 0.4625000059604645 0.3296296298503876 0.4635416567325592 0.3314814865589142 0.46562498807907104 0.3314814865589142 0.46666666865348816 0.3333333432674408 0.4937500059604645 0.3333333432674408 0.4937500059604645 0.3314814865589142 0.4947916567325592 0.3296296298503876 0.49687498807907104 0.3296296298503876 0.49791666865348816 0.32777777314186096 0.5062500238418579 0.32777777314186096 0.5072916746139526 0.32592591643333435
3 0.4322916567325592 0.3314814865589142 0.4322916567325592 0.3333333432674408 0.4364583194255829 0.3333333432674408 0.4375 0.3351851999759674 0.4385416805744171 0.3351851999759674 0.43958333134651184 0.33703702688217163 0.44062501192092896 0.3351851999759674 0.4437499940395355 0.3351851999759674 0.44479167461395264 0.33703702688217163 0.45104166865348816 0.33703702688217163 0.4520833194255829 0.3351851999759674 0.4520833194255829 0.3314814865589142 0.45104166865348816 0.3296296298503876 0.4479166567325592 0.3296296298503876 0.4468750059604645 0.32777777314186096 0.43958333134651184 0.32777777314186096 0.4385416805744171 0.32592591643333435 0.43541666865348816 0.32592591643333435
3 0.4104166626930237 0.32592591643333435 0.4104166626930237 0.32777777314186096 0.4124999940395355 0.3314814865589142 0.4166666567325592 0.3314814865589142 0.4177083373069763 0.3333333432674408 0.42500001192092896 0.3333333432674408 0.4260416626930237 0.3351851999759674 0.4281249940395355 0.3351851999759674 0.42916667461395264 0.33703702688217163 0.43020832538604736 0.3351851999759674 0.4270833432674408 0.3296296298503876 0.4260416626930237 0.3296296298503876 0.42500001192092896 0.32777777314186096 0.42395833134651184 0.32777777314186096 0.4229166805744171 0.32592591643333435 0.41979166865348816 0.32592591643333435 0.41874998807907104 0.32407405972480774 0.4124999940395355 0.32407405972480774 0.4114583432674408 0.32592591643333435
