0 0.9770833253860474 0.6166666746139526 0.9781249761581421 0.6185185313224792 0.9802083373069763 0.6185185313224792 0.981249988079071 0.6203703880310059 0.9822916388511658 0.6203703880310059 0.9833333492279053 0.6222222447395325 0.984375 0.6222222447395325 0.9854166507720947 0.6240741014480591 0.987500011920929 0.6240741014480591 0.9885416626930237 0.6259258985519409 0.9895833134651184 0.6259258985519409 0.9906250238418579 0.6277777552604675 0.9927083253860474 0.6277777552604675 0.9937499761581421 0.6296296119689941 0.9958333373069763 0.6296296119689941 0.996874988079071 0.6314814686775208 0.9989583492279053 0.6314814686775208 0.9989583492279053 0.6240741014480591 0.9979166388511658 0.6222222447395325 0.996874988079071 0.6222222447395325 0.9958333373069763 0.6203703880310059 0.9947916865348816 0.6203703880310059 0.9937499761581421 0.6185185313224792 0.9916666746139526 0.6185185313224792 0.9906250238418579 0.6166666746139526 0.9885416626930237 0.6166666746139526 0.987500011920929 0.614814817905426 0.9822916388511658 0.614814817905426 0.981249988079071 0.6166666746139526
0 0.965624988079071 0.5703703761100769 0.9666666388511658 0.5722222328186035 0.9677083492279053 0.5722222328186035 0.96875 0.5740740895271301 0.9666666388511658 0.5777778029441833 0.9677083492279053 0.5777778029441833 0.96875 0.5796296000480652 0.9697916507720947 0.5796296000480652 0.9708333611488342 0.5814814567565918 0.971875011920929 0.5814814567565918 0.9729166626930237 0.5833333134651184 0.9739583134651184 0.5833333134651184 0.9750000238418579 0.585185170173645 0.9760416746139526 0.585185170173645 0.9770833253860474 0.5870370268821716 0.9791666865348816 0.5870370268821716 0.9802083373069763 0.5888888835906982 0.981249988079071 0.5888888835906982 0.9822916388511658 0.5907407402992249 0.984375 0.5907407402992249 0.9854166507720947 0.5925925970077515 0.9864583611488342 0.5925925970077515 0.987500011920929 0.5944444537162781 0.9895833134651184 0.5944444537162781 0.9906250238418579 0.5962963104248047 0.9927083253860474 0.5962963104248047 0.9937499761581421 0.5981481671333313 0.9947916865348816 0.5981481671333313 0.9958333373069763 0.6000000238418579 0.9979166388511658 0.6000000238418579 0.9989583492279053 0.6018518805503845 0.9989583492279053 0.5777778029441833 0.9958333373069763 0.5777778029441833 0.9947916865348816 0.5759259462356567 0.9885416626930237 0.5759259462356567 0.987500011920929 0.5740740895271301 0.9750000238418579 0.5740740895271301 0.9739583134651184 0.5722222328186035 0.96875 0.5722222328186035 0.9677083492279053 0.5703703761100769
0 0.10833333432674408 0.5166666507720947 0.10729166865348816 0.5148147940635681 0.10625000298023224 0.5148147940635681 0.10520832985639572 0.5166666507720947 0.10208333283662796 0.5166666507720947 0.10104166716337204 0.5185185074806213 0.09791667014360428 0.5185185074806213 0.09687499701976776 0.520370364189148 0.09479166567325592 0.520370364189148 0.09375 0.5222222208976746 0.09062500298023224 0.5222222208976746 0.08958332985639572 0.5240740776062012 0.08645833283662796 0.5240740776062012 0.08541666716337204 0.5259259343147278 0.08229167014360428 0.5259259343147278 0.08124999701976776 0.5277777910232544 0.078125 0.5277777910232544 0.07708333432674408 0.529629647731781 0.0729166641831398 0.529629647731781 0.07187499850988388 0.5314815044403076 0.06875000149011612 0.5314815044403076 0.0677083358168602 0.5333333611488342 0.0625 0.5333333611488342 0.06145833432674408 0.5351851582527161 0.05833333358168602 0.5351851582527161 0.0572916679084301 0.5370370149612427 0.05520833283662796 0.5370370149612427 0.05416666716337204 0.5388888716697693 0.05312500149011612 0.5388888716697693 0.05416666716337204 0.5407407283782959 0.0520833320915699 0.5444444417953491 0.05104166641831398 0.5444444417953491 0.05416666716337204 0.5444444417953491 0.05520833283662796 0.5425925850868225 0.06041666492819786 0.5425925850868225 0.06145833432674408 0.5407407283782959 0.06458333134651184 0.5407407283782959 0.06562499701976776 0.5388888716697693 0.0677083358168602 0.5388888716697693 0.06875000149011612 0.5370370149612427 0.07187499850988388 0.5370370149612427 0.0729166641831398 0.5351851582527161 0.07604166865348816 0.5351851582527161 0.07708333432674408 0.5370370149612427 0.07395832985639572 0.5407407283782959 0.07500000298023224 0.5407407283782959 0.07604166865348816 0.5425925850868225 0.0729166641831398 0.5462962985038757 0.07395832985639572 0.5444444417953491 0.07708333432674408 0.5444444417953491 0.078125 0.5425925850868225 0.08229167014360428 0.5425925850868225 0.0833333358168602 0.5407407283782959 0.08541666716337204 0.5407407283782959 0.08645833283662796 0.5388888716697693 0.0885416641831398 0.5388888716697693 0.08958332985639572 0.5370370149612427 0.09166666865348816 0.5370370149612427 0.09270833432674408 0.5351851582527161 0.09479166567325592 0.5351851582527161 0.09583333134651184 0.5333333611488342 0.09687499701976776 0.5333333611488342 0.10000000149011612 0.5277777910232544 0.10000000149011612 0.5259259343147278 0.10104166716337204 0.5240740776062012 0.10208333283662796 0.5240740776062012 0.10520832985639572 0.5185185074806213 0.10625000298023224 0.5185185074806213 0.10729166865348816 0.5166666507720947
0 0.0 0.4481481611728668 0.0 0.5240740776062012 0.02395833283662796 0.5314815044403076 0.0 0.5648148059844971 0.1770833283662796 0.44999998807907104 0.3447916805744171 0.3907407522201538 0.15000000596046448 0.4888888895511627 0.20104166865348816 0.4740740656852722 0.20208333432674408 0.49259260296821594 0.27812498807907104 0.4444444477558136 0.3395833373069763 0.43888887763023376 0.12187500298023224 0.5666666626930237 0.15729166567325592 0.5481481552124023 0.13958333432674408 0.6185185313224792 0.0 0.7351852059364319 0.0 0.9981481432914734 0.9989583492279053 0.9981481432914734 0.9989583492279053 0.699999988079071 0.8895833492279053 0.5611110925674438 0.7458333373069763 0.46296295523643494 0.6104166507720947 0.42222222685813904 0.4583333432674408 0.43703705072402954 0.4729166626930237 0.4018518626689911 0.3947916626930237 0.39814814925193787 0.4156250059604645 0.4018518626689911 0.3947916626930237 0.4333333373069763 0.3739583194255829 0.4148148000240326 0.3812499940395355 0.4018518626689911 0.3427083194255829 0.4018518626689911 0.3802083432674408 0.36851853132247925 0.35729166865348816 0.364814817905426 0.15625 0.4444444477558136 0.10312499850988388 0.4185185134410858
0 0.1354166716337204 0.34259259700775146 0.10104166716337204 0.34074074029922485 0.0625 0.3462963104248047 0.06145833432674408 0.3444444537162781 0.03437500074505806 0.3481481373310089 0.03541666641831398 0.3499999940395355 0.03437500074505806 0.35185185074806213 0.03020833246409893 0.35185185074806213 0.02187499962747097 0.35740742087364197 0.01666666753590107 0.35740742087364197 0.01354166679084301 0.35370370745658875 0.00937500037252903 0.35555556416511536 0.0 0.35370370745658875 0.0 0.3759259283542633 0.01979166641831398 0.3722222149372101 0.03125 0.3740740716457367 0.02916666679084301 0.3777777850627899 0.0 0.38333332538604736 0.0 0.385185182094574 0.11145833134651184 0.3629629611968994 0.08645833283662796 0.36666667461395264 0.08541666716337204 0.364814817905426 0.08958332985639572 0.3592592477798462 0.09375 0.3592592477798462 0.09791667014360428 0.35555556416511536 0.10208333283662796 0.35555556416511536 0.10520832985639572 0.3592592477798462 0.11562500149011612 0.3592592477798462 0.12604166567325592 0.35555556416511536 0.13333334028720856 0.3481481373310089 0.10208333283662796 0.3499999940395355 0.10104166716337204 0.3481481373310089 0.1041666641831398 0.3444444537162781
0 0.23333333432674408 0.3166666626930237 0.23541666567325592 0.3166666626930237 0.23645833134651184 0.31481480598449707 0.24687500298023224 0.31481480598449707 0.24791666865348816 0.31296294927597046 0.24895833432674408 0.31481480598449707 0.2614583373069763 0.31481480598449707 0.26249998807907104 0.31296294927597046 0.265625 0.31296294927597046 0.2666666805744171 0.31481480598449707 0.26770833134651184 0.31296294927597046 0.26875001192092896 0.31481480598449707 0.2718749940395355 0.31481480598449707 0.27291667461395264 0.31296294927597046 0.24375000596046448 0.31296294927597046 0.24270834028720856 0.31481480598449707 0.234375 0.31481480598449707
0 0.2802083194255829 0.31111112236976624 0.2760416567325592 0.31111112236976624 0.2750000059604645 0.31296294927597046 0.2750000059604645 0.3166666626930237 0.27395832538604736 0.3185185194015503 0.26875001192092896 0.3185185194015503 0.2697916626930237 0.3203703761100769 0.27291667461395264 0.3203703761100769 0.27395832538604736 0.3222222328186035 0.2802083194255829 0.3222222328186035 0.2802083194255829 0.3203703761100769 0.27812498807907104 0.3166666626930237 0.27916666865348816 0.31481480598449707 0.2802083194255829 0.31481480598449707 0.27916666865348816 0.31481480598449707 0.27812498807907104 0.31296294927597046 0.27916666865348816 0.31111112236976624
0 0.23020833730697632 0.307407408952713 0.2604166567325592 0.307407408952713 0.2614583373069763 0.3055555522441864 0.26249998807907104 0.307407408952713 0.2645833194255829 0.3055555522441864 0.2666666805744171 0.307407408952713 0.27291667461395264 0.307407408952713 0.27395832538604736 0.3055555522441864 0.28437501192092896 0.3055555522441864 0.2854166626930237 0.307407408952713 0.28437501192092896 0.3092592656612396 0.2822916805744171 0.3092592656612396 0.28854167461395264 0.3092592656612396 0.2906250059604645 0.31296294927597046 0.28854167461395264 0.3166666626930237 0.2874999940395355 0.31481480598449707 0.28333333134651184 0.3166666626930237 0.2864583432674408 0.3166666626930237 0.28854167461395264 0.3203703761100769 0.2958333194255829 0.3203703761100769 0.29374998807907104 0.3203703761100769 0.2927083373069763 0.3185185194015503 0.29374998807907104 0.3166666626930237 0.296875 0.3166666626930237 0.2979166805744171 0.3185185194015503 0.30000001192092896 0.3185185194015503 0.3010416626930237 0.3203703761100769 0.30000001192092896 0.3222222328186035 0.3125 0.3222222328186035 0.3135416805744171 0.3203703761100769 0.3239583373069763 0.3203703761100769 0.32499998807907104 0.3185185194015503 0.3291666805744171 0.3166666626930237 0.328125 0.31481480598449707 0.32604166865348816 0.3185185194015503 0.3135416805744171 0.3185185194015503 0.3125 0.3166666626930237 0.3135416805744171 0.31481480598449707 0.3229166567325592 0.31111112236976624 0.32083332538604736 0.31111112236976624 0.3166666626930237 0.307407408952713 0.3072916567325592 0.3092592656612396 0.3062500059604645 0.307407408952713 0.3031249940395355 0.307407408952713 0.3020833432674408 0.3055555522441864 0.2864583432674408 0.3055555522441864 0.2854166626930237 0.3037036955356598 0.2562499940395355 0.3037036955356598 0.2552083432674408 0.3055555522441864 0.25312501192092896 0.3037036955356598 0.25 0.307407408952713 0.24270834028720856 0.307407408952713 0.24166665971279144 0.3055555522441864 0.24062499403953552 0.307407408952713 0.23645833134651184 0.307407408952713 0.23541666567325592 0.3055555522441864 0.23229166865348816 0.3055555522441864
0 0.38333332538604736 0.31111112236976624 0.3812499940395355 0.31111112236976624 0.375 0.3037036955356598 0.37187498807907104 0.3037036955356598 0.3708333373069763 0.3018518388271332 0.36666667461395264 0.3018518388271332 0.3656249940395355 0.30000001192092896 0.36250001192092896 0.30000001192092896 0.36145833134651184 0.29814815521240234 0.359375 0.29814815521240234 0.3541666567325592 0.3037036955356598 0.35104167461395264 0.3037036955356598 0.3499999940395355 0.3055555522441864 0.34687501192092896 0.3055555522441864 0.34583333134651184 0.307407408952713 0.3385416567325592 0.307407408952713 0.3375000059604645 0.3055555522441864 0.3395833373069763 0.3018518388271332 0.33541667461395264 0.3018518388271332 0.3343749940395355 0.30000001192092896 0.3322916626930237 0.30000001192092896 0.33125001192092896 0.3018518388271332 0.3291666805744171 0.3018518388271332 0.328125 0.3037036955356598 0.328125 0.307407408952713 0.3291666805744171 0.307407408952713 0.33020833134651184 0.3055555522441864 0.33125001192092896 0.307407408952713 0.33125001192092896 0.3092592656612396 0.3343749940395355 0.3092592656612396 0.33541667461395264 0.31111112236976624 0.34062498807907104 0.31111112236976624 0.34166666865348816 0.3092592656612396 0.3447916805744171 0.3092592656612396 0.3479166626930237 0.31296294927597046 0.3479166626930237 0.31481480598449707 0.34687501192092896 0.3166666626930237 0.3447916805744171 0.3166666626930237 0.34375 0.31481480598449707 0.3427083194255829 0.3166666626930237 0.3385416567325592 0.3166666626930237 0.3375000059604645 0.3185185194015503 0.3333333432674408 0.3185185194015503 0.3375000059604645 0.3185185194015503 0.3385416567325592 0.3203703761100769 0.3375000059604645 0.3185185194015503 0.3385416567325592 0.3166666626930237 0.3479166626930237 0.3166666626930237 0.3489583432674408 0.3185185194015503 0.3479166626930237 0.3203703761100769 0.34687501192092896 0.3203703761100769 0.3541666567325592 0.3203703761100769 0.3552083373069763 0.3222222328186035 0.35624998807907104 0.3203703761100769 0.35729166865348816 0.3222222328186035 0.3583333194255829 0.3203703761100769 0.36145833134651184 0.32407405972480774 0.3604166805744171 0.32592591643333435 0.3583333194255829 0.32592591643333435 0.36145833134651184 0.32592591643333435 0.36250001192092896 0.32407405972480774 0.37187498807907104 0.32407405972480774 0.37291666865348816 0.3222222328186035 0.3812499940395355 0.3222222328186035 0.38229167461395264 0.3203703761100769 0.3812499940395355 0.31481480598449707
1 0.015625 0.7648147940635681 0.015625 0.7666666507720947 0.01354166679084301 0.770370364189148 0.014583333395421505 0.770370364189148 0.015625 0.7722222208976746 0.014583333395421505 0.7740740776062012 0.01354166679084301 0.7740740776062012 0.01354166679084301 0.7759259343147278 0.015625 0.7759259343147278 0.01666666753590107 0.7777777910232544 0.015625 0.779629647731781 0.01145833358168602 0.779629647731781 0.010416666977107525 0.7814815044403076 0.010416666977107525 0.7833333611488342 0.00937500037252903 0.7851851582527161 0.008333333767950535 0.7851851582527161 0.008333333767950535 0.7962962985038757 0.0072916666977107525 0.7981481552124023 0.0062500000931322575 0.7981481552124023 0.0062500000931322575 0.8018518686294556 0.0072916666977107525 0.800000011920929 0.008333333767950535 0.800000011920929 0.00937500037252903 0.8018518686294556 0.00937500037252903 0.8074073791503906 0.012500000186264515 0.8074073791503906 0.01354166679084301 0.8092592358589172 0.01354166679084301 0.8111110925674438 0.014583333395421505 0.8092592358589172 0.01770833320915699 0.8092592358589172 0.01875000074505806 0.8074073791503906 0.01979166641831398 0.8092592358589172 0.01979166641831398 0.8129629492759705 0.02083333395421505 0.8111110925674438 0.02187499962747097 0.8111110925674438 0.02291666716337204 0.8129629492759705 0.02291666716337204 0.8148148059844971 0.02500000037252903 0.8148148059844971 0.02604166604578495 0.8129629492759705 0.02708333358168602 0.8148148059844971 0.02708333358168602 0.8166666626930237 0.02812499925494194 0.8148148059844971 0.02916666679084301 0.8148148059844971 0.03020833246409893 0.8166666626930237 0.03020833246409893 0.8185185194015503 0.03125 0.8185185194015503 0.03229166567325592 0.8166666626930237 0.03437500074505806 0.8166666626930237 0.03541666641831398 0.8148148059844971 0.0364583320915699 0.8166666626930237 0.0364583320915699 0.8185185194015503 0.03750000149011612 0.8185185194015503 0.03854166716337204 0.8166666626930237 0.03750000149011612 0.8148148059844971 0.03750000149011612 0.8129629492759705 0.0364583320915699 0.8111110925674438 0.0364583320915699 0.8092592358589172 0.03541666641831398 0.8074073791503906 0.03541666641831398 0.8037037253379822 0.03437500074505806 0.8018518686294556 0.03437500074505806 0.7962962985038757 0.03333333507180214 0.7944444417953491 0.03333333507180214 0.7907407283782959 0.03229166567325592 0.7888888716697693 0.03229166567325592 0.7851851582527161 0.03125 0.7833333611488342 0.03125 0.7814815044403076 0.03020833246409893 0.779629647731781 0.03020833246409893 0.7759259343147278 0.02916666679084301 0.7740740776062012 0.02916666679084301 0.7722222208976746 0.02812499925494194 0.770370364189148 0.02812499925494194 0.7685185074806213 0.02708333358168602 0.7666666507720947 0.02708333358168602 0.7648147940635681 0.02500000037252903 0.7611111402511597 0.02187499962747097 0.7611111402511597 0.02083333395421505 0.7629629373550415 0.01875000074505806 0.7629629373550415 0.01770833320915699 0.7648147940635681
1 0.19166666269302368 0.5685185194015503 0.18958333134651184 0.5685185194015503 0.18854166567325592 0.5703703761100769 0.18541666865348816 0.5703703761100769 0.18437500298023224 0.5722222328186035 0.18125000596046448 0.5722222328186035 0.18020834028720856 0.5740740895271301 0.17812499403953552 0.5740740895271301 0.1770833283662796 0.5759259462356567 0.17499999701976776 0.5759259462356567 0.17395833134651184 0.5777778029441833 0.17083333432674408 0.5777778029441833 0.16979166865348816 0.5796296000480652 0.1666666716337204 0.5796296000480652 0.16562500596046448 0.5814814567565918 0.16458334028720856 0.5814814567565918 0.16354165971279144 0.5833333134651184 0.16249999403953552 0.5833333134651184 0.15937499701976776 0.5888888835906982 0.16041666269302368 0.5888888835906982 0.1614583283662796 0.5907407402992249 0.16249999403953552 0.5907407402992249 0.16354165971279144 0.5925925970077515 0.16458334028720856 0.5907407402992249 0.1666666716337204 0.5907407402992249 0.16770833730697632 0.5888888835906982 0.16979166865348816 0.5888888835906982 0.17083333432674408 0.5870370268821716 0.171875 0.5870370268821716 0.17291666567325592 0.585185170173645 0.17499999701976776 0.585185170173645 0.17604166269302368 0.5833333134651184 0.1770833283662796 0.5833333134651184 0.17812499403953552 0.5814814567565918 0.17916665971279144 0.5814814567565918 0.18020834028720856 0.5796296000480652 0.18125000596046448 0.5796296000480652 0.1822916716337204 0.5777778029441833 0.18333333730697632 0.5777778029441833 0.18437500298023224 0.5759259462356567 0.18541666865348816 0.5759259462356567 0.1875 0.5722222328186035 0.18854166567325592 0.5722222328186035 0.18958333134651184 0.5703703761100769 0.19062499701976776 0.5703703761100769
1 0.0 0.550000011920929 0.0010416667209938169 0.550000011920929 0.0020833334419876337 0.5481481552124023 0.004166666883975267 0.5481481552124023 0.0052083334885537624 0.5462962985038757 0.008333333767950535 0.5462962985038757 0.00937500037252903 0.5444444417953491 0.01145833358168602 0.5444444417953491 0.012500000186264515 0.5425925850868225 0.01354166679084301 0.5425925850868225 0.014583333395421505 0.5407407283782959 0.015625 0.5407407283782959 0.01666666753590107 0.5388888716697693 0.01770833320915699 0.5388888716697693 0.01875000074505806 0.5370370149612427 0.01979166641831398 0.5370370149612427 0.02291666716337204 0.5314815044403076 0.02187499962747097 0.529629647731781 0.02187499962747097 0.5277777910232544 0.02083333395421505 0.5259259343147278 0.02083333395421505 0.5240740776062012 0.0062500000931322575 0.5240740776062012 0.0052083334885537624 0.5259259343147278 0.0 0.5259259343147278
1 0.7479166388511658 0.45185184478759766 0.746874988079071 0.46296295523643494 0.7729166746139526 0.48148149251937866 0.7927083373069763 0.4870370328426361 0.8239583373069763 0.5055555701255798 0.856249988079071 0.5314815044403076 0.8760416507720947 0.5537037253379822 0.8895833492279053 0.5592592358589172 0.9395833611488342 0.6185185313224792 0.9989583492279053 0.6981481313705444 0.9989583492279053 0.6333333253860474 0.9760416746139526 0.6166666746139526 0.987500011920929 0.6129629611968994 0.9989583492279053 0.6222222447395325 0.9989583492279053 0.6037036776542664 0.9666666388511658 0.5796296000480652 0.9677083492279053 0.5740740895271301 0.9645833373069763 0.5703703761100769 0.9989583492279053 0.5759259462356567 0.9989583492279053 0.5055555701255798 0.918749988079071 0.49074074625968933 0.8895833492279053 0.47592592239379883 0.8833333253860474 0.47592592239379883 0.887499988079071 0.47962963581085205 0.8822916746139526 0.48148149251937866 0.8322916626930237 0.46666666865348816 0.8416666388511658 0.47962963581085205 0.8677083253860474 0.49259260296821594 0.875 0.5037037134170532 0.8729166388511658 0.5074074268341064 0.824999988079071 0.4851851761341095 0.8187500238418579 0.47592592239379883 0.7958333492279053 0.46481481194496155 0.7697916626930237 0.4611110985279083 0.768750011920929 0.45370370149612427
1 0.6781250238418579 0.4314814805984497 0.6781250238418579 0.43703705072402954 0.6791666746139526 0.43888887763023376 0.684374988079071 0.43888887763023376 0.6854166388511658 0.4407407343387604 0.6875 0.4407407343387604 0.6885416507720947 0.442592591047287 0.6916666626930237 0.442592591047287 0.6927083134651184 0.4444444477558136 0.6968749761581421 0.4444444477558136 0.6979166865348816 0.4462963044643402 0.7020833492279053 0.4462963044643402 0.703125 0.4481481611728668 0.706250011920929 0.4481481611728668 0.7072916626930237 0.44999998807907104 0.7093750238418579 0.44999998807907104 0.7104166746139526 0.45185184478759766 0.7124999761581421 0.45185184478759766 0.7135416865348816 0.45370370149612427 0.71875 0.45370370149612427 0.7197916507720947 0.4555555582046509 0.7229166626930237 0.4555555582046509 0.721875011920929 0.4555555582046509 0.7208333611488342 0.45370370149612427 0.7229166626930237 0.44999998807907104 0.7239583134651184 0.45185184478759766 0.7260416746139526 0.45185184478759766 0.7270833253860474 0.45370370149612427 0.7260416746139526 0.4555555582046509 0.7250000238418579 0.4555555582046509 0.7260416746139526 0.4574074149131775 0.7302083373069763 0.4574074149131775 0.731249988079071 0.4592592716217041 0.7322916388511658 0.4592592716217041 0.7322916388511658 0.4574074149131775 0.734375 0.45370370149612427 0.7354166507720947 0.4555555582046509 0.7354166507720947 0.45185184478759766 0.7364583611488342 0.44999998807907104 0.7395833134651184 0.45370370149612427 0.7395833134651184 0.45185184478759766 0.737500011920929 0.4481481611728668 0.7364583611488342 0.4481481611728668 0.7354166507720947 0.4462963044643402 0.7260416746139526 0.4462963044643402 0.7250000238418579 0.4444444477558136 0.71875 0.4444444477558136 0.7177083492279053 0.442592591047287 0.7114583253860474 0.442592591047287 0.7104166746139526 0.4407407343387604 0.7041666507720947 0.4407407343387604 0.703125 0.43888887763023376 0.6979166865348816 0.43888887763023376 0.6968749761581421 0.43703705072402954 0.6895833611488342 0.43703705072402954 0.6885416507720947 0.43518519401550293 0.6791666746139526 0.43518519401550293 0.6781250238418579 0.4333333373069763
1 0.44583332538604736 0.4333333373069763 0.4270833432674408 0.4277777671813965 0.39895832538604736 0.43888887763023376 0.2770833373069763 0.5222222208976746 0.22083333134651184 0.5666666626930237 0.11249999701976776 0.6796296238899231 0.14479166269302368 0.6592592597007751 0.19166666269302368 0.6518518328666687 0.22708334028720856 0.6222222447395325 0.2447916716337204 0.6185185313224792 0.2562499940395355 0.605555534362793 0.24270834028720856 0.6018518805503845 0.23541666567325592 0.5944444537162781 0.24270834028720856 0.5796296000480652 0.29479166865348816 0.5462962985038757 0.3062500059604645 0.5425925850868225 0.31562501192092896 0.5462962985038757 0.3229166567325592 0.5351851582527161 0.3218750059604645 0.5240740776062012 0.3541666567325592 0.5037037134170532 0.3843750059604645 0.4722222089767456
1 0.8395833373069763 0.42592594027519226 0.8458333611488342 0.4333333373069763 0.8604166507720947 0.4296296238899231 0.8812500238418579 0.4296296238899231 0.9822916388511658 0.45185184478759766 0.9989583492279053 0.45185184478759766 0.9989583492279053 0.4055555462837219 0.9781249761581421 0.40740740299224854 0.8989583253860474 0.4037036895751953 0.8927083611488342 0.39814814925193787 0.8770833611488342 0.4000000059604645 0.8729166388511658 0.39629629254341125 0.856249988079071 0.4000000059604645 0.9281250238418579 0.4148148000240326 0.9583333134651184 0.4277777671813965 0.965624988079071 0.4333333373069763 0.965624988079071 0.43703705072402954 0.9479166865348816 0.43518519401550293 0.9208333492279053 0.42407408356666565 0.9083333611488342 0.42592594027519226 0.8687499761581421 0.4166666567325592 0.856249988079071 0.4166666567325592 0.8552083373069763 0.4185185134410858 0.859375 0.42222222685813904 0.8541666865348816 0.42592594027519226
1 0.34375 0.3907407522201538 0.2916666567325592 0.39814814925193787 0.1770833283662796 0.45185184478759766 0.15312500298023224 0.4740740656852722 0.0010416667209938169 0.5648148059844971 0.0 0.7333333492279053 0.08958332985639572 0.6685185432434082 0.13958333432674408 0.6166666746139526 0.15000000596046448 0.5925925970077515 0.1510416716337204 0.5722222328186035 0.1458333283662796 0.5666666626930237 0.15625 0.5481481552124023 0.12187500298023224 0.5648148059844971 0.22499999403953552 0.4888888895511627 0.20104166865348816 0.5148147940635681 0.3395833373069763 0.43703705072402954 0.32083332538604736 0.4314814805984497 0.27812498807907104 0.4462963044643402 0.203125 0.49259260296821594 0.20104166865348816 0.47592592239379883 0.15000000596046448 0.4870370328426361 0.20416666567325592 0.4592592716217041 0.21979166567325592 0.4407407343387604 0.22291666269302368 0.4462963044643402
1 0.03020833246409893 0.3740740716457367 0.01979166641831398 0.3740740716457367 0.01875000074505806 0.3759259283542633 0.0052083334885537624 0.3759259283542633 0.004166666883975267 0.3777777850627899 0.0 0.3777777850627899 0.0 0.38148146867752075 0.008333333767950535 0.38148146867752075 0.00937500037252903 0.37962964177131653 0.01770833320915699 0.37962964177131653 0.01875000074505806 0.3777777850627899 0.02395833283662796 0.3777777850627899 0.02500000037252903 0.3759259283542633 0.02916666679084301 0.3759259283542633
1 0.2864583432674408 0.3777777850627899 0.2822916805744171 0.3759259283542633 0.2750000059604645 0.36851853132247925 0.2697916626930237 0.36666667461395264 0.26770833134651184 0.3629629611968994 0.26249998807907104 0.3629629611968994 0.25833332538604736 0.36666667461395264 0.24791666865348816 0.36666667461395264 0.24687500298023224 0.36851853132247925 0.23749999701976776 0.37037035822868347 0.23125000298023224 0.3759259283542633 0.22812500596046448 0.3759259283542633 0.21979166567325592 0.38333332538604736 0.21458333730697632 0.385185182094574 0.21770833432674408 0.3888888955116272 0.21250000596046448 0.39444443583488464 0.20729166269302368 0.39444443583488464 0.20937499403953552 0.39444443583488464 0.21041665971279144 0.39629629254341125 0.20937499403953552 0.39814814925193787 0.19583334028720856 0.4018518626689911 0.18854166567325592 0.40740740299224854 0.18541666865348816 0.40740740299224854 0.17916665971279144 0.41111111640930176 0.17604166269302368 0.4148148000240326 0.17291666567325592 0.4148148000240326 0.15729166567325592 0.42407408356666565 0.14687499403953552 0.4277777671813965 0.14895834028720856 0.4296296238899231 0.14791665971279144 0.4314814805984497 0.15000000596046448 0.4333333373069763 0.15520833432674408 0.4333333373069763 0.15625 0.43703705072402954 0.15312500298023224 0.4407407343387604 0.15625 0.442592591047287 0.1614583283662796 0.43888887763023376 0.1666666716337204 0.43888887763023376 0.19166666269302368 0.42407408356666565 0.19479165971279144 0.42407408356666565 0.1979166716337204 0.4203703701496124 0.20208333432674408 0.4203703701496124 0.21562500298023224 0.41111111640930176 0.21979166567325592 0.41111111640930176 0.22083333134651184 0.40925925970077515 0.23229166865348816 0.4055555462837219 0.24375000596046448 0.39444443583488464 0.25 0.39444443583488464 0.2510416805744171 0.39259257912635803 0.2562499940395355 0.39259257912635803 0.25729167461395264 0.3907407522201538 0.2666666805744171 0.3888888955116272 0.26770833134651184 0.3870370388031006 0.27395832538604736 0.385185182094574 0.2760416567325592 0.38148146867752075
1 0.05833333358168602 0.3592592477798462 0.0572916679084301 0.3611111044883728 0.05104166641831398 0.3611111044883728 0.05000000074505806 0.3629629611968994 0.04583333432674408 0.3629629611968994 0.04479166492819786 0.364814817905426 0.04062499850988388 0.364814817905426 0.03958333283662796 0.36666667461395264 0.03750000149011612 0.36666667461395264 0.0364583320915699 0.364814817905426 0.03333333507180214 0.364814817905426 0.03229166567325592 0.36666667461395264 0.02395833283662796 0.36666667461395264 0.02291666716337204 0.36851853132247925 0.01354166679084301 0.36851853132247925 0.012500000186264515 0.37037035822868347 0.008333333767950535 0.37037035822868347 0.0072916666977107525 0.3722222149372101 0.008333333767950535 0.37037035822868347 0.02916666679084301 0.37037035822868347 0.03020833246409893 0.36851853132247925 0.03750000149011612 0.36851853132247925 0.03854166716337204 0.36666667461395264 0.04270833358168602 0.36666667461395264 0.04374999925494194 0.36851853132247925 0.04479166492819786 0.36851853132247925 0.04374999925494194 0.36666667461395264 0.04479166492819786 0.364814817905426 0.05000000074505806 0.364814817905426 0.05104166641831398 0.3629629611968994 0.05624999850988388 0.3629629611968994 0.0572916679084301 0.3611111044883728 0.05833333358168602 0.3611111044883728
1 0.2239583283662796 0.3629629611968994 0.20416666567325592 0.36666667461395264 0.1927083283662796 0.35740742087364197 0.16562500596046448 0.3592592477798462 0.15729166567325592 0.35370370745658875 0.11562500149011612 0.3611111044883728 0.09791667014360428 0.35740742087364197 0.08749999850988388 0.3629629611968994 0.08541666716337204 0.37037035822868347 0.0 0.3870370388031006 0.0 0.4203703701496124 0.015625 0.4277777671813965 0.02187499962747097 0.42407408356666565 0.02187499962747097 0.4185185134410858 0.02604166604578495 0.4185185134410858 0.02604166604578495 0.42222222685813904 0.04062499850988388 0.4148148000240326 0.10208333283662796 0.41111111640930176 0.1666666716337204 0.3907407522201538 0.16354165971279144 0.3870370388031006 0.14166666567325592 0.3907407522201538 0.13958333432674408 0.385185182094574 0.14687499403953552 0.385185182094574 0.1041666641831398 0.3740740716457367 0.09062500298023224 0.3759259283542633 0.09479166567325592 0.37037035822868347 0.17812499403953552 0.3611111044883728 0.1822916716337204 0.36666667461395264 0.1770833283662796 0.3722222149372101 0.15625 0.37037035822868347 0.15520833432674408 0.3759259283542633 0.14895834028720856 0.3740740716457367 0.20937499403953552 0.3777777850627899 0.21979166567325592 0.3740740716457367 0.20520833134651184 0.3759259283542633 0.20729166269302368 0.3722222149372101 0.1979166716337204 0.3740740716457367 0.19687500596046448 0.37037035822868347 0.18437500298023224 0.37037035822868347 0.18437500298023224 0.36666667461395264 0.21562500298023224 0.36851853132247925
1 0.10208333283662796 0.3481481373310089 0.1302083283662796 0.3481481373310089 0.13124999403953552 0.3462963104248047 0.13229165971279144 0.3462963104248047 0.13229165971279144 0.3444444537162781 0.12708333134651184 0.3444444537162781 0.12604166567325592 0.3462963104248047 0.1197916641831398 0.3462963104248047 0.11874999850988388 0.3444444537162781 0.11145833134651184 0.3444444537162781 0.11041666567325592 0.3462963104248047 0.1041666641831398 0.3462963104248047 0.10312499850988388 0.3481481373310089
1 0.3604166805744171 0.32407405972480774 0.359375 0.32407405972480774 0.3583333194255829 0.3222222328186035 0.35729166865348816 0.32407405972480774 0.35624998807907104 0.3222222328186035 0.3552083373069763 0.32407405972480774 0.3541666567325592 0.3222222328186035 0.3270833194255829 0.3222222328186035 0.32604166865348816 0.32407405972480774 0.32083332538604736 0.32407405972480774 0.3187499940395355 0.32777777314186096 0.3125 0.32777777314186096 0.31041666865348816 0.3314814865589142 0.3062500059604645 0.3314814865589142 0.3031249940395355 0.33703702688217163 0.2979166805744171 0.33703702688217163 0.29479166865348816 0.3333333432674408 0.2927083373069763 0.33703702688217163 0.2604166567325592 0.33703702688217163 0.2614583373069763 0.33703702688217163 0.26249998807907104 0.33888888359069824 0.2770833373069763 0.33888888359069824 0.27812498807907104 0.34074074029922485 0.30000001192092896 0.34074074029922485 0.3010416626930237 0.33888888359069824 0.3072916567325592 0.33888888359069824 0.3083333373069763 0.33703702688217163 0.3125 0.33703702688217163 0.3135416805744171 0.3351851999759674 0.3218750059604645 0.3351851999759674 0.3229166567325592 0.3333333432674408 0.3239583373069763 0.3333333432674408 0.32499998807907104 0.3351851999759674 0.32604166865348816 0.3333333432674408 0.33125001192092896 0.3333333432674408 0.3322916626930237 0.3314814865589142 0.34062498807907104 0.3314814865589142 0.34166666865348816 0.3296296298503876 0.3447916805744171 0.3296296298503876 0.34583333134651184 0.32777777314186096 0.3531250059604645 0.32777777314186096 0.3541666567325592 0.32592591643333435 0.35729166865348816 0.32592591643333435 0.3583333194255829 0.32407405972480774
1 0.0 0.35185185074806213 0.0020833334419876337 0.35370370745658875 0.01354166679084301 0.35185185074806213 0.01666666753590107 0.35555556416511536 0.02708333358168602 0.35370370745658875 0.03020833246409893 0.3499999940395355 0.03437500074505806 0.3499999940395355 0.03333333507180214 0.3481481373310089 0.01875000074505806 0.3499999940395355 0.012500000186264515 0.33888888359069824 0.01354166679084301 0.33703702688217163 0.03437500074505806 0.3351851999759674 0.03541666641831398 0.3333333432674408 0.05000000074505806 0.3333333432674408 0.0364583320915699 0.3333333432674408 0.03229166567325592 0.3296296298503876 0.02083333395421505 0.3296296298503876 0.01979166641831398 0.32777777314186096 0.02083333395421505 0.32592591643333435 0.06458333134651184 0.32407405972480774 0.06562499701976776 0.32592591643333435 0.05937499925494194 0.3314814865589142 0.0572916679084301 0.3314814865589142 0.06041666492819786 0.3296296298503876 0.07708333432674408 0.3296296298503876 0.06562499701976776 0.3296296298503876 0.06458333134651184 0.32777777314186096 0.06562499701976776 0.32592591643333435 0.0729166641831398 0.32592591643333435 0.07083333283662796 0.32407405972480774 0.07187499850988388 0.3222222328186035 0.07708333432674408 0.3222222328186035 0.078125 0.3203703761100769 0.06875000149011612 0.3203703761100769 0.0677083358168602 0.3222222328186035 0.0625 0.3222222328186035 0.06145833432674408 0.3203703761100769 0.05833333358168602 0.3222222328186035 0.03229166567325592 0.3203703761100769 0.0364583320915699 0.3203703761100769 0.03750000149011612 0.3222222328186035 0.0364583320915699 0.32407405972480774 0.02604166604578495 0.32407405972480774 0.02500000037252903 0.32592591643333435 0.02395833283662796 0.32407405972480774 0.004166666883975267 0.32407405972480774 0.02395833283662796 0.3296296298503876 0.02812499925494194 0.3333333432674408 0.02708333358168602 0.3351851999759674 0.015625 0.3351851999759674 0.014583333395421505 0.33703702688217163 0.0072916666977107525 0.33703702688217163 0.004166666883975267 0.3333333432674408 0.0 0.3333333432674408 0.0 0.3351851999759674 0.0062500000931322575 0.3351851999759674 0.0072916666977107525 0.33703702688217163 0.0062500000931322575 0.33888888359069824 0.0 0.33888888359069824
1 0.28437501192092896 0.307407408952713 0.27395832538604736 0.307407408952713 0.27291667461395264 0.3092592656612396 0.2666666805744171 0.3092592656612396 0.265625 0.307407408952713 0.2645833194255829 0.307407408952713 0.26354166865348816 0.3092592656612396 0.26249998807907104 0.3092592656612396 0.2604166567325592 0.3055555522441864 0.25833332538604736 0.3055555522441864 0.2604166567325592 0.3055555522441864 0.2614583373069763 0.307407408952713 0.2604166567325592 0.3092592656612396 0.23020833730697632 0.3092592656612396 0.2291666716337204 0.307407408952713 0.22708334028720856 0.307407408952713 0.22604165971279144 0.3092592656612396 0.21562500298023224 0.3092592656612396 0.21458333730697632 0.307407408952713 0.2135416716337204 0.307407408952713 0.21250000596046448 0.3092592656612396 0.21145834028720856 0.3092592656612396 0.21770833432674408 0.3092592656612396 0.21875 0.31111112236976624 0.22187499701976776 0.31111112236976624 0.22291666269302368 0.31296294927597046 0.2291666716337204 0.31296294927597046 0.23020833730697632 0.31481480598449707 0.23333333432674408 0.31481480598449707 0.234375 0.31296294927597046 0.24270834028720856 0.31296294927597046 0.24375000596046448 0.31111112236976624 0.2750000059604645 0.31111112236976624 0.2760416567325592 0.3092592656612396 0.28125 0.3092592656612396 0.2822916805744171 0.307407408952713
2 0.0 0.4462963044643402 0.0020833334419876337 0.4462963044643402 0.0031250000465661287 0.4444444477558136 0.0072916666977107525 0.4444444477558136 0.008333333767950535 0.442592591047287 0.010416666977107525 0.442592591047287 0.01145833358168602 0.4407407343387604 0.01354166679084301 0.4407407343387604 0.014583333395421505 0.43888887763023376 0.01666666753590107 0.43888887763023376 0.01770833320915699 0.43703705072402954 0.02187499962747097 0.43703705072402954 0.02291666716337204 0.43518519401550293 0.02500000037252903 0.43518519401550293 0.02291666716337204 0.43518519401550293 0.02187499962747097 0.4333333373069763 0.01979166641831398 0.4333333373069763 0.01875000074505806 0.4314814805984497 0.01979166641831398 0.4296296238899231 0.02395833283662796 0.4296296238899231 0.02604166604578495 0.42592594027519226 0.02395833283662796 0.42592594027519226 0.02291666716337204 0.4277777671813965 0.01770833320915699 0.4277777671813965 0.01666666753590107 0.4296296238899231 0.010416666977107525 0.4296296238899231 0.00937500037252903 0.4277777671813965 0.00937500037252903 0.42592594027519226 0.0072916666977107525 0.42592594027519226 0.0062500000931322575 0.42407408356666565 0.0031250000465661287 0.42407408356666565 0.0020833334419876337 0.42222222685813904 0.0 0.42222222685813904
2 0.0 0.33703702688217163 0.0062500000931322575 0.33703702688217163 0.0072916666977107525 0.3351851999759674 0.014583333395421505 0.3351851999759674 0.015625 0.3333333432674408 0.02708333358168602 0.3333333432674408 0.02500000037252903 0.3333333432674408 0.02395833283662796 0.3314814865589142 0.01979166641831398 0.3314814865589142 0.01875000074505806 0.3296296298503876 0.014583333395421505 0.3296296298503876 0.01354166679084301 0.32777777314186096 0.00937500037252903 0.32777777314186096 0.008333333767950535 0.32592591643333435 0.004166666883975267 0.32592591643333435 0.0031250000465661287 0.32407405972480774 0.004166666883975267 0.3222222328186035 0.02395833283662796 0.3222222328186035 0.02500000037252903 0.32407405972480774 0.02604166604578495 0.3222222328186035 0.0364583320915699 0.3222222328186035 0.0031250000465661287 0.3222222328186035 0.0020833334419876337 0.32407405972480774 0.0 0.32407405972480774 0.0 0.3314814865589142 0.004166666883975267 0.3314814865589142 0.0072916666977107525 0.3351851999759674 0.0062500000931322575 0.33703702688217163
2 0.01354166679084301 0.33888888359069824 0.23229166865348816 0.3629629611968994 0.18437500298023224 0.36851853132247925 0.20937499403953552 0.37962964177131653 0.15312500298023224 0.3777777850627899 0.17812499403953552 0.3629629611968994 0.09479166567325592 0.3722222149372101 0.1666666716337204 0.39259257912635803 0.04479166492819786 0.4277777671813965 0.14895834028720856 0.42592594027519226 0.26249998807907104 0.3611111044883728 0.3135416805744171 0.3907407522201538 0.34375 0.37962964177131653 0.31562501192092896 0.37037035822868347 0.3812499940395355 0.36851853132247925 0.34375 0.4018518626689911 0.3812499940395355 0.4000000059604645 0.375 0.4148148000240326 0.3947916626930237 0.4314814805984497 0.39895832538604736 0.40740740299224854 0.41458332538604736 0.4037036895751953 0.3947916626930237 0.39629629254341125 0.4739583432674408 0.4018518626689911 0.4572916626930237 0.43703705072402954 0.6104166507720947 0.4203703701496124 0.9989583492279053 0.5037037134170532 0.9989583492279053 0.45370370149612427 0.8385416865348816 0.42592594027519226 0.856249988079071 0.4148148000240326 0.965624988079071 0.43518519401550293 0.7635416388511658 0.3611111044883728 0.4749999940395355 0.31481480598449707 0.2604166567325592 0.3351851999759674 0.31041666865348816 0.3296296298503876 0.21875 0.3296296298503876 0.24270834028720856 0.3166666626930237 0.19583334028720856 0.3037036955356598
4 0.8218749761581421 0.7166666388511658 0.8239583373069763 0.7166666388511658 0.824999988079071 0.7185184955596924 0.8291666507720947 0.7185184955596924 0.8322916626930237 0.7129629850387573 0.8229166865348816 0.7129629850387573 0.8229166865348816 0.7148148417472839
4 0.4177083373069763 0.5796296000480652 0.4177083373069763 0.5814814567565918 0.4166666567325592 0.5833333134651184 0.4166666567325592 0.585185170173645 0.41458332538604736 0.5888888835906982 0.41458332538604736 0.5981481671333313 0.4156250059604645 0.6000000238418579 0.4156250059604645 0.6018518805503845 0.4177083373069763 0.605555534362793 0.41979166865348816 0.605555534362793 0.4208333194255829 0.6037036776542664 0.4208333194255829 0.5925925970077515 0.421875 0.5907407402992249 0.4208333194255829 0.5888888835906982 0.4208333194255829 0.5833333134651184 0.41979166865348816 0.5814814567565918 0.41979166865348816 0.5796296000480652
4 0.4729166626930237 0.5166666507720947 0.4697916805744171 0.5166666507720947 0.46875 0.5148147940635681 0.4635416567325592 0.5148147940635681 0.4625000059604645 0.5166666507720947 0.46145832538604736 0.5166666507720947 0.4593749940395355 0.520370364189148 0.4593749940395355 0.5222222208976746 0.4583333432674408 0.5240740776062012 0.4583333432674408 0.5259259343147278 0.45625001192092896 0.529629647731781 0.45520833134651184 0.529629647731781 0.4541666805744171 0.5314815044403076 0.4541666805744171 0.5333333611488342 0.45520833134651184 0.5351851582527161 0.4635416567325592 0.5351851582527161 0.4645833373069763 0.5333333611488342 0.46562498807907104 0.5333333611488342 0.46666666865348816 0.5314815044403076 0.4677083194255829 0.5314815044403076 0.47083333134651184 0.5259259343147278 0.47083333134651184 0.5240740776062012 0.47187501192092896 0.5222222208976746 0.47187501192092896 0.520370364189148 0.4729166626930237 0.5185185074806213
4 0.4124999940395355 0.6333333253860474 0.4208333194255829 0.6518518328666687 0.4364583194255829 0.6592592597007751 0.4583333432674408 0.6870370507240295 0.4885416626930237 0.7037037014961243 0.543749988079071 0.7592592835426331 0.5895833373069763 0.7740740776062012 0.6187499761581421 0.7907407283782959 0.6385416388511658 0.7888888716697693 0.6708333492279053 0.7981481552124023 0.6781250238418579 0.7925925850868225 0.6927083134651184 0.7981481552124023 0.7020833492279053 0.7888888716697693 0.7250000238418579 0.7944444417953491 0.7427083253860474 0.7814815044403076 0.765625 0.7777777910232544 0.7749999761581421 0.7555555701255798 0.800000011920929 0.7425925731658936 0.8041666746139526 0.7240740656852722 0.800000011920929 0.7037037014961243 0.7760416865348816 0.6629629731178284 0.7760416865348816 0.6555555462837219 0.7875000238418579 0.6388888955116272 0.793749988079071 0.6537036895751953 0.8041666746139526 0.6499999761581421 0.8052083253860474 0.644444465637207 0.7989583611488342 0.6314814686775208 0.7427083253860474 0.5666666626930237 0.6916666626930237 0.5259259343147278 0.659375011920929 0.5092592835426331 0.5854166746139526 0.4981481432914734 0.5822916626930237 0.5055555701255798 0.5895833373069763 0.5129629373550415 0.5864583253860474 0.5240740776062012 0.5697916746139526 0.5259259343147278 0.5604166388511658 0.5148147940635681 0.5572916865348816 0.5222222208976746 0.5531250238418579 0.5185185074806213 0.5197916626930237 0.5370370149612427 0.4885416626930237 0.5444444417953491 0.4479166567325592 0.5740740895271301
4 0.5291666388511658 0.4981481432914734 0.5302083492279053 0.5 0.5302083492279053 0.5018518567085266 0.53125 0.5 0.5322916507720947 0.5018518567085266 0.5322916507720947 0.5037037134170532 0.5354166626930237 0.5037037134170532 0.5364583134651184 0.5055555701255798 0.5375000238418579 0.5055555701255798 0.5385416746139526 0.5074074268341064 0.5416666865348816 0.5074074268341064 0.5427083373069763 0.5092592835426331 0.550000011920929 0.5092592835426331 0.5510416626930237 0.5111111402511597 0.5635416507720947 0.5111111402511597 0.5645833611488342 0.5092592835426331 0.5666666626930237 0.5092592835426331 0.5677083134651184 0.5074074268341064 0.5687500238418579 0.5074074268341064 0.5697916746139526 0.5055555701255798 0.5718749761581421 0.5055555701255798 0.5729166865348816 0.5037037134170532 0.574999988079071 0.5037037134170532 0.5739583373069763 0.5018518567085266 0.5729166865348816 0.5018518567085266 0.5718749761581421 0.5037037134170532 0.5708333253860474 0.5018518567085266 0.5708333253860474 0.5 0.5697916746139526 0.5 0.5687500238418579 0.5018518567085266 0.5677083134651184 0.5 0.5677083134651184 0.4962962865829468 0.5666666626930237 0.4962962865829468 0.565625011920929 0.49444442987442017 0.559374988079071 0.49444442987442017 0.5583333373069763 0.49259260296821594 0.5572916865348816 0.49444442987442017 0.5552083253860474 0.49444442987442017 0.5541666746139526 0.49259260296821594 0.5520833134651184 0.49259260296821594 0.5510416626930237 0.49444442987442017 0.5447916388511658 0.49444442987442017 0.543749988079071 0.4962962865829468 0.5427083373069763 0.49444442987442017 0.5395833253860474 0.49444442987442017 0.5385416746139526 0.4962962865829468 0.5322916507720947 0.4962962865829468 0.53125 0.4981481432914734
