0 0.08541666716337204 0.7148148417472839 0.08437500149011612 0.7129629850387573 0.08020833134651184 0.7129629850387573 0.07916666567325592 0.7111111283302307 0.0729166641831398 0.7111111283302307 0.07187499850988388 0.7129629850387573 0.0625 0.7129629850387573 0.06041666492819786 0.7148148417472839 0.05937499925494194 0.7129629850387573 0.05312500149011612 0.7129629850387573 0.0520833320915699 0.7092592716217041 0.05104166641831398 0.7092592716217041 0.05000000074505806 0.7111111283302307 0.046875 0.7111111283302307 0.04583333432674408 0.7129629850387573 0.04270833358168602 0.7129629850387573 0.03854166716337204 0.7166666388511658 0.03541666641831398 0.7166666388511658 0.03437500074505806 0.7185184955596924 0.03229166567325592 0.7185184955596924 0.02604166604578495 0.7240740656852722 0.02187499962747097 0.729629635810852 0.014583333395421505 0.7314814925193787 0.010416666977107525 0.7351852059364319 0.008333333767950535 0.7388888597488403 0.0031250000465661287 0.7425925731658936 0.0010416667209938169 0.7462962865829468 0.0 0.7462962865829468 0.0 0.8037037253379822 0.008333333767950535 0.7962962985038757 0.01875000074505806 0.7814815044403076 0.01979166641831398 0.7814815044403076 0.02291666716337204 0.7759259343147278 0.02395833283662796 0.7759259343147278 0.02500000037252903 0.7740740776062012 0.02500000037252903 0.770370364189148 0.02187499962747097 0.770370364189148 0.02083333395421505 0.7685185074806213 0.02083333395421505 0.7666666507720947 0.02291666716337204 0.7629629373550415 0.02708333358168602 0.7592592835426331 0.02916666679084301 0.7592592835426331 0.03854166716337204 0.75 0.04062499850988388 0.75 0.05312500149011612 0.7370370626449585 0.05520833283662796 0.7370370626449585 0.05624999850988388 0.7351852059364319 0.06145833432674408 0.7333333492279053 0.06666667014360428 0.7277777791023254 0.07083333283662796 0.7277777791023254 0.07187499850988388 0.729629635810852 0.0729166641831398 0.7277777791023254 0.07500000298023224 0.7277777791023254 0.07916666567325592 0.7222222089767456 0.08541666716337204 0.7166666388511658
0 0.49791666865348816 0.9981481432914734 0.38854166865348816 0.5740740895271301 0.23333333432674408 0.5833333134651184 0.19583334028720856 0.6037036776542664 0.12395833432674408 0.6129629611968994 0.09791667014360428 0.6462963223457336 0.08020833134651184 0.6518518328666687 0.07916666567325592 0.6611111164093018 0.1041666641831398 0.6518518328666687 0.08645833283662796 0.6981481313705444 0.13229165971279144 0.6407407522201538 0.11354167014360428 0.6425926089286804 0.14374999701976776 0.6111111044883728 0.17499999701976776 0.614814817905426 0.23333333432674408 0.5925925970077515 0.23541666567325592 0.614814817905426 0.19895833730697632 0.6611111164093018 0.16458334028720856 0.6870370507240295 0.14895834028720856 0.7222222089767456 0.0520833320915699 0.8425925970077515 0.01145833358168602 0.8740741014480591 0.0 0.8703703880310059 0.0 0.9981481432914734 0.18645833432674408 0.9981481432914734 0.24062499403953552 0.9111111164093018 0.29479166865348816 0.8703703880310059 0.3552083373069763 0.8740741014480591 0.375 0.8870370388031006 0.39270833134651184 0.9222221970558167 0.390625 0.9370370507240295 0.4010416567325592 0.979629635810852 0.39791667461395264 0.9981481432914734
0 0.653124988079071 0.6018518805503845 0.6854166388511658 0.6185185313224792 0.7052083611488342 0.614814817905426 0.7041666507720947 0.6203703880310059 0.715624988079071 0.6314814686775208 0.7770833373069763 0.6518518328666687 0.9395833611488342 0.7185184955596924 0.9312499761581421 0.7092592716217041 0.9281250238418579 0.6944444179534912 0.9114583134651184 0.6666666865348816 0.9145833253860474 0.6537036895751953 0.9385416507720947 0.6518518328666687 0.8697916865348816 0.5981481671333313 0.862500011920929 0.5870370268821716 0.8666666746139526 0.585185170173645 0.9604166746139526 0.6537036895751953 0.9989583492279053 0.6722221970558167 0.9989583492279053 0.6518518328666687 0.8760416507720947 0.5777778029441833 0.8135416507720947 0.5333333611488342 0.6822916865348816 0.5425925850868225 0.6781250238418579 0.5462962985038757 0.6781250238418579 0.5592592358589172 0.7166666388511658 0.5703703761100769 0.6958333253860474 0.5814814567565918 0.6625000238418579 0.5777778029441833 0.659375011920929 0.5814814567565918 0.6625000238418579 0.5870370268821716
0 0.8802083134651184 0.3759259283542633 0.8864583373069763 0.3759259283542633 0.887499988079071 0.3777777850627899 0.8999999761581421 0.3777777850627899 0.9010416865348816 0.37962964177131653 0.9041666388511658 0.37962964177131653 0.9052083492279053 0.38148146867752075 0.9083333611488342 0.38148146867752075 0.909375011920929 0.38333332538604736 0.9145833253860474 0.38333332538604736 0.9156249761581421 0.38148146867752075 0.9166666865348816 0.38148146867752075 0.9177083373069763 0.37962964177131653 0.918749988079071 0.37962964177131653 0.9197916388511658 0.3777777850627899 0.9208333492279053 0.3777777850627899 0.9197916388511658 0.3777777850627899 0.918749988079071 0.37962964177131653 0.9166666865348816 0.37962964177131653 0.9156249761581421 0.3777777850627899 0.9145833253860474 0.3777777850627899 0.9125000238418579 0.3740740716457367 0.8864583373069763 0.3740740716457367 0.8854166865348816 0.3722222149372101 0.8843749761581421 0.3722222149372101 0.8833333253860474 0.3740740716457367 0.8822916746139526 0.3740740716457367 0.8812500238418579 0.3759259283542633
0 0.9281250238418579 0.3740740716457367 0.9302083253860474 0.3759259283542633 0.9322916865348816 0.3759259283542633 0.9333333373069763 0.3777777850627899 0.940625011920929 0.3777777850627899 0.9416666626930237 0.37962964177131653 0.953125 0.37962964177131653 0.9572916626930237 0.38333332538604736 0.956250011920929 0.3870370388031006 0.953125 0.3870370388031006 0.9572916626930237 0.3870370388031006 0.9583333134651184 0.3888888955116272 0.9604166746139526 0.3888888955116272 0.9583333134651184 0.3888888955116272 0.9572916626930237 0.3870370388031006 0.9583333134651184 0.385185182094574 0.9614583253860474 0.385185182094574 0.9624999761581421 0.3870370388031006 0.9677083492279053 0.3870370388031006 0.971875011920929 0.3907407522201538 0.9781249761581421 0.3907407522201538 0.9791666865348816 0.39259257912635803 0.9854166507720947 0.39259257912635803 0.9864583611488342 0.39444443583488464 0.9947916865348816 0.39444443583488464 0.9947916865348816 0.39259257912635803 0.9927083253860474 0.39259257912635803 0.9916666746139526 0.3907407522201538 0.987500011920929 0.3907407522201538 0.9854166507720947 0.3870370388031006 0.9864583611488342 0.385185182094574 0.9906250238418579 0.385185182094574 0.9916666746139526 0.3870370388031006 0.9927083253860474 0.38333332538604736 0.9947916865348816 0.38333332538604736 0.9958333373069763 0.385185182094574 0.9947916865348816 0.3870370388031006 0.996874988079071 0.38333332538604736 0.9979166388511658 0.3870370388031006 0.9989583492279053 0.385185182094574 0.9989583492279053 0.3740740716457367 0.9979166388511658 0.3759259283542633 0.9906250238418579 0.3759259283542633 0.9895833134651184 0.3740740716457367 0.9677083492279053 0.3740740716457367 0.9666666388511658 0.3722222149372101 0.9552083611488342 0.3722222149372101 0.9541666507720947 0.37037035822868347 0.9489583373069763 0.37037035822868347 0.9479166865348816 0.36851853132247925 0.940625011920929 0.36851853132247925 0.9416666626930237 0.37037035822868347 0.9479166865348816 0.37037035822868347 0.9489583373069763 0.3722222149372101 0.9552083611488342 0.3722222149372101 0.956250011920929 0.3740740716457367 0.9552083611488342 0.3759259283542633 0.9312499761581421 0.3759259283542633 0.9302083253860474 0.3740740716457367
0 0.8208333253860474 0.36666667461395264 0.8208333253860474 0.37037035822868347 0.8260416388511658 0.37037035822868347 0.8270833492279053 0.3722222149372101 0.8322916626930237 0.3722222149372101 0.8333333134651184 0.3740740716457367 0.8343750238418579 0.3740740716457367 0.8333333134651184 0.3722222149372101 0.8343750238418579 0.37037035822868347 0.8333333134651184 0.37037035822868347 0.8322916626930237 0.36851853132247925 0.8239583373069763 0.36851853132247925 0.8229166865348816 0.36666667461395264
0 0.078125 0.35740742087364197 0.07083333283662796 0.35740742087364197 0.06979166716337204 0.35555556416511536 0.04062499850988388 0.35555556416511536 0.03958333283662796 0.35740742087364197 0.03229166567325592 0.35740742087364197 0.03125 0.3592592477798462 0.02916666679084301 0.3592592477798462 0.02708333358168602 0.3629629611968994 0.02187499962747097 0.3629629611968994 0.02083333395421505 0.364814817905426 0.015625 0.364814817905426 0.014583333395421505 0.36666667461395264 0.008333333767950535 0.36666667461395264 0.0072916666977107525 0.36851853132247925 0.0020833334419876337 0.36851853132247925 0.0 0.3722222149372101 0.0 0.3870370388031006 0.0010416667209938169 0.385185182094574 0.0052083334885537624 0.385185182094574 0.0062500000931322575 0.38333332538604736 0.010416666977107525 0.38333332538604736 0.01145833358168602 0.38148146867752075 0.015625 0.38148146867752075 0.01666666753590107 0.37962964177131653 0.01979166641831398 0.37962964177131653 0.02083333395421505 0.3777777850627899 0.02187499962747097 0.3777777850627899 0.02291666716337204 0.3759259283542633 0.02395833283662796 0.3759259283542633 0.02708333358168602 0.3722222149372101 0.02916666679084301 0.3722222149372101 0.03020833246409893 0.37037035822868347 0.03437500074505806 0.37037035822868347 0.03541666641831398 0.36851853132247925 0.04479166492819786 0.36851853132247925 0.04583333432674408 0.36666667461395264 0.04895833507180214 0.36666667461395264 0.0520833320915699 0.3629629611968994 0.05416666716337204 0.3629629611968994 0.05520833283662796 0.3611111044883728 0.0572916679084301 0.3611111044883728 0.05833333358168602 0.3592592477798462 0.06354166567325592 0.3592592477798462 0.06458333134651184 0.35740742087364197
0 0.40416666865348816 0.35740742087364197 0.3947916626930237 0.35740742087364197 0.3708333373069763 0.3333333432674408 0.328125 0.32777777314186096 0.16770833730697632 0.3499999940395355 0.17916665971279144 0.35185185074806213 0.16979166865348816 0.3629629611968994 0.15000000596046448 0.3592592477798462 0.15416666865348816 0.35185185074806213 0.11562500149011612 0.35740742087364197 0.13750000298023224 0.33888888359069824 0.06979166716337204 0.3481481373310089 0.10104166716337204 0.3481481373310089 0.09583333134651184 0.35185185074806213 0.11041666567325592 0.35555556416511536 0.01875000074505806 0.385185182094574 0.0 0.4000000059604645 0.03750000149011612 0.39814814925193787 0.08020833134651184 0.3740740716457367 0.12916666269302368 0.364814817905426 0.05624999850988388 0.4000000059604645 0.06041666492819786 0.39259257912635803 0.03229166567325592 0.41111111640930176 0.05937499925494194 0.42222222685813904 0.04270833358168602 0.43518519401550293 0.15416666865348816 0.4407407343387604 0.1822916716337204 0.4296296238899231 0.2802083194255829 0.4185185134410858 0.30520832538604736 0.39814814925193787 0.3125 0.4000000059604645 0.3270833194255829 0.3777777850627899 0.33645832538604736 0.385185182094574 0.3895833194255829 0.38333332538604736 0.4010416567325592 0.3759259283542633
0 0.8197916746139526 0.3185185194015503 0.8208333253860474 0.3203703761100769 0.824999988079071 0.3203703761100769 0.8260416388511658 0.3222222328186035 0.8270833492279053 0.3222222328186035 0.828125 0.32407405972480774 0.8270833492279053 0.32592591643333435 0.8260416388511658 0.32592591643333435 0.8322916626930237 0.32592591643333435 0.8333333134651184 0.32407405972480774 0.8343750238418579 0.32592591643333435 0.8354166746139526 0.32407405972480774 0.8364583253860474 0.32407405972480774 0.8374999761581421 0.3222222328186035 0.8385416865348816 0.3222222328186035 0.8395833373069763 0.32407405972480774 0.84375 0.32407405972480774 0.8447916507720947 0.32592591643333435 0.8729166388511658 0.32592591643333435 0.8666666746139526 0.32592591643333435 0.8656250238418579 0.32407405972480774 0.8645833134651184 0.32407405972480774 0.8635416626930237 0.32592591643333435 0.862500011920929 0.32407405972480774 0.8510416746139526 0.32407405972480774 0.8500000238418579 0.3222222328186035 0.8385416865348816 0.3222222328186035 0.8374999761581421 0.3203703761100769 0.824999988079071 0.3203703761100769 0.8239583373069763 0.3185185194015503
0 0.5927083492279053 0.3185185194015503 0.5625 0.3092592656612396 0.5572916865348816 0.3055555522441864 0.5427083373069763 0.3055555522441864 0.5416666865348816 0.307407408952713 0.5385416746139526 0.3055555522441864 0.5375000238418579 0.307407408952713 0.5249999761581421 0.307407408952713 0.5239583253860474 0.3092592656612396 0.5145833492279053 0.3092592656612396 0.5135416388511658 0.31111112236976624 0.5 0.31111112236976624 0.4989583194255829 0.31481480598449707 0.5177083611488342 0.3203703761100769 0.5218750238418579 0.32592591643333435 0.5208333134651184 0.32777777314186096 0.4895833432674408 0.3314814865589142 0.4833333194255829 0.3351851999759674 0.4697916805744171 0.3351851999759674 0.4677083194255829 0.33888888359069824 0.47187501192092896 0.34259259700775146 0.47604167461395264 0.34259259700775146 0.4791666567325592 0.3462963104248047 0.48750001192092896 0.3481481373310089 0.4895833432674408 0.35185185074806213 0.4895833432674408 0.35555556416511536 0.5062500238418579 0.36666667461395264 0.5197916626930237 0.38333332538604736 0.5291666388511658 0.38333332538604736 0.5375000238418579 0.3888888955116272 0.5510416626930237 0.3907407522201538 0.546875 0.385185182094574 0.534375011920929 0.35370370745658875 0.5333333611488342 0.3462963104248047 0.5416666865348816 0.33888888359069824 0.550000011920929 0.33888888359069824 0.5406249761581421 0.33888888359069824 0.5395833253860474 0.33703702688217163 0.5406249761581421 0.3333333432674408 0.5458333492279053 0.32777777314186096 0.5510416626930237 0.32592591643333435 0.5531250238418579 0.3222222328186035 0.5520833134651184 0.3203703761100769 0.5552083253860474 0.31481480598449707 0.5583333373069763 0.31296294927597046 0.5708333253860474 0.31296294927597046 0.5739583373069763 0.31481480598449707 0.5770833492279053 0.3203703761100769 0.5822916626930237 0.3203703761100769 0.5833333134651184 0.3185185194015503 0.5927083492279053 0.3203703761100769
0 0.5635416507720947 0.34259259700775146 0.5958333611488342 0.38333332538604736 0.5718749761581421 0.3888888955116272 0.5739583373069763 0.4000000059604645 0.621874988079071 0.42407408356666565 0.7020833492279053 0.43518519401550293 0.6864583492279053 0.4018518626689911 0.7208333611488342 0.4037036895751953 0.8645833134651184 0.5055555701255798 0.9395833611488342 0.5777778029441833 0.9468749761581421 0.6000000238418579 0.9989583492279053 0.6296296119689941 0.9989583492279053 0.5074074268341064 0.9635416865348816 0.49444442987442017 0.9739583134651184 0.49259260296821594 0.9437500238418579 0.46666666865348816 0.9979166388511658 0.46481481194496155 0.8843749761581421 0.42592594027519226 0.9333333373069763 0.42592594027519226 0.9125000238418579 0.4185185134410858 0.9083333611488342 0.4037036895751953 0.8052083253860474 0.36851853132247925 0.815625011920929 0.364814817905426 0.78125 0.3611111044883728 0.6947916746139526 0.31481480598449707 0.887499988079071 0.3481481373310089 0.7864583134651184 0.33703702688217163 0.7875000238418579 0.3222222328186035 0.809374988079071 0.32592591643333435 0.7947916388511658 0.3222222328186035 0.7989583611488342 0.31481480598449707 0.7479166388511658 0.3037036955356598 0.753125011920929 0.3185185194015503 0.6635416746139526 0.3055555522441864 0.6854166388511658 0.32592591643333435 0.6812499761581421 0.34259259700775146 0.731249988079071 0.3722222149372101 0.8302083611488342 0.3907407522201538 0.8760416507720947 0.4148148000240326 0.8031250238418579 0.4296296238899231 0.690625011920929 0.385185182094574 0.7447916865348816 0.39259257912635803 0.6760416626930237 0.36851853132247925 0.6520833373069763 0.3462963104248047 0.590624988079071 0.33703702688217163 0.6145833134651184 0.35185185074806213 0.574999988079071 0.35555556416511536 0.5729166865348816 0.34074074029922485
0 0.09791667014360428 0.3185185194015503 0.09583333134651184 0.3185185194015503 0.09479166567325592 0.3166666626930237 0.09479166567325592 0.31296294927597046 0.08958332985639572 0.31296294927597046 0.0885416641831398 0.31111112236976624 0.08541666716337204 0.31111112236976624 0.08124999701976776 0.307407408952713 0.07708333432674408 0.307407408952713 0.07604166865348816 0.3055555522441864 0.06666667014360428 0.3055555522441864 0.06562499701976776 0.3037036955356598 0.05624999850988388 0.3037036955356598 0.05520833283662796 0.3018518388271332 0.05312500149011612 0.3018518388271332 0.05416666716337204 0.3037036955356598 0.05312500149011612 0.3055555522441864 0.04895833507180214 0.3055555522441864 0.04479166492819786 0.3092592656612396 0.04062499850988388 0.3092592656612396 0.03958333283662796 0.31111112236976624 0.03541666641831398 0.31111112236976624 0.03437500074505806 0.31296294927597046 0.02812499925494194 0.31296294927597046 0.02708333358168602 0.31481480598449707 0.02604166604578495 0.31296294927597046 0.02395833283662796 0.31481480598449707 0.02083333395421505 0.31481480598449707 0.01979166641831398 0.31296294927597046 0.02187499962747097 0.31111112236976624 0.02291666716337204 0.307407408952713 0.014583333395421505 0.307407408952713 0.01354166679084301 0.3055555522441864 0.01145833358168602 0.3055555522441864 0.010416666977107525 0.3092592656612396 0.00937500037252903 0.307407408952713 0.0072916666977107525 0.3092592656612396 0.0031250000465661287 0.3092592656612396 0.0062500000931322575 0.31296294927597046 0.0052083334885537624 0.3166666626930237 0.0072916666977107525 0.3166666626930237 0.008333333767950535 0.31481480598449707 0.010416666977107525 0.31481480598449707 0.014583333395421505 0.31111112236976624 0.015625 0.31111112236976624 0.01770833320915699 0.31481480598449707 0.02395833283662796 0.31481480598449707 0.02500000037252903 0.3166666626930237 0.03125 0.3166666626930237 0.03229166567325592 0.31481480598449707 0.04270833358168602 0.31481480598449707 0.04479166492819786 0.3185185194015503 0.04374999925494194 0.3203703761100769 0.03958333283662796 0.3203703761100769 0.03854166716337204 0.3185185194015503 0.03437500074505806 0.3222222328186035 0.02916666679084301 0.3222222328186035 0.03437500074505806 0.3222222328186035 0.03541666641831398 0.3203703761100769 0.04895833507180214 0.3203703761100769 0.05000000074505806 0.3222222328186035 0.06354166567325592 0.3222222328186035 0.06458333134651184 0.32407405972480774 0.06875000149011612 0.32407405972480774 0.06979166716337204 0.3222222328186035 0.07604166865348816 0.3222222328186035 0.07708333432674408 0.3203703761100769 0.08645833283662796 0.3203703761100769 0.08749999850988388 0.3185185194015503
1 0.4000000059604645 0.979629635810852 0.3968749940395355 0.9722222089767456 0.39791667461395264 0.9611111283302307 0.3947916626930237 0.9537037014961243 0.3958333432674408 0.9481481313705444 0.3916666805744171 0.9462962746620178 0.39375001192092896 0.9388889074325562 0.3895833194255829 0.9370370507240295 0.3916666805744171 0.9222221970558167 0.3854166567325592 0.9055555462837219 0.3812499940395355 0.9037036895751953 0.375 0.8888888955116272 0.37187498807907104 0.8888888955116272 0.3687500059604645 0.8833333253860474 0.3583333194255829 0.8833333253860474 0.3552083373069763 0.8759258985519409 0.29479166865348816 0.8722222447395325 0.2927083373069763 0.8777777552604675 0.2822916805744171 0.8777777552604675 0.27291667461395264 0.8888888955116272 0.265625 0.8888888955116272 0.26354166865348816 0.894444465637207 0.2593750059604645 0.894444465637207 0.2562499940395355 0.9018518328666687 0.24687500298023224 0.9074074029922485 0.24375000596046448 0.914814829826355 0.24062499403953552 0.9129629731178284 0.234375 0.9277777671813965 0.23020833730697632 0.9277777671813965 0.22708334028720856 0.9351851940155029 0.22291666269302368 0.9351851940155029 0.21458333730697632 0.9555555582046509 0.21041665971279144 0.9555555582046509 0.20624999701976776 0.9629629850387573 0.20937499403953552 0.9648148417472839 0.203125 0.9722222089767456 0.19166666269302368 0.9962962865829468 0.1875 0.9981481432914734 0.3968749940395355 0.9981481432914734
1 0.8635416626930237 0.5870370268821716 0.8697916865348816 0.5962963104248047 0.8739583492279053 0.5981481671333313 0.8864583373069763 0.6111111044883728 0.9395833611488342 0.6518518328666687 0.9385416507720947 0.6537036895751953 0.9145833253860474 0.6555555462837219 0.9125000238418579 0.6592592597007751 0.9135416746139526 0.6722221970558167 0.9229166507720947 0.6851851940155029 0.921875 0.6870370507240295 0.9291666746139526 0.6944444179534912 0.9281250238418579 0.6981481313705444 0.9312499761581421 0.7018518447875977 0.9302083253860474 0.7037037014961243 0.9333333373069763 0.7074074149131775 0.9322916865348816 0.7092592716217041 0.9416666626930237 0.720370352268219 0.9750000238418579 0.7314814925193787 0.9989583492279053 0.7425925731658936 0.9989583492279053 0.6740740537643433 0.9802083373069763 0.6666666865348816 0.9708333611488342 0.6592592597007751 0.9604166746139526 0.6555555462837219 0.9072916507720947 0.614814817905426 0.8989583253860474 0.6111111044883728 0.8854166865348816 0.6000000238418579 0.8760416507720947 0.5962963104248047 0.8739583492279053 0.5907407402992249
1 0.8989583253860474 0.5777778029441833 0.8999999761581421 0.5777778029441833 0.9041666388511658 0.5870370268821716 0.903124988079071 0.5888888835906982 0.9010416865348816 0.5888888835906982 0.903124988079071 0.5888888835906982 0.9041666388511658 0.5907407402992249 0.909375011920929 0.5925925970077515 0.9177083373069763 0.6000000238418579 0.918749988079071 0.5981481671333313 0.9208333492279053 0.6018518805503845 0.9229166507720947 0.6018518805503845 0.9239583611488342 0.6037036776542664 0.9291666746139526 0.605555534362793 0.9322916865348816 0.6092592477798462 0.9354166388511658 0.6092592477798462 0.9385416507720947 0.6129629611968994 0.940625011920929 0.6129629611968994 0.9416666626930237 0.614814817905426 0.9437500238418579 0.614814817905426 0.9479166865348816 0.6185185313224792 0.9510416388511658 0.6185185313224792 0.9520833492279053 0.6203703880310059 0.9541666507720947 0.6203703880310059 0.9624999761581421 0.6277777552604675 0.965624988079071 0.6277777552604675 0.971875011920929 0.6333333253860474 0.9739583134651184 0.6333333253860474 0.9750000238418579 0.635185182094574 0.9781249761581421 0.635185182094574 0.981249988079071 0.6388888955116272 0.984375 0.6388888955116272 0.987500011920929 0.6425926089286804 0.9895833134651184 0.6425926089286804 0.9927083253860474 0.6462963223457336 0.9958333373069763 0.6462963223457336 0.9989583492279053 0.6499999761581421 0.9989583492279053 0.6314814686775208 0.9958333373069763 0.6314814686775208 0.9947916865348816 0.6296296119689941 0.987500011920929 0.6296296119689941 0.9864583611488342 0.6277777552604675 0.9822916388511658 0.6277777552604675 0.981249988079071 0.6259258985519409 0.9781249761581421 0.6259258985519409 0.9677083492279053 0.6166666746139526 0.965624988079071 0.6166666746139526 0.956250011920929 0.6074073910713196 0.9510416388511658 0.605555534362793 0.9479166865348816 0.6018518805503845 0.9458333253860474 0.6018518805503845 0.9447916746139526 0.6000000238418579 0.9416666626930237 0.6000000238418579 0.9375 0.5962963104248047 0.9302083253860474 0.5962963104248047 0.9270833134651184 0.5907407402992249 0.9260416626930237 0.5907407402992249 0.9145833253860474 0.5759259462356567 0.9125000238418579 0.5759259462356567 0.9114583134651184 0.5740740895271301 0.9083333611488342 0.5740740895271301 0.90625 0.5722222328186035 0.9052083492279053 0.5740740895271301 0.9010416865348816 0.5740740895271301
1 0.9447916746139526 0.46666666865348816 0.9468749761581421 0.4703703820705414 0.9479166865348816 0.4703703820705414 0.9510416388511658 0.4740740656852722 0.953125 0.4740740656852722 0.9583333134651184 0.48148149251937866 0.9604166746139526 0.48148149251937866 0.9614583253860474 0.4833333194255829 0.9635416865348816 0.4833333194255829 0.9666666388511658 0.4870370328426361 0.96875 0.4870370328426361 0.9697916507720947 0.4888888895511627 0.971875011920929 0.4888888895511627 0.9729166626930237 0.49074074625968933 0.9739583134651184 0.49074074625968933 0.9750000238418579 0.49259260296821594 0.9739583134651184 0.49444442987442017 0.9708333611488342 0.49444442987442017 0.9697916507720947 0.49259260296821594 0.9645833373069763 0.49259260296821594 0.9635416865348816 0.49074074625968933 0.9614583253860474 0.49074074625968933 0.9624999761581421 0.49074074625968933 0.9635416865348816 0.49259260296821594 0.965624988079071 0.49259260296821594 0.9666666388511658 0.49444442987442017 0.9697916507720947 0.49444442987442017 0.9708333611488342 0.4962962865829468 0.9739583134651184 0.4962962865829468 0.9750000238418579 0.4981481432914734 0.9781249761581421 0.4981481432914734 0.9791666865348816 0.5 0.9822916388511658 0.5 0.9833333492279053 0.5018518567085266 0.987500011920929 0.5018518567085266 0.9885416626930237 0.5037037134170532 0.9916666746139526 0.5037037134170532 0.9927083253860474 0.5055555701255798 0.9958333373069763 0.5055555701255798 0.996874988079071 0.5037037134170532 0.9979166388511658 0.5055555701255798 0.9989583492279053 0.5055555701255798 0.9989583492279053 0.4740740656852722 0.9947916865348816 0.4740740656852722 0.9937499761581421 0.4722222089767456 0.9895833134651184 0.4722222089767456 0.9885416626930237 0.4703703820705414 0.984375 0.4703703820705414 0.9833333492279053 0.46851852536201477 0.9781249761581421 0.46851852536201477 0.9770833253860474 0.46666666865348816 0.96875 0.46666666865348816 0.9677083492279053 0.46481481194496155 0.9458333253860474 0.46481481194496155
1 0.22812500596046448 0.4574074149131775 0.22291666269302368 0.4574074149131775 0.22187499701976776 0.4592592716217041 0.21770833432674408 0.4592592716217041 0.21666666865348816 0.4611110985279083 0.21458333730697632 0.4611110985279083 0.2135416716337204 0.46296295523643494 0.21145834028720856 0.46296295523643494 0.21041665971279144 0.46481481194496155 0.20729166269302368 0.46481481194496155 0.20624999701976776 0.46666666865348816 0.20208333432674408 0.46666666865348816 0.20104166865348816 0.46851852536201477 0.19687500596046448 0.46851852536201477 0.19583334028720856 0.4703703820705414 0.19479165971279144 0.4703703820705414 0.19374999403953552 0.46851852536201477 0.19166666269302368 0.46851852536201477 0.19062499701976776 0.46666666865348816 0.18541666865348816 0.46666666865348816 0.18437500298023224 0.46851852536201477 0.1822916716337204 0.46851852536201477 0.18020834028720856 0.4722222089767456 0.17916665971279144 0.4722222089767456 0.17812499403953552 0.4740740656852722 0.1770833283662796 0.4740740656852722 0.17499999701976776 0.47777777910232544 0.17499999701976776 0.4833333194255829 0.17604166269302368 0.4833333194255829 0.1770833283662796 0.4851851761341095 0.17812499403953552 0.4833333194255829 0.17916665971279144 0.4833333194255829 0.17916665971279144 0.48148149251937866 0.18020834028720856 0.47962963581085205 0.18020834028720856 0.47777777910232544 0.1822916716337204 0.4740740656852722 0.18333333730697632 0.4740740656852722 0.18437500298023224 0.4722222089767456 0.19374999403953552 0.4722222089767456 0.19479165971279144 0.4703703820705414 0.20000000298023224 0.4703703820705414 0.20104166865348816 0.46851852536201477 0.20520833134651184 0.46851852536201477 0.20624999701976776 0.46666666865348816 0.2083333283662796 0.46666666865348816 0.20937499403953552 0.46481481194496155 0.21250000596046448 0.46481481194496155 0.2135416716337204 0.46296295523643494 0.21770833432674408 0.46296295523643494 0.21875 0.4611110985279083 0.22291666269302368 0.4611110985279083 0.2239583283662796 0.4592592716217041 0.22604165971279144 0.4592592716217041 0.22708334028720856 0.4574074149131775
1 0.6010416746139526 0.4148148000240326 0.6010416746139526 0.4166666567325592 0.6020833253860474 0.4185185134410858 0.6031249761581421 0.4185185134410858 0.6041666865348816 0.4203703701496124 0.6052083373069763 0.4203703701496124 0.606249988079071 0.42222222685813904 0.6083333492279053 0.42222222685813904 0.609375 0.42407408356666565 0.6135416626930237 0.42407408356666565 0.6145833134651184 0.42592594027519226 0.6156250238418579 0.42592594027519226 0.6166666746139526 0.42407408356666565 0.6208333373069763 0.42407408356666565 0.6177083253860474 0.42407408356666565 0.6166666746139526 0.42222222685813904 0.6135416626930237 0.42222222685813904 0.612500011920929 0.4203703701496124 0.609375 0.4203703701496124 0.6083333492279053 0.4185185134410858 0.6052083373069763 0.4185185134410858 0.6041666865348816 0.4166666567325592 0.6020833253860474 0.4166666567325592
1 0.6854166388511658 0.4055555462837219 0.6875 0.40925925970077515 0.6864583492279053 0.41111111640930176 0.6937500238418579 0.42407408356666565 0.7020833492279053 0.4314814805984497 0.703125 0.43518519401550293 0.7239583134651184 0.4481481611728668 0.7270833253860474 0.4481481611728668 0.7385416626930237 0.4574074149131775 0.7416666746139526 0.4574074149131775 0.746874988079071 0.4611110985279083 0.7520833611488342 0.4611110985279083 0.7572916746139526 0.46666666865348816 0.7604166865348816 0.46666666865348816 0.7614583373069763 0.46851852536201477 0.7718750238418579 0.4703703820705414 0.7729166746139526 0.4722222089767456 0.78125 0.4722222089767456 0.7822916507720947 0.4740740656852722 0.796875 0.47592592239379883 0.8062499761581421 0.48148149251937866 0.8104166388511658 0.48148149251937866 0.815625011920929 0.4851851761341095 0.8197916746139526 0.4851851761341095 0.8208333253860474 0.4870370328426361 0.824999988079071 0.4870370328426361 0.8260416388511658 0.4888888895511627 0.8364583253860474 0.49259260296821594 0.828125 0.4851851761341095 0.8260416388511658 0.4851851761341095 0.8239583373069763 0.48148149251937866 0.8125 0.4722222089767456 0.8083333373069763 0.46666666865348816 0.8062499761581421 0.46666666865348816 0.7927083373069763 0.4555555582046509 0.7770833373069763 0.4481481611728668 0.7739583253860474 0.4444444477558136 0.765625 0.442592591047287 0.7635416388511658 0.43888887763023376 0.762499988079071 0.4407407343387604 0.7614583373069763 0.43703705072402954 0.7583333253860474 0.43703705072402954 0.7562500238418579 0.4333333373069763 0.7510416507720947 0.4314814805984497 0.7354166507720947 0.4166666567325592 0.7291666865348816 0.41296297311782837 0.7270833253860474 0.40925925970077515 0.7208333611488342 0.4055555462837219 0.7093750238418579 0.4037036895751953 0.7083333134651184 0.4018518626689911 0.6916666626930237 0.4018518626689911
1 0.9989583492279053 0.4000000059604645 0.9989583492279053 0.3870370388031006 0.9979166388511658 0.3888888955116272 0.996874988079071 0.3870370388031006 0.996874988079071 0.385185182094574 0.9958333373069763 0.3870370388031006 0.9947916865348816 0.385185182094574 0.9927083253860474 0.385185182094574 0.9927083253860474 0.3870370388031006 0.9916666746139526 0.3888888955116272 0.9906250238418579 0.3870370388031006 0.9864583611488342 0.3870370388031006 0.987500011920929 0.3888888955116272 0.9916666746139526 0.3888888955116272 0.9927083253860474 0.3907407522201538 0.9947916865348816 0.3907407522201538 0.9958333373069763 0.39259257912635803 0.9958333373069763 0.39444443583488464 0.9947916865348816 0.39629629254341125 0.9864583611488342 0.39629629254341125 0.9854166507720947 0.39444443583488464 0.9781249761581421 0.39444443583488464 0.9770833253860474 0.39259257912635803 0.9739583134651184 0.39259257912635803 0.9750000238418579 0.39259257912635803 0.9760416746139526 0.39444443583488464 0.981249988079071 0.39444443583488464 0.9822916388511658 0.39629629254341125 0.9864583611488342 0.39629629254341125 0.987500011920929 0.39814814925193787 0.9937499761581421 0.39814814925193787 0.9947916865348816 0.4000000059604645
1 0.16354165971279144 0.37037035822868347 0.1614583283662796 0.3722222149372101 0.15833333134651184 0.3722222149372101 0.15729166567325592 0.3740740716457367 0.15312500298023224 0.3740740716457367 0.15208333730697632 0.3759259283542633 0.14687499403953552 0.3777777850627899 0.13958333432674408 0.385185182094574 0.13333334028720856 0.3870370388031006 0.13229165971279144 0.3888888955116272 0.12916666269302368 0.3888888955116272 0.12812499701976776 0.3907407522201538 0.12604166567325592 0.3907407522201538 0.12187500298023224 0.39444443583488464 0.11874999850988388 0.39444443583488464 0.1145833358168602 0.39814814925193787 0.11145833134651184 0.39814814925193787 0.11041666567325592 0.4000000059604645 0.10833333432674408 0.4000000059604645 0.10729166865348816 0.4018518626689911 0.10520832985639572 0.4018518626689911 0.1041666641831398 0.4037036895751953 0.10208333283662796 0.4037036895751953 0.10104166716337204 0.4055555462837219 0.0989583358168602 0.4055555462837219 0.09791667014360428 0.40740740299224854 0.09583333134651184 0.40740740299224854 0.09479166567325592 0.40925925970077515 0.09270833432674408 0.40925925970077515 0.0885416641831398 0.41296297311782837 0.08749999850988388 0.41111111640930176 0.0833333358168602 0.4148148000240326 0.08124999701976776 0.4185185134410858 0.06666667014360428 0.4296296238899231 0.07083333283662796 0.4296296238899231 0.07187499850988388 0.4277777671813965 0.07500000298023224 0.4277777671813965 0.07916666567325592 0.42407408356666565 0.08541666716337204 0.42407408356666565 0.08645833283662796 0.42222222685813904 0.09687499701976776 0.42222222685813904 0.09791667014360428 0.4203703701496124 0.10520832985639572 0.4203703701496124 0.10625000298023224 0.4185185134410858 0.10833333432674408 0.4185185134410858 0.109375 0.4166666567325592 0.11145833134651184 0.4166666567325592 0.11562500149011612 0.41296297311782837 0.12291666865348816 0.41296297311782837 0.12395833432674408 0.41111111640930176 0.12604166567325592 0.41111111640930176 0.11041666567325592 0.41111111640930176 0.109375 0.40925925970077515 0.11249999701976776 0.4055555462837219 0.11562500149011612 0.4055555462837219 0.11666666716337204 0.4037036895751953 0.1197916641831398 0.4037036895751953 0.12083332985639572 0.4018518626689911 0.12395833432674408 0.4018518626689911 0.12812499701976776 0.39814814925193787 0.13645833730697632 0.39629629254341125 0.13750000298023224 0.39444443583488464 0.14687499403953552 0.39444443583488464 0.14791665971279144 0.39259257912635803 0.1458333283662796 0.3907407522201538 0.14687499403953552 0.3888888955116272 0.1510416716337204 0.3870370388031006 0.15520833432674408 0.37962964177131653 0.16041666269302368 0.3759259283542633
1 0.9697916507720947 0.36851853132247925 0.9708333611488342 0.36851853132247925 0.971875011920929 0.37037035822868347 0.9760416746139526 0.37037035822868347 0.9770833253860474 0.3722222149372101 0.9895833134651184 0.3722222149372101 0.9906250238418579 0.3740740716457367 0.9979166388511658 0.3740740716457367 0.996874988079071 0.3740740716457367 0.9958333373069763 0.3722222149372101 0.9947916865348816 0.3740740716457367 0.9937499761581421 0.3740740716457367 0.9916666746139526 0.37037035822868347 0.9854166507720947 0.37037035822868347 0.984375 0.36851853132247925
1 0.640625 0.36666667461395264 0.6416666507720947 0.36851853132247925 0.6447916626930237 0.36851853132247925 0.6458333134651184 0.37037035822868347 0.6489583253860474 0.37037035822868347 0.6499999761581421 0.3722222149372101 0.6572916507720947 0.3722222149372101 0.6552083492279053 0.3722222149372101 0.6541666388511658 0.37037035822868347 0.653124988079071 0.37037035822868347 0.6520833373069763 0.36851853132247925 0.6499999761581421 0.36851853132247925 0.6489583253860474 0.36666667461395264
1 0.12916666269302368 0.36666667461395264 0.11874999850988388 0.36666667461395264 0.11770833283662796 0.36851853132247925 0.10312499850988388 0.37037035822868347 0.09687499701976776 0.3740740716457367 0.08020833134651184 0.3759259283542633 0.06041666492819786 0.3888888955116272 0.05000000074505806 0.3888888955116272 0.03750000149011612 0.4000000059604645 0.02291666716337204 0.39629629254341125 0.01770833320915699 0.4000000059604645 0.014583333395421505 0.39814814925193787 0.01354166679084301 0.4000000059604645 0.0 0.4018518626689911 0.0 0.4333333373069763 0.0416666679084301 0.43518519401550293 0.04583333432674408 0.4314814805984497 0.04895833507180214 0.4314814805984497 0.05624999850988388 0.42592594027519226 0.05833333358168602 0.42222222685813904 0.05520833283662796 0.4185185134410858 0.03750000149011612 0.4166666567325592 0.03541666641831398 0.41296297311782837 0.0364583320915699 0.41111111640930176 0.03437500074505806 0.40925925970077515 0.03958333283662796 0.4037036895751953 0.04270833358168602 0.4037036895751953 0.046875 0.4000000059604645 0.05000000074505806 0.4018518626689911 0.04895833507180214 0.4000000059604645 0.05000000074505806 0.39814814925193787 0.05416666716337204 0.4000000059604645 0.0520833320915699 0.39814814925193787 0.0572916679084301 0.39259257912635803 0.06041666492819786 0.39444443583488464 0.05624999850988388 0.39814814925193787 0.06979166716337204 0.39444443583488464 0.0729166641831398 0.3907407522201538 0.07708333432674408 0.3907407522201538 0.10312499850988388 0.3759259283542633 0.10729166865348816 0.3759259283542633 0.10833333432674408 0.3740740716457367 0.11249999701976776 0.3740740716457367 0.11354167014360428 0.3722222149372101 0.11770833283662796 0.3722222149372101
1 0.11041666567325592 0.35370370745658875 0.09375 0.35370370745658875 0.09270833432674408 0.35555556416511536 0.08645833283662796 0.35555556416511536 0.08541666716337204 0.35740742087364197 0.07916666567325592 0.35740742087364197 0.078125 0.3592592477798462 0.06458333134651184 0.3592592477798462 0.06354166567325592 0.3611111044883728 0.05833333358168602 0.3611111044883728 0.0572916679084301 0.3629629611968994 0.0520833320915699 0.364814817905426 0.04895833507180214 0.36851853132247925 0.04583333432674408 0.36851853132247925 0.04479166492819786 0.37037035822868347 0.03541666641831398 0.37037035822868347 0.03437500074505806 0.3722222149372101 0.03020833246409893 0.3722222149372101 0.01979166641831398 0.38148146867752075 0.01666666753590107 0.38148146867752075 0.015625 0.38333332538604736 0.01145833358168602 0.38333332538604736 0.010416666977107525 0.385185182094574 0.0062500000931322575 0.385185182094574 0.0052083334885537624 0.3870370388031006 0.0010416667209938169 0.3870370388031006 0.0 0.3888888955116272 0.0 0.39629629254341125 0.0010416667209938169 0.39444443583488464 0.004166666883975267 0.39444443583488464 0.0052083334885537624 0.39259257912635803 0.008333333767950535 0.39259257912635803 0.00937500037252903 0.3907407522201538 0.015625 0.3907407522201538 0.01354166679084301 0.3888888955116272 0.014583333395421505 0.3870370388031006 0.01666666753590107 0.3870370388031006 0.01875000074505806 0.38333332538604736 0.02395833283662796 0.38333332538604736 0.02500000037252903 0.385185182094574 0.02604166604578495 0.38333332538604736 0.02916666679084301 0.38333332538604736 0.03020833246409893 0.38148146867752075 0.03437500074505806 0.38148146867752075 0.03541666641831398 0.37962964177131653 0.0416666679084301 0.37962964177131653 0.04270833358168602 0.3777777850627899 0.04583333432674408 0.3777777850627899 0.046875 0.3759259283542633 0.0520833320915699 0.3759259283542633 0.05624999850988388 0.3722222149372101 0.05937499925494194 0.3722222149372101 0.06041666492819786 0.37037035822868347 0.06458333134651184 0.37037035822868347 0.06562499701976776 0.36851853132247925 0.06875000149011612 0.36851853132247925 0.0729166641831398 0.364814817905426 0.078125 0.364814817905426 0.08229167014360428 0.3611111044883728 0.08645833283662796 0.3611111044883728 0.08749999850988388 0.3592592477798462 0.09270833432674408 0.3592592477798462 0.09375 0.35740742087364197 0.0989583358168602 0.35740742087364197 0.10000000149011612 0.35370370745658875 0.10312499850988388 0.35370370745658875 0.1041666641831398 0.35555556416511536 0.10625000298023224 0.35370370745658875
1 0.0 0.37037035822868347 0.0020833334419876337 0.36666667461395264 0.0072916666977107525 0.36666667461395264 0.008333333767950535 0.364814817905426 0.014583333395421505 0.364814817905426 0.015625 0.3629629611968994 0.02083333395421505 0.3629629611968994 0.02187499962747097 0.3611111044883728 0.02708333358168602 0.3611111044883728 0.02916666679084301 0.35740742087364197 0.03125 0.35740742087364197 0.03229166567325592 0.35555556416511536 0.03958333283662796 0.35555556416511536 0.03333333507180214 0.35555556416511536 0.03229166567325592 0.35370370745658875 0.02604166604578495 0.35370370745658875 0.02500000037252903 0.35185185074806213 0.01875000074505806 0.35185185074806213 0.01770833320915699 0.3499999940395355 0.0072916666977107525 0.3499999940395355 0.0062500000931322575 0.3481481373310089 0.0 0.3481481373310089
1 0.653124988079071 0.3462963104248047 0.6645833253860474 0.35370370745658875 0.6760416626930237 0.36666667461395264 0.7166666388511658 0.37962964177131653 0.7166666388511658 0.385185182094574 0.721875011920929 0.38148146867752075 0.7447916865348816 0.3907407522201538 0.7458333373069763 0.39444443583488464 0.7416666746139526 0.39629629254341125 0.7250000238418579 0.3888888955116272 0.706250011920929 0.3870370388031006 0.6979166865348816 0.38148146867752075 0.690625011920929 0.38333332538604736 0.8031250238418579 0.4277777671813965 0.8343750238418579 0.42222222685813904 0.859375 0.42222222685813904 0.8479166626930237 0.4166666567325592 0.8500000238418579 0.4148148000240326 0.8364583253860474 0.41111111640930176 0.8364583253860474 0.40740740299224854 0.862500011920929 0.40925925970077515 0.8697916865348816 0.4166666567325592 0.8666666746139526 0.4203703701496124 0.8791666626930237 0.4203703701496124 0.8697916865348816 0.4148148000240326 0.871874988079071 0.41296297311782837 0.8697916865348816 0.4148148000240326 0.8666666746139526 0.40925925970077515 0.8364583253860474 0.39444443583488464 0.7989583611488342 0.385185182094574 0.765625 0.38333332538604736 0.731249988079071 0.3740740716457367 0.7124999761581421 0.3592592477798462 0.675000011920929 0.34074074029922485 0.6614583134651184 0.34074074029922485
1 0.5177083611488342 0.3351851999759674 0.5260416865348816 0.3351851999759674 0.5270833373069763 0.3333333432674408 0.5270833373069763 0.3314814865589142 0.5260416865348816 0.3314814865589142 0.5249999761581421 0.3296296298503876 0.5208333134651184 0.3296296298503876
1 0.784375011920929 0.3296296298503876 0.7854166626930237 0.3314814865589142 0.7916666865348816 0.3314814865589142 0.7927083373069763 0.3333333432674408 0.7916666865348816 0.3351851999759674 0.7864583134651184 0.3351851999759674 0.796875 0.3351851999759674 0.7979166507720947 0.3333333432674408 0.7979166507720947 0.3296296298503876 0.796875 0.3296296298503876 0.793749988079071 0.32407405972480774 0.7875000238418579 0.32407405972480774
1 0.06354166567325592 0.32407405972480774 0.0416666679084301 0.32407405972480774 0.04062499850988388 0.32592591643333435 0.02187499962747097 0.32592591643333435 0.02083333395421505 0.32777777314186096 0.014583333395421505 0.32777777314186096 0.012500000186264515 0.3314814865589142 0.0062500000931322575 0.3314814865589142 0.0062500000931322575 0.3333333432674408 0.0052083334885537624 0.3351851999759674 0.0010416667209938169 0.3351851999759674 0.0020833334419876337 0.33703702688217163 0.008333333767950535 0.33703702688217163 0.00937500037252903 0.3351851999759674 0.01770833320915699 0.3351851999759674 0.01875000074505806 0.3333333432674408 0.02708333358168602 0.3333333432674408 0.02812499925494194 0.3314814865589142 0.03229166567325592 0.3314814865589142 0.03333333507180214 0.3296296298503876 0.04374999925494194 0.3296296298503876 0.04479166492819786 0.32777777314186096 0.05312500149011612 0.32777777314186096 0.05416666716337204 0.32592591643333435 0.0625 0.32592591643333435
1 0.5208333134651184 0.32592591643333435 0.5197916626930237 0.32592591643333435 0.5177083611488342 0.3222222328186035 0.5114583373069763 0.3222222328186035 0.5104166865348816 0.3203703761100769 0.503125011920929 0.3203703761100769 0.5020833611488342 0.3185185194015503 0.49270832538604736 0.3185185194015503 0.49166667461395264 0.3203703761100769 0.4895833432674408 0.3203703761100769 0.4885416626930237 0.3222222328186035 0.4739583432674408 0.3222222328186035 0.4729166626930237 0.32407405972480774 0.46875 0.32407405972480774 0.4677083194255829 0.3222222328186035 0.4635416567325592 0.3222222328186035 0.4625000059604645 0.32407405972480774 0.46041667461395264 0.32407405972480774 0.4593749940395355 0.3222222328186035 0.4572916626930237 0.3222222328186035 0.45625001192092896 0.32407405972480774 0.453125 0.32407405972480774 0.46875 0.32407405972480774 0.4697916805744171 0.32592591643333435 0.4791666567325592 0.32592591643333435 0.4802083373069763 0.32777777314186096 0.4791666567325592 0.3296296298503876 0.44583332538604736 0.3296296298503876 0.44479167461395264 0.3314814865589142 0.4427083432674408 0.3314814865589142 0.4416666626930237 0.3296296298503876 0.4385416805744171 0.3296296298503876 0.44062501192092896 0.3296296298503876 0.4416666626930237 0.3314814865589142 0.45104166865348816 0.3314814865589142 0.4520833194255829 0.3296296298503876 0.4572916626930237 0.3296296298503876 0.4583333432674408 0.3314814865589142 0.4697916805744171 0.3314814865589142 0.47083333134651184 0.3296296298503876 0.49791666865348816 0.3296296298503876 0.4989583194255829 0.32777777314186096 0.5135416388511658 0.32777777314186096 0.5145833492279053 0.32592591643333435 0.515625 0.32592591643333435 0.5166666507720947 0.32777777314186096 0.5177083611488342 0.32592591643333435
1 0.6958333253860474 0.31481480598449707 0.7093750238418579 0.32407405972480774 0.7166666388511658 0.32592591643333435 0.7197916507720947 0.3296296298503876 0.7208333611488342 0.32592591643333435 0.7250000238418579 0.32592591643333435 0.7270833253860474 0.3314814865589142 0.7260416746139526 0.3333333432674408 0.7333333492279053 0.3351851999759674 0.737500011920929 0.33888888359069824 0.7739583253860474 0.35185185074806213 0.784375011920929 0.35185185074806213 0.7958333492279053 0.3592592477798462 0.809374988079071 0.3611111044883728 0.8239583373069763 0.36666667461395264 0.8322916626930237 0.36666667461395264 0.8333333134651184 0.36851853132247925 0.8364583253860474 0.36666667461395264 0.8531249761581421 0.36851853132247925 0.8541666865348816 0.36666667461395264 0.8531249761581421 0.364814817905426 0.8552083373069763 0.3629629611968994 0.8645833134651184 0.3722222149372101 0.875 0.3722222149372101 0.8760416507720947 0.3740740716457367 0.8833333253860474 0.3722222149372101 0.8677083253860474 0.36666667461395264 0.8604166507720947 0.3611111044883728 0.8510416746139526 0.3611111044883728 0.8541666865348816 0.3629629611968994 0.8500000238418579 0.364814817905426 0.8458333611488342 0.3592592477798462 0.8395833373069763 0.35740742087364197 0.8385416865348816 0.35555556416511536 0.840624988079071 0.35185185074806213 0.815625011920929 0.34074074029922485 0.7895833253860474 0.34074074029922485 0.784375011920929 0.33703702688217163 0.7822916507720947 0.33888888359069824 0.768750011920929 0.33703702688217163 0.746874988079071 0.32592591643333435 0.734375 0.32407405972480774 0.715624988079071 0.31481480598449707
1 0.5947916507720947 0.3351851999759674 0.581250011920929 0.3314814865589142 0.590624988079071 0.3203703761100769 0.5770833492279053 0.3222222328186035 0.5708333253860474 0.31481480598449707 0.5583333373069763 0.31481480598449707 0.5406249761581421 0.3351851999759674 0.550000011920929 0.34074074029922485 0.5364583134651184 0.3444444537162781 0.5270833373069763 0.33888888359069824 0.5364583134651184 0.3444444537162781 0.5364583134651184 0.35740742087364197 0.5510416626930237 0.39259257912635803 0.5197916626930237 0.385185182094574 0.4895833432674408 0.35740742087364197 0.48750001192092896 0.3499999940395355 0.4781250059604645 0.3462963104248047 0.41874998807907104 0.3444444537162781 0.41874998807907104 0.3499999940395355 0.4124999940395355 0.35185185074806213 0.4020833373069763 0.3444444537162781 0.3854166567325592 0.3444444537162781 0.3947916626930237 0.35555556416511536 0.4052083194255829 0.35740742087364197 0.4010416567325592 0.3777777850627899 0.3697916567325592 0.3870370388031006 0.33645832538604736 0.3870370388031006 0.3270833194255829 0.37962964177131653 0.30937498807907104 0.40740740299224854 0.28437501192092896 0.4277777671813965 0.28958332538604736 0.4314814805984497 0.2750000059604645 0.4555555582046509 0.28333333134651184 0.4555555582046509 0.2750000059604645 0.4722222089767456 0.2822916805744171 0.4722222089767456 0.28125 0.47777777910232544 0.30000001192092896 0.49074074625968933 0.30416667461395264 0.5074074268341064 0.3604166805744171 0.49444442987442017 0.3645833432674408 0.5018518567085266 0.3645833432674408 0.5148147940635681 0.3697916567325592 0.520370364189148 0.4104166626930237 0.5129629373550415 0.44479167461395264 0.4851851761341095 0.5020833611488342 0.45370370149612427 0.5729166865348816 0.4314814805984497 0.5583333373069763 0.4185185134410858 0.5635416507720947 0.4166666567325592 0.5635416507720947 0.41111111640930176 0.5927083492279053 0.40925925970077515 0.5739583373069763 0.4018518626689911 0.5687500238418579 0.3907407522201538 0.5947916507720947 0.38333332538604736 0.5885416865348816 0.38148146867752075 0.581250011920929 0.364814817905426 0.5666666626930237 0.35370370745658875 0.5625 0.34259259700775146 0.5729166865348816 0.33888888359069824 0.5770833492279053 0.35370370745658875 0.5864583253860474 0.33888888359069824
1 0.578125 0.31296294927597046 0.5822916626930237 0.31296294927597046 0.5833333134651184 0.31481480598449707 0.590624988079071 0.31481480598449707 0.5916666388511658 0.3166666626930237 0.5947916507720947 0.3166666626930237 0.5979166626930237 0.31111112236976624 0.5989583134651184 0.31111112236976624 0.5843750238418579 0.31111112236976624 0.5833333134651184 0.31296294927597046
2 0.8364583253860474 0.40925925970077515 0.8395833373069763 0.40925925970077515 0.840624988079071 0.41111111640930176 0.8458333611488342 0.41111111640930176 0.846875011920929 0.41296297311782837 0.8500000238418579 0.41296297311782837 0.8510416746139526 0.4148148000240326 0.8531249761581421 0.4148148000240326 0.8541666865348816 0.4166666567325592 0.8552083373069763 0.4166666567325592 0.856249988079071 0.4185185134410858 0.8572916388511658 0.4185185134410858 0.8583333492279053 0.4203703701496124 0.8656250238418579 0.4203703701496124 0.8677083253860474 0.4166666567325592 0.8687499761581421 0.4166666567325592 0.8677083253860474 0.4166666567325592 0.8666666746139526 0.4148148000240326 0.8656250238418579 0.4148148000240326 0.8645833134651184 0.41296297311782837 0.8635416626930237 0.41296297311782837 0.862500011920929 0.41111111640930176 0.8510416746139526 0.41111111640930176 0.8500000238418579 0.40925925970077515
2 0.0 0.43518519401550293 0.0 0.7444444298744202 0.05104166641831398 0.7074074149131775 0.08645833283662796 0.7148148417472839 0.0 0.8055555820465088 0.0052083334885537624 0.8722222447395325 0.08541666716337204 0.8037037253379822 0.234375 0.614814817905426 0.23333333432674408 0.5944444537162781 0.14374999701976776 0.6129629611968994 0.08645833283662796 0.699999988079071 0.10312499850988388 0.6518518328666687 0.07916666567325592 0.6518518328666687 0.12395833432674408 0.6111111044883728 0.3687500059604645 0.5685185194015503 0.3968749940395355 0.5944444537162781 0.4989583194255829 0.9981481432914734 0.9989583492279053 0.9981481432914734 0.9979166388511658 0.7425925731658936 0.6520833373069763 0.6018518805503845 0.6625000238418579 0.5759259462356567 0.715624988079071 0.5703703761100769 0.6781250238418579 0.5611110925674438 0.6822916865348816 0.5407407283782959 0.7958333492279053 0.529629647731781 0.9458333253860474 0.6000000238418579 0.859375 0.5037037134170532 0.5635416507720947 0.41296297311782837 0.565625011920929 0.43888887763023376 0.3864583373069763 0.5222222208976746 0.3604166805744171 0.4962962865829468 0.30416667461395264 0.5092592835426331 0.2750000059604645 0.4740740656852722 0.28333333134651184 0.4277777671813965 0.3083333373069763 0.4000000059604645 0.15416666865348816 0.442592591047287
2 0.3583333194255829 0.4018518626689911 0.3635416626930237 0.4055555462837219 0.36770832538604736 0.4037036895751953 0.3864583373069763 0.4037036895751953 0.38749998807907104 0.4055555462837219 0.3812499940395355 0.4148148000240326 0.3802083432674408 0.4203703701496124 0.38749998807907104 0.42592594027519226 0.3958333432674408 0.4277777671813965 0.40312498807907104 0.43518519401550293 0.4104166626930237 0.43888887763023376 0.4260416626930237 0.43518519401550293 0.4270833432674408 0.43703705072402954 0.421875 0.4462963044643402 0.4229166805744171 0.4481481611728668 0.41874998807907104 0.45370370149612427 0.41979166865348816 0.4555555582046509 0.4166666567325592 0.4592592716217041 0.4177083373069763 0.4611110985279083 0.41354167461395264 0.46666666865348816 0.41354167461395264 0.46851852536201477 0.4177083373069763 0.46851852536201477 0.41874998807907104 0.4703703820705414 0.4333333373069763 0.46666666865348816 0.44062501192092896 0.4592592716217041 0.4479166567325592 0.4555555582046509 0.4635416567325592 0.45185184478759766 0.4677083194255829 0.4481481611728668 0.4781250059604645 0.42592594027519226 0.47604167461395264 0.42592594027519226 0.4749999940395355 0.42407408356666565 0.4895833432674408 0.41296297311782837 0.5 0.41296297311782837 0.503125011920929 0.41111111640930176 0.5062500238418579 0.4055555462837219 0.4947916567325592 0.4037036895751953 0.4937500059604645 0.4018518626689911 0.484375 0.4018518626689911 0.47604167461395264 0.39814814925193787 0.47187501192092896 0.4000000059604645 0.45625001192092896 0.4000000059604645 0.45520833134651184 0.4018518626689911 0.453125 0.4000000059604645 0.3864583373069763 0.4018518626689911 0.3854166567325592 0.4000000059604645 0.3635416626930237 0.39814814925193787 0.36145833134651184 0.4018518626689911
2 0.7760416865348816 0.35555556416511536 0.7770833373069763 0.35740742087364197 0.7802083492279053 0.35740742087364197 0.78125 0.3592592477798462 0.7875000238418579 0.3592592477798462 0.7885416746139526 0.3611111044883728 0.7979166507720947 0.3611111044883728 0.7958333492279053 0.3611111044883728 0.7947916388511658 0.3592592477798462 0.7906249761581421 0.3592592477798462 0.7895833253860474 0.35740742087364197 0.7885416746139526 0.35740742087364197 0.7875000238418579 0.35555556416511536 0.7854166626930237 0.35555556416511536 0.784375011920929 0.35370370745658875 0.7791666388511658 0.35370370745658875 0.778124988079071 0.35555556416511536
2 0.9989583492279053 0.46481481194496155 0.9989583492279053 0.4018518626689911 0.9760416746139526 0.39629629254341125 0.9614583253860474 0.3870370388031006 0.953125 0.3888888955116272 0.956250011920929 0.385185182094574 0.9479166865348816 0.3870370388031006 0.9270833134651184 0.3740740716457367 0.9552083611488342 0.3740740716457367 0.9416666626930237 0.3722222149372101 0.940625011920929 0.36666667461395264 0.9760416746139526 0.3722222149372101 0.971875011920929 0.3722222149372101 0.9697916507720947 0.36666667461395264 0.984375 0.36666667461395264 0.9989583492279053 0.3722222149372101 0.9989583492279053 0.35555556416511536 0.9239583611488342 0.3351851999759674 0.9239583611488342 0.3444444537162781 0.9156249761581421 0.35740742087364197 0.8947916626930237 0.35740742087364197 0.8885416388511658 0.35185185074806213 0.890625 0.35740742087364197 0.8812500238418579 0.35740742087364197 0.8125 0.33888888359069824 0.840624988079071 0.3499999940395355 0.8395833373069763 0.35555556416511536 0.8552083373069763 0.36666667461395264 0.8531249761581421 0.37037035822868347 0.8364583253860474 0.36851853132247925 0.8343750238418579 0.3759259283542633 0.8208333253860474 0.3722222149372101 0.8197916746139526 0.36666667461395264 0.8062499761581421 0.36851853132247925 0.8416666388511658 0.38333332538604736 0.9083333611488342 0.4018518626689911 0.909375011920929 0.41296297311782837 0.9166666865348816 0.42222222685813904 0.8968750238418579 0.4185185134410858 0.8843749761581421 0.42407408356666565
2 0.846875011920929 0.32777777314186096 0.8520833253860474 0.32777777314186096 0.8531249761581421 0.3296296298503876 0.8572916388511658 0.3296296298503876 0.8583333492279053 0.32777777314186096 0.8614583611488342 0.32777777314186096 0.862500011920929 0.3296296298503876 0.8635416626930237 0.3296296298503876 0.8645833134651184 0.3314814865589142 0.8687499761581421 0.3314814865589142 0.8697916865348816 0.3296296298503876 0.8760416507720947 0.3296296298503876 0.8770833611488342 0.3314814865589142 0.8947916626930237 0.3314814865589142 0.8958333134651184 0.3296296298503876 0.9041666388511658 0.3296296298503876 0.9052083492279053 0.32777777314186096 0.9104166626930237 0.32777777314186096
2 0.796875 0.32777777314186096 0.8052083253860474 0.32777777314186096 0.8062499761581421 0.3296296298503876 0.8145833611488342 0.3296296298503876 0.815625011920929 0.3314814865589142 0.8218749761581421 0.3314814865589142 0.8229166865348816 0.3333333432674408 0.831250011920929 0.3333333432674408 0.8322916626930237 0.3351851999759674 0.8385416865348816 0.3351851999759674 0.8395833373069763 0.33703702688217163 0.8458333611488342 0.33703702688217163 0.846875011920929 0.33888888359069824 0.856249988079071 0.33888888359069824 0.8572916388511658 0.34074074029922485 0.8656250238418579 0.34074074029922485 0.862500011920929 0.34074074029922485 0.8614583611488342 0.33888888359069824 0.859375 0.33888888359069824 0.8583333492279053 0.33703702688217163 0.8531249761581421 0.33703702688217163 0.8520833253860474 0.3351851999759674 0.84375 0.3351851999759674 0.8427083492279053 0.3333333432674408 0.8354166746139526 0.3333333432674408 0.8322916626930237 0.3296296298503876 0.8333333134651184 0.32777777314186096 0.840624988079071 0.32777777314186096 0.8416666388511658 0.3296296298503876 0.8427083492279053 0.32777777314186096 0.8447916507720947 0.32777777314186096 0.8218749761581421 0.32777777314186096 0.8208333253860474 0.3296296298503876 0.8177083134651184 0.3296296298503876 0.8166666626930237 0.32777777314186096
2 0.0 0.3462963104248047 0.08124999701976776 0.35555556416511536 0.10104166716337204 0.3499999940395355 0.07500000298023224 0.3462963104248047 0.13750000298023224 0.33703702688217163 0.11562500149011612 0.35555556416511536 0.15416666865348816 0.3499999940395355 0.15000000596046448 0.35740742087364197 0.16979166865348816 0.3611111044883728 0.17291666567325592 0.35185185074806213 0.17812499403953552 0.35185185074806213 0.16770833730697632 0.3481481373310089 0.3020833432674408 0.32592591643333435 0.3656249940395355 0.3296296298503876 0.38854166865348816 0.3462963104248047 0.47604167461395264 0.3444444537162781 0.46875 0.34259259700775146 0.4697916805744171 0.3333333432674408 0.4885416626930237 0.3314814865589142 0.4416666626930237 0.3333333432674408 0.4385416805744171 0.32777777314186096 0.4791666567325592 0.32777777314186096 0.4229166805744171 0.31481480598449707 0.3760416805744171 0.3185185194015503 0.20520833134651184 0.3055555522441864 0.13437500596046448 0.31111112236976624 0.008333333767950535 0.33888888359069824 0.0 0.3333333432674408
3 0.5843750238418579 0.3444444537162781 0.590624988079071 0.3444444537162781 0.5916666388511658 0.34259259700775146 0.59375 0.34259259700775146 0.5958333611488342 0.3462963104248047 0.5989583134651184 0.3462963104248047 0.6000000238418579 0.3481481373310089 0.6052083373069763 0.3481481373310089 0.606249988079071 0.3499999940395355 0.6145833134651184 0.3499999940395355 0.612500011920929 0.3499999940395355 0.6114583611488342 0.3481481373310089 0.6083333492279053 0.3481481373310089 0.6072916388511658 0.3462963104248047 0.606249988079071 0.3462963104248047 0.6052083373069763 0.3444444537162781 0.6041666865348816 0.3444444537162781 0.6031249761581421 0.34259259700775146 0.5989583134651184 0.34259259700775146 0.5979166626930237 0.34074074029922485 0.5927083492279053 0.34074074029922485 0.5916666388511658 0.33888888359069824 0.5895833373069763 0.33888888359069824 0.5885416865348816 0.34074074029922485 0.5864583253860474 0.34074074029922485
3 0.5854166746139526 0.3314814865589142 0.5854166746139526 0.3333333432674408 0.5864583253860474 0.3314814865589142 0.5916666388511658 0.3314814865589142 0.5927083492279053 0.3333333432674408 0.5947916507720947 0.3333333432674408 0.5958333611488342 0.3351851999759674 0.5958333611488342 0.33703702688217163 0.6041666865348816 0.33703702688217163 0.6052083373069763 0.33888888359069824 0.612500011920929 0.33888888359069824 0.6135416626930237 0.34074074029922485 0.6177083253860474 0.34074074029922485 0.6187499761581421 0.34259259700775146 0.6260416507720947 0.34259259700775146 0.6270833611488342 0.3444444537162781 0.6343749761581421 0.3444444537162781 0.6354166865348816 0.3462963104248047 0.6468750238418579 0.3462963104248047 0.6479166746139526 0.3444444537162781 0.65625 0.3444444537162781 0.6614583134651184 0.33888888359069824 0.675000011920929 0.33888888359069824 0.6760416626930237 0.34074074029922485 0.6833333373069763 0.34074074029922485 0.6833333373069763 0.33888888359069824 0.6822916865348816 0.33703702688217163 0.6822916865348816 0.3296296298503876 0.6812499761581421 0.32777777314186096 0.6812499761581421 0.32407405972480774 0.6802083253860474 0.32407405972480774 0.6708333492279053 0.31481480598449707 0.668749988079071 0.31481480598449707 0.6677083373069763 0.31296294927597046 0.6656249761581421 0.31296294927597046 0.6645833253860474 0.31111112236976624 0.6625000238418579 0.31111112236976624 0.6614583134651184 0.3092592656612396 0.6583333611488342 0.3092592656612396 0.65625 0.3055555522441864 0.653124988079071 0.3055555522441864 0.6499999761581421 0.3018518388271332 0.6479166746139526 0.3018518388271332 0.6458333134651184 0.29814815521240234 0.6427083611488342 0.29814815521240234 0.6416666507720947 0.29629629850387573 0.637499988079071 0.29629629850387573 0.6343749761581421 0.2925925850868225 0.625 0.2925925850868225 0.6239583492279053 0.2944444417953491 0.6229166388511658 0.2925925850868225 0.6166666746139526 0.2925925850868225 0.6156250238418579 0.2944444417953491 0.6104166507720947 0.29814815521240234 0.6072916388511658 0.3037036955356598 0.6041666865348816 0.3055555522441864 0.6020833253860474 0.3092592656612396 0.6010416746139526 0.3092592656612396 0.5989583134651184 0.31296294927597046 0.5979166626930237 0.31296294927597046 0.5947916507720947 0.3185185194015503 0.59375 0.3185185194015503 0.59375 0.3203703761100769 0.590624988079071 0.32592591643333435 0.5885416865348816 0.32592591643333435
