0 0.012500000186264515 0.7851851582527161 0.01145833358168602 0.7851851582527161 0.010416666977107525 0.7833333611488342 0.008333333767950535 0.7833333611488342 0.0072916666977107525 0.7851851582527161 0.0052083334885537624 0.7851851582527161 0.004166666883975267 0.7870370149612427 0.0020833334419876337 0.7870370149612427 0.0010416667209938169 0.7888888716697693 0.0 0.7888888716697693 0.0 0.8222222328186035 0.0052083334885537624 0.8129629492759705 0.0052083334885537624 0.8111110925674438 0.0072916666977107525 0.8074073791503906 0.008333333767950535 0.8074073791503906 0.01145833358168602 0.8018518686294556 0.012500000186264515 0.8018518686294556 0.012500000186264515 0.7907407283782959 0.01145833358168602 0.7888888716697693 0.012500000186264515 0.7870370149612427
0 0.2864583432674408 0.585185170173645 0.2864583432674408 0.5870370268821716 0.2874999940395355 0.5870370268821716 0.28854167461395264 0.5888888835906982 0.29374998807907104 0.5888888835906982 0.29374998807907104 0.585185170173645 0.2927083373069763 0.5833333134651184 0.2916666567325592 0.5833333134651184 0.2906250059604645 0.5814814567565918 0.2874999940395355 0.5814814567565918 0.2874999940395355 0.5833333134651184
0 0.984375 0.4574074149131775 0.9854166507720947 0.4592592716217041 0.987500011920929 0.4592592716217041 0.9885416626930237 0.4611110985279083 0.9895833134651184 0.4611110985279083 0.9906250238418579 0.46296295523643494 0.9927083253860474 0.46296295523643494 0.9947916865348816 0.46666666865348816 0.9958333373069763 0.46666666865348816 0.996874988079071 0.46851852536201477 0.9989583492279053 0.46851852536201477 0.9989583492279053 0.4592592716217041 0.9864583611488342 0.4592592716217041 0.9854166507720947 0.4574074149131775
0 0.0 0.5703703761100769 0.0 0.75 0.14479166269302368 0.6092592477798462 0.3135416805744171 0.5425925850868225 0.34375 0.5425925850868225 0.3239583373069763 0.5592592358589172 0.3229166567325592 0.5833333134651184 0.3802083432674408 0.5777778029441833 0.3864583373069763 0.5407407283782959 0.40937501192092896 0.5407407283782959 0.42395833134651184 0.5592592358589172 0.41458332538604736 0.5703703761100769 0.4281249940395355 0.5925925970077515 0.44479167461395264 0.5962963104248047 0.4489583373069763 0.5870370268821716 0.44062501192092896 0.5703703761100769 0.4479166567325592 0.5629629492759705 0.46666666865348816 0.5814814567565918 0.4625000059604645 0.6074073910713196 0.5010416507720947 0.664814829826355 0.49791666865348816 0.6314814686775208 0.5041666626930237 0.6277777552604675 0.5177083611488342 0.6592592597007751 0.5135416388511658 0.6722221970558167 0.503125011920929 0.6685185432434082 0.503125011920929 0.7240740656852722 0.47604167461395264 0.8092592358589172 0.34166666865348816 0.9981481432914734 0.815625011920929 0.9981481432914734 0.78125 0.8500000238418579 0.7583333253860474 0.7851851582527161 0.737500011920929 0.7648147940635681 0.7406250238418579 0.7555555701255798 0.5843750238418579 0.5444444417953491 0.484375 0.4703703820705414 0.40625 0.45370370149612427 0.28437501192092896 0.4574074149131775 0.1822916716337204 0.4870370328426361
0 0.8666666746139526 0.4055555462837219 0.8666666746139526 0.39814814925193787 0.8333333134651184 0.39259257912635803 0.8322916626930237 0.3907407522201538 0.828125 0.3907407522201538 0.8187500238418579 0.385185182094574 0.8010416626930237 0.385185182094574 0.800000011920929 0.38333332538604736 0.8010416626930237 0.38148146867752075 0.828125 0.38148146867752075 0.8291666507720947 0.37962964177131653 0.8572916388511658 0.3777777850627899 0.8447916507720947 0.3777777850627899 0.84375 0.3759259283542633 0.8427083492279053 0.3777777850627899 0.8270833492279053 0.3777777850627899 0.8260416388511658 0.37962964177131653 0.824999988079071 0.3777777850627899 0.8239583373069763 0.37962964177131653 0.7718750238418579 0.37962964177131653 0.7697916626930237 0.3777777850627899 0.778124988079071 0.385185182094574 0.7802083492279053 0.3888888955116272 0.7864583134651184 0.39259257912635803 0.7927083373069763 0.4037036895751953 0.7989583611488342 0.4037036895751953 0.800000011920929 0.4055555462837219 0.8031250238418579 0.4037036895751953 0.8177083134651184 0.4055555462837219 0.8187500238418579 0.4037036895751953 0.8197916746139526 0.4055555462837219 0.8229166865348816 0.4055555462837219 0.8270833492279053 0.41111111640930176 0.8354166746139526 0.41296297311782837 0.8364583253860474 0.4148148000240326 0.8416666388511658 0.4148148000240326 0.8427083492279053 0.4166666567325592 0.8489583134651184 0.4166666567325592 0.8500000238418579 0.4185185134410858 0.8531249761581421 0.4166666567325592 0.8489583134651184 0.4148148000240326 0.8479166626930237 0.41296297311782837 0.8489583134651184 0.41111111640930176 0.8531249761581421 0.41111111640930176 0.8541666865348816 0.41296297311782837 0.859375 0.40925925970077515 0.8604166507720947 0.4055555462837219
0 0.8822916746139526 0.3611111044883728 0.8833333253860474 0.3611111044883728 0.8843749761581421 0.3629629611968994 0.887499988079071 0.3629629611968994 0.8885416388511658 0.364814817905426 0.8916666507720947 0.364814817905426 0.8927083611488342 0.36666667461395264 0.8989583253860474 0.36666667461395264 0.8999999761581421 0.36851853132247925 0.8999999761581421 0.37037035822868347 0.9010416865348816 0.36851853132247925 0.9125000238418579 0.36851853132247925 0.9135416746139526 0.37037035822868347 0.9177083373069763 0.37037035822868347 0.9156249761581421 0.37037035822868347 0.9145833253860474 0.36851853132247925 0.909375011920929 0.36851853132247925 0.9083333611488342 0.36666667461395264 0.903124988079071 0.36666667461395264 0.9020833373069763 0.364814817905426 0.8979166746139526 0.364814817905426 0.8968750238418579 0.3629629611968994 0.893750011920929 0.3629629611968994 0.8927083611488342 0.3611111044883728 0.8916666507720947 0.3611111044883728 0.890625 0.3629629611968994 0.8895833492279053 0.3629629611968994 0.8885416388511658 0.3611111044883728
0 0.9635416865348816 0.35185185074806213 0.965624988079071 0.35185185074806213 0.9666666388511658 0.35370370745658875 0.9708333611488342 0.35370370745658875 0.971875011920929 0.35555556416511536 0.9760416746139526 0.35555556416511536 0.9770833253860474 0.35740742087364197 0.981249988079071 0.35740742087364197 0.9822916388511658 0.3592592477798462 0.987500011920929 0.3592592477798462 0.9885416626930237 0.3611111044883728 0.9927083253860474 0.3611111044883728 0.9937499761581421 0.3629629611968994 0.9979166388511658 0.3629629611968994 0.9989583492279053 0.364814817905426 0.9989583492279053 0.35185185074806213
0 0.9572916626930237 0.33703702688217163 0.9604166746139526 0.33703702688217163 0.9614583253860474 0.3351851999759674 0.965624988079071 0.3351851999759674 0.9666666388511658 0.33703702688217163 0.981249988079071 0.33703702688217163 0.9781249761581421 0.33703702688217163 0.9770833253860474 0.3351851999759674 0.9760416746139526 0.33703702688217163 0.9750000238418579 0.3351851999759674 0.9708333611488342 0.3351851999759674 0.9697916507720947 0.3333333432674408 0.9697916507720947 0.3314814865589142 0.96875 0.3296296298503876 0.9677083492279053 0.3314814865589142 0.9645833373069763 0.3314814865589142 0.9635416865348816 0.3333333432674408 0.9624999761581421 0.3333333432674408 0.9604166746139526 0.33703702688217163
0 0.721875011920929 0.3314814865589142 0.7229166626930237 0.3333333432674408 0.7510416507720947 0.3333333432674408 0.7479166388511658 0.3333333432674408 0.746874988079071 0.3314814865589142 0.731249988079071 0.3314814865589142 0.7302083373069763 0.3296296298503876 0.7291666865348816 0.3296296298503876 0.7281249761581421 0.3314814865589142 0.7270833253860474 0.3314814865589142 0.7260416746139526 0.3296296298503876 0.7250000238418579 0.3314814865589142
0 0.4020833373069763 0.3629629611968994 0.518750011920929 0.37962964177131653 0.5604166388511658 0.3740740716457367 0.5697916746139526 0.3870370388031006 0.6177083253860474 0.3907407522201538 0.659375011920929 0.3870370388031006 0.65625 0.3777777850627899 0.6072916388511658 0.36666667461395264 0.6020833253860474 0.35740742087364197 0.7562500238418579 0.36666667461395264 0.7760416865348816 0.3759259283542633 0.7947916388511658 0.37037035822868347 0.7572916746139526 0.364814817905426 0.7541666626930237 0.35740742087364197 0.800000011920929 0.3592592477798462 0.7562500238418579 0.35370370745658875 0.7593749761581421 0.3481481373310089 0.7802083492279053 0.3444444537162781 0.6322916746139526 0.34074074029922485 0.6333333253860474 0.35185185074806213 0.609375 0.3444444537162781 0.6145833134651184 0.34074074029922485 0.6000000238418579 0.34259259700775146 0.5927083492279053 0.3333333432674408 0.46666666865348816 0.3296296298503876 0.5270833373069763 0.34259259700775146 0.5843750238418579 0.33888888359069824 0.628125011920929 0.35370370745658875 0.46041667461395264 0.3444444537162781 0.42395833134651184 0.3499999940395355 0.453125 0.35370370745658875 0.4312500059604645 0.364814817905426
0 0.8364583253860474 0.32777777314186096 0.8374999761581421 0.32777777314186096 0.840624988079071 0.3314814865589142 0.8395833373069763 0.3333333432674408 0.8374999761581421 0.3333333432674408 0.8427083492279053 0.3333333432674408 0.84375 0.3351851999759674 0.856249988079071 0.3351851999759674 0.8572916388511658 0.33703702688217163 0.8770833611488342 0.33703702688217163 0.878125011920929 0.33888888359069824 0.8979166746139526 0.33888888359069824 0.8958333134651184 0.33888888359069824 0.8947916626930237 0.33703702688217163 0.8864583373069763 0.33703702688217163 0.8854166865348816 0.3351851999759674 0.8864583373069763 0.3333333432674408 0.8885416388511658 0.3333333432674408 0.8895833492279053 0.3314814865589142 0.893750011920929 0.3314814865589142 0.8947916626930237 0.3333333432674408 0.9020833373069763 0.3333333432674408 0.903124988079071 0.3351851999759674 0.9041666388511658 0.3333333432674408 0.8947916626930237 0.3333333432674408 0.893750011920929 0.3314814865589142 0.8843749761581421 0.3314814865589142 0.8854166865348816 0.3333333432674408 0.8833333253860474 0.33703702688217163 0.8791666626930237 0.33703702688217163 0.8770833611488342 0.3333333432674408 0.8791666626930237 0.3296296298503876 0.8739583492279053 0.3296296298503876 0.8729166388511658 0.32777777314186096 0.859375 0.32777777314186096 0.8583333492279053 0.32592591643333435 0.8572916388511658 0.32777777314186096 0.856249988079071 0.32592591643333435 0.8552083373069763 0.32777777314186096 0.8479166626930237 0.32777777314186096 0.846875011920929 0.32592591643333435 0.8458333611488342 0.32777777314186096 0.8427083492279053 0.32777777314186096 0.8416666388511658 0.32592591643333435 0.840624988079071 0.32592591643333435 0.8395833373069763 0.32777777314186096
0 0.6156250238418579 0.32407405972480774 0.6156250238418579 0.32592591643333435 0.6197916865348816 0.32592591643333435 0.6208333373069763 0.32777777314186096 0.6468750238418579 0.32777777314186096 0.6479166746139526 0.3296296298503876 0.6635416746139526 0.3296296298503876 0.6645833253860474 0.32777777314186096 0.6635416746139526 0.3296296298503876 0.6572916507720947 0.3296296298503876 0.65625 0.32777777314186096 0.6572916507720947 0.32592591643333435 0.6583333611488342 0.32592591643333435 0.6489583253860474 0.32592591643333435 0.6479166746139526 0.32777777314186096 0.6447916626930237 0.32777777314186096 0.643750011920929 0.32592591643333435 0.628125011920929 0.32592591643333435 0.6270833611488342 0.32407405972480774
0 0.8072916865348816 0.32777777314186096 0.8104166388511658 0.32777777314186096 0.8114583492279053 0.32592591643333435 0.8135416507720947 0.32592591643333435 0.8145833611488342 0.32777777314186096 0.815625011920929 0.32777777314186096 0.8166666626930237 0.3296296298503876 0.824999988079071 0.3296296298503876 0.8260416388511658 0.3314814865589142 0.8291666507720947 0.3314814865589142 0.8302083611488342 0.3296296298503876 0.831250011920929 0.3314814865589142 0.8322916626930237 0.3314814865589142 0.8333333134651184 0.3333333432674408 0.8343750238418579 0.3314814865589142 0.831250011920929 0.3314814865589142 0.8302083611488342 0.3296296298503876 0.8291666507720947 0.3296296298503876 0.828125 0.32777777314186096 0.8291666507720947 0.32592591643333435 0.824999988079071 0.32592591643333435 0.8239583373069763 0.32407405972480774 0.8229166865348816 0.32407405972480774 0.8218749761581421 0.32592591643333435 0.8208333253860474 0.32592591643333435 0.8197916746139526 0.32407405972480774 0.8177083134651184 0.32407405972480774 0.8166666626930237 0.3222222328186035 0.815625011920929 0.32407405972480774 0.8145833611488342 0.32407405972480774 0.8135416507720947 0.32592591643333435 0.8114583492279053 0.32592591643333435 0.8104166388511658 0.32407405972480774 0.8083333373069763 0.32407405972480774 0.809374988079071 0.32407405972480774 0.8104166388511658 0.32592591643333435 0.809374988079071 0.32777777314186096
0 0.3135416805744171 0.3222222328186035 0.31458333134651184 0.3222222328186035 0.31562501192092896 0.32407405972480774 0.33541667461395264 0.32407405972480774 0.33645832538604736 0.3222222328186035 0.3375000059604645 0.32407405972480774 0.34166666865348816 0.32407405972480774 0.3427083194255829 0.3222222328186035 0.34375 0.32407405972480774 0.3447916805744171 0.32407405972480774 0.34375 0.32407405972480774 0.34166666865348816 0.3203703761100769 0.3229166567325592 0.3203703761100769 0.3218750059604645 0.3222222328186035
0 0.8447916507720947 0.3185185194015503 0.8458333611488342 0.3203703761100769 0.8489583134651184 0.3203703761100769 0.8500000238418579 0.3222222328186035 0.8510416746139526 0.3222222328186035 0.8520833253860474 0.3203703761100769 0.8531249761581421 0.3222222328186035 0.8666666746139526 0.3222222328186035 0.8677083253860474 0.3203703761100769 0.875 0.3203703761100769 0.8510416746139526 0.3203703761100769 0.8500000238418579 0.3185185194015503
0 0.7635416388511658 0.3185185194015503 0.7666666507720947 0.3185185194015503 0.7677083611488342 0.3203703761100769 0.7739583253860474 0.3203703761100769 0.7749999761581421 0.3222222328186035 0.784375011920929 0.3222222328186035 0.7854166626930237 0.32407405972480774 0.796875 0.32407405972480774 0.7979166507720947 0.32592591643333435 0.8031250238418579 0.32592591643333435 0.7979166507720947 0.32592591643333435 0.796875 0.32407405972480774 0.7927083373069763 0.32407405972480774 0.7916666865348816 0.3222222328186035 0.7885416746139526 0.3222222328186035 0.7875000238418579 0.3203703761100769 0.784375011920929 0.3203703761100769 0.7833333611488342 0.3185185194015503 0.7791666388511658 0.3185185194015503 0.778124988079071 0.3166666626930237 0.7645833492279053 0.3166666626930237
0 0.2927083373069763 0.32592591643333435 0.2927083373069763 0.3222222328186035 0.2916666567325592 0.3203703761100769 0.2916666567325592 0.3185185194015503 0.2906250059604645 0.3166666626930237 0.2906250059604645 0.31481480598449707 0.28958332538604736 0.31481480598449707 0.28854167461395264 0.3166666626930237 0.2822916805744171 0.3166666626930237 0.2854166626930237 0.3222222328186035 0.2864583432674408 0.3222222328186035 0.28854167461395264 0.32592591643333435
0 0.5260416865348816 0.3185185194015503 0.5333333611488342 0.3185185194015503 0.5395833253860474 0.3222222328186035 0.5510416626930237 0.3222222328186035 0.550000011920929 0.3203703761100769 0.5510416626930237 0.3185185194015503 0.5531250238418579 0.3203703761100769 0.5645833611488342 0.3185185194015503 0.5718749761581421 0.3222222328186035 0.5739583373069763 0.3203703761100769 0.5770833492279053 0.32407405972480774 0.5791666507720947 0.3222222328186035 0.5864583253860474 0.32407405972480774 0.5760416388511658 0.3222222328186035 0.5729166865348816 0.3166666626930237 0.5552083253860474 0.3166666626930237 0.5541666746139526 0.31481480598449707 0.5552083253860474 0.31296294927597046 0.5729166865348816 0.31111112236976624 0.5854166746139526 0.31481480598449707 0.6354166865348816 0.31296294927597046 0.6447916626930237 0.31481480598449707 0.6489583253860474 0.3185185194015503 0.6572916507720947 0.3185185194015503 0.6625000238418579 0.31481480598449707 0.6895833611488342 0.3222222328186035 0.6885416507720947 0.3203703761100769 0.690625011920929 0.3185185194015503 0.7041666507720947 0.32407405972480774 0.7260416746139526 0.3222222328186035 0.7177083492279053 0.3185185194015503 0.6958333253860474 0.3166666626930237 0.690625011920929 0.3185185194015503 0.5802083611488342 0.3092592656612396 0.5458333492279053 0.3092592656612396 0.5406249761581421 0.31111112236976624 0.543749988079071 0.31296294927597046 0.5375000238418579 0.3185185194015503
0 0.4593749940395355 0.31111112236976624 0.46041667461395264 0.31296294927597046 0.46145832538604736 0.31296294927597046 0.4625000059604645 0.31481480598449707 0.4645833373069763 0.31481480598449707 0.46562498807907104 0.3166666626930237 0.46666666865348816 0.3166666626930237 0.4677083194255829 0.31481480598449707 0.48645833134651184 0.31481480598449707 0.48750001192092896 0.3166666626930237 0.5041666626930237 0.3166666626930237 0.503125011920929 0.31481480598449707 0.5020833611488342 0.31481480598449707 0.5010416507720947 0.31296294927597046 0.47083333134651184 0.31296294927597046 0.4697916805744171 0.31111112236976624 0.46666666865348816 0.31111112236976624 0.46562498807907104 0.3092592656612396 0.4645833373069763 0.3092592656612396 0.4635416567325592 0.307407408952713 0.4635416567325592 0.3092592656612396 0.4625000059604645 0.31111112236976624
0 0.5354166626930237 0.4037036895751953 0.4104166626930237 0.38148146867752075 0.3645833432674408 0.3870370388031006 0.375 0.37962964177131653 0.36770832538604736 0.37962964177131653 0.3697916567325592 0.37037035822868347 0.3812499940395355 0.3740740716457367 0.38854166865348816 0.36666667461395264 0.30937498807907104 0.3629629611968994 0.265625 0.3481481373310089 0.27916666865348816 0.33888888359069824 0.3177083432674408 0.3444444537162781 0.32499998807907104 0.33703702688217163 0.33541667461395264 0.33888888359069824 0.33020833134651184 0.3462963104248047 0.34062498807907104 0.33703702688217163 0.3635416626930237 0.34074074029922485 0.359375 0.3499999940395355 0.3697916567325592 0.3481481373310089 0.3645833432674408 0.3462963104248047 0.3697916567325592 0.34074074029922485 0.3916666805744171 0.3462963104248047 0.38749998807907104 0.34259259700775146 0.40312498807907104 0.3222222328186035 0.3645833432674408 0.31296294927597046 0.40833333134651184 0.31296294927597046 0.4072916805744171 0.3055555522441864 0.41354167461395264 0.3037036955356598 0.3656249940395355 0.30000001192092896 0.36770832538604736 0.3092592656612396 0.3218750059604645 0.31111112236976624 0.37291666865348816 0.3185185194015503 0.3687500059604645 0.3333333432674408 0.3604166805744171 0.33888888359069824 0.2239583283662796 0.3333333432674408 0.16458334028720856 0.35370370745658875 0.16979166865348816 0.35740742087364197 0.1510416716337204 0.36666667461395264 0.30520832538604736 0.36851853132247925 0.2802083194255829 0.3870370388031006 0.2927083373069763 0.3888888955116272 0.27916666865348816 0.4055555462837219 0.2958333194255829 0.41111111640930176
1 0.859375 0.770370364189148 0.8604166507720947 0.7722222208976746 0.8604166507720947 0.7740740776062012 0.8614583611488342 0.7759259343147278 0.862500011920929 0.7759259343147278 0.8635416626930237 0.7777777910232544 0.8645833134651184 0.7777777910232544 0.8656250238418579 0.779629647731781 0.8677083253860474 0.779629647731781 0.8687499761581421 0.7814815044403076 0.8697916865348816 0.7814815044403076 0.8708333373069763 0.779629647731781 0.8708333373069763 0.7777777910232544 0.8697916865348816 0.7759259343147278 0.8697916865348816 0.7740740776062012 0.8687499761581421 0.7722222208976746 0.8677083253860474 0.7722222208976746 0.8666666746139526 0.770370364189148
1 0.7406250238418579 0.7574074268341064 0.7385416626930237 0.7648147940635681 0.7427083253860474 0.7722222208976746 0.7593749761581421 0.7851851582527161 0.7822916507720947 0.8500000238418579 0.793749988079071 0.8925926089286804 0.8031250238418579 0.9592592716217041 0.8166666626930237 0.9981481432914734 0.9177083373069763 0.9981481432914734 0.8927083611488342 0.9611111283302307 0.8395833373069763 0.894444465637207 0.8083333373069763 0.8481481671333313 0.7864583134651184 0.8203703761100769 0.7479166388511658 0.7648147940635681
1 0.8354166746139526 0.6833333373069763 0.8364583253860474 0.6870370507240295 0.8427083492279053 0.6925926208496094 0.8552083373069763 0.6962962746620178 0.890625 0.7277777791023254 0.9260416626930237 0.7518518567085266 0.9666666388511658 0.7870370149612427 0.9739583134651184 0.7907407283782959 0.984375 0.800000011920929 0.9989583492279053 0.8074073791503906 0.9989583492279053 0.7574074268341064 0.9802083373069763 0.7537037134170532 0.971875011920929 0.7481481432914734 0.9635416865348816 0.7462962865829468 0.953125 0.7388888597488403 0.949999988079071 0.7388888597488403 0.9416666626930237 0.7314814925193787 0.9385416507720947 0.7314814925193787 0.9364583492279053 0.7277777791023254 0.9333333373069763 0.7277777791023254 0.9312499761581421 0.7240740656852722 0.9281250238418579 0.7240740656852722 0.9260416626930237 0.720370352268219 0.9229166507720947 0.720370352268219 0.9208333492279053 0.7166666388511658 0.9177083373069763 0.7166666388511658 0.9156249761581421 0.7129629850387573 0.9125000238418579 0.7129629850387573 0.9104166626930237 0.7092592716217041 0.9010416865348816 0.7055555582046509 0.8989583253860474 0.7018518447875977 0.8854166865348816 0.6962962746620178 0.8843749761581421 0.6981481313705444 0.875 0.6981481313705444 0.8739583492279053 0.6962962746620178 0.871874988079071 0.6981481313705444 0.8677083253860474 0.6962962746620178 0.8666666746139526 0.6981481313705444 0.862500011920929 0.6944444179534912 0.8541666865348816 0.6925926208496094 0.8385416865348816 0.6814814805984497
1 0.03020833246409893 0.4481481611728668 0.01875000074505806 0.4481481611728668 0.01770833320915699 0.44999998807907104 0.014583333395421505 0.44999998807907104 0.01354166679084301 0.45185184478759766 0.01145833358168602 0.45185184478759766 0.010416666977107525 0.45370370149612427 0.008333333767950535 0.45370370149612427 0.0072916666977107525 0.4555555582046509 0.0062500000931322575 0.4555555582046509 0.01145833358168602 0.4555555582046509 0.012500000186264515 0.45370370149612427 0.01666666753590107 0.45370370149612427 0.01770833320915699 0.45185184478759766 0.02187499962747097 0.45185184478759766 0.02291666716337204 0.44999998807907104 0.02708333358168602 0.44999998807907104 0.02812499925494194 0.4481481611728668
1 0.20416666567325592 0.4185185134410858 0.20520833134651184 0.4185185134410858 0.20624999701976776 0.4203703701496124 0.23020833730697632 0.4203703701496124 0.23125000298023224 0.4185185134410858 0.23749999701976776 0.4185185134410858 0.23854166269302368 0.4166666567325592 0.23645833134651184 0.4166666567325592 0.23541666567325592 0.4148148000240326 0.2239583283662796 0.4148148000240326 0.22291666269302368 0.41296297311782837 0.21875 0.41296297311782837 0.21770833432674408 0.4148148000240326 0.20624999701976776 0.4148148000240326
1 0.2510416805744171 0.37037035822868347 0.22499999403953552 0.36851853132247925 0.20104166865348816 0.3722222149372101 0.1979166716337204 0.36851853132247925 0.17604166269302368 0.3722222149372101 0.15833333134651184 0.38148146867752075 0.12395833432674408 0.37962964177131653 0.04374999925494194 0.4148148000240326 0.03229166567325592 0.41296297311782837 0.012500000186264515 0.4185185134410858 0.012500000186264515 0.42222222685813904 0.0 0.4277777671813965 0.0031250000465661287 0.4296296238899231 0.0 0.4314814805984497 0.08229167014360428 0.41111111640930176 0.12604166567325592 0.40925925970077515 0.12708333134651184 0.4148148000240326 0.09583333134651184 0.4185185134410858 0.08645833283662796 0.42592594027519226 0.03437500074505806 0.442592591047287 0.046875 0.4481481611728668 0.03333333507180214 0.4592592716217041 0.05624999850988388 0.4592592716217041 0.08541666716337204 0.43703705072402954 0.16770833730697632 0.41111111640930176 0.18437500298023224 0.39814814925193787 0.19895833730697632 0.39629629254341125
1 0.3322916626930237 0.37037035822868347 0.3343749940395355 0.3740740716457367 0.3333333432674408 0.3759259283542633 0.3447916805744171 0.3759259283542633 0.34583333134651184 0.3740740716457367 0.3479166626930237 0.3740740716457367 0.34687501192092896 0.3722222149372101 0.34687501192092896 0.37037035822868347 0.34583333134651184 0.36851853132247925 0.3447916805744171 0.36851853132247925 0.34375 0.36666667461395264 0.33645832538604736 0.36666667461395264 0.33541667461395264 0.36851853132247925 0.3333333432674408 0.36851853132247925
1 0.6020833253860474 0.3592592477798462 0.6020833253860474 0.3611111044883728 0.6031249761581421 0.3629629611968994 0.606249988079071 0.3629629611968994 0.6072916388511658 0.364814817905426 0.6145833134651184 0.364814817905426 0.6156250238418579 0.36666667461395264 0.6229166388511658 0.36666667461395264 0.6239583492279053 0.36851853132247925 0.6333333253860474 0.36851853132247925 0.6343749761581421 0.37037035822868347 0.6447916626930237 0.37037035822868347 0.6458333134651184 0.3722222149372101 0.6958333253860474 0.3722222149372101 0.6979166865348816 0.36851853132247925 0.7041666507720947 0.36851853132247925 0.6927083134651184 0.36851853132247925 0.6916666626930237 0.36666667461395264 0.6822916865348816 0.36666667461395264 0.6812499761581421 0.364814817905426 0.6604166626930237 0.364814817905426 0.659375011920929 0.3629629611968994 0.6572916507720947 0.3629629611968994 0.65625 0.3611111044883728 0.6427083611488342 0.3611111044883728 0.6416666507720947 0.3629629611968994 0.6395833492279053 0.3629629611968994 0.6385416388511658 0.3611111044883728 0.6229166388511658 0.3611111044883728 0.621874988079071 0.3592592477798462
1 0.668749988079071 0.3462963104248047 0.6697916388511658 0.3462963104248047 0.6708333492279053 0.3481481373310089 0.6770833134651184 0.3481481373310089 0.6781250238418579 0.3499999940395355 0.6864583492279053 0.3499999940395355 0.6875 0.35185185074806213 0.7239583134651184 0.35185185074806213 0.7250000238418579 0.35370370745658875 0.7322916388511658 0.35370370745658875 0.7333333492279053 0.35185185074806213 0.7385416626930237 0.35185185074806213 0.7270833253860474 0.35185185074806213 0.7260416746139526 0.3499999940395355 0.7124999761581421 0.3499999940395355 0.7114583253860474 0.3481481373310089 0.6864583492279053 0.3481481373310089 0.6854166388511658 0.3462963104248047
1 0.7541666626930237 0.3592592477798462 0.7635416388511658 0.364814817905426 0.7947916388511658 0.36851853132247925 0.7958333492279053 0.3759259283542633 0.78125 0.3740740716457367 0.7802083492279053 0.3777777850627899 0.8572916388511658 0.3759259283542633 0.8572916388511658 0.37962964177131653 0.8010416626930237 0.38333332538604736 0.8187500238418579 0.38333332538604736 0.8656250238418579 0.39629629254341125 0.8656250238418579 0.3888888955116272 0.8458333611488342 0.385185182094574 0.8656250238418579 0.38333332538604736 0.8666666746139526 0.37962964177131653 0.9156249761581421 0.38333332538604736 0.9447916746139526 0.39259257912635803 0.9583333134651184 0.39259257912635803 0.9593750238418579 0.3870370388031006 0.9989583492279053 0.3870370388031006 0.9979166388511658 0.364814817905426 0.8958333134651184 0.3444444537162781 0.8322916626930237 0.3462963104248047 0.815625011920929 0.35185185074806213 0.7979166507720947 0.3481481373310089 0.7593749761581421 0.3499999940395355 0.7572916746139526 0.35370370745658875 0.7593749761581421 0.35555556416511536 0.793749988079071 0.35370370745658875 0.8010416626930237 0.3592592477798462 0.7927083373069763 0.3629629611968994
1 0.9989583492279053 0.3499999940395355 0.9989583492279053 0.34074074029922485 0.9958333373069763 0.34074074029922485 0.9947916865348816 0.33888888359069824 0.9583333134651184 0.33888888359069824 0.9572916626930237 0.34074074029922485 0.9229166507720947 0.34074074029922485 0.921875 0.34259259700775146 0.9177083373069763 0.34259259700775146 0.9166666865348816 0.3444444537162781 0.9145833253860474 0.3444444537162781 0.9135416746139526 0.34259259700775146 0.9145833253860474 0.34074074029922485 0.9156249761581421 0.34074074029922485 0.9135416746139526 0.34074074029922485 0.9125000238418579 0.34259259700775146 0.90625 0.34259259700775146 0.9104166626930237 0.34259259700775146 0.9114583134651184 0.3444444537162781 0.9166666865348816 0.3444444537162781 0.9177083373069763 0.3462963104248047 0.9635416865348816 0.3462963104248047 0.9645833373069763 0.3481481373310089 0.9677083492279053 0.3481481373310089 0.96875 0.3499999940395355
1 0.0 0.5685185194015503 0.28437501192092896 0.4555555582046509 0.47604167461395264 0.46481481194496155 0.5489583611488342 0.5092592835426331 0.6031249761581421 0.5666666626930237 0.6322916746139526 0.5740740895271301 0.9104166626930237 0.5407407283782959 0.9041666388511658 0.529629647731781 0.9520833492279053 0.5166666507720947 0.7104166746139526 0.39814814925193787 0.6041666865348816 0.4000000059604645 0.5604166388511658 0.3759259283542633 0.4052083194255829 0.36666667461395264 0.4364583194255829 0.3611111044883728 0.41874998807907104 0.3462963104248047 0.27916666865348816 0.34074074029922485 0.265625 0.3462963104248047 0.38854166865348816 0.364814817905426 0.3645833432674408 0.385185182094574 0.5354166626930237 0.4055555462837219 0.27916666865348816 0.40740740299224854 0.2916666567325592 0.3888888955116272 0.24270834028720856 0.39444443583488464 0.23645833134651184 0.41111111640930176 0.2447916716337204 0.4185185134410858 0.10520832985639572 0.4870370328426361 0.17916665971279144 0.47962963581085205 0.06979166716337204 0.5111111402511597 0.03229166567325592 0.5425925850868225 0.008333333767950535 0.5351851582527161
1 0.7260416746139526 0.3351851999759674 0.7291666865348816 0.3351851999759674 0.7302083373069763 0.33703702688217163 0.7333333492279053 0.33703702688217163 0.734375 0.33888888359069824 0.7395833134651184 0.33888888359069824 0.7406250238418579 0.34074074029922485 0.7510416507720947 0.34074074029922485 0.7520833611488342 0.34259259700775146 0.7604166865348816 0.34259259700775146 0.7614583373069763 0.34074074029922485 0.7645833492279053 0.34074074029922485 0.7604166865348816 0.34074074029922485 0.7593749761581421 0.33888888359069824 0.7583333253860474 0.33888888359069824 0.7572916746139526 0.33703702688217163 0.7562500238418579 0.33703702688217163 0.7552083134651184 0.33888888359069824 0.7541666626930237 0.33888888359069824 0.753125011920929 0.33703702688217163 0.75 0.33703702688217163 0.7489583492279053 0.33888888359069824 0.7364583611488342 0.33888888359069824 0.7354166507720947 0.33703702688217163 0.7364583611488342 0.3351851999759674 0.746874988079071 0.3351851999759674
1 0.46041667461395264 0.34259259700775146 0.4906249940395355 0.3462963104248047 0.49687498807907104 0.3499999940395355 0.5270833373069763 0.3499999940395355 0.528124988079071 0.3481481373310089 0.53125 0.3499999940395355 0.5333333611488342 0.3481481373310089 0.534375011920929 0.3499999940395355 0.5479166507720947 0.3499999940395355 0.5489583611488342 0.35185185074806213 0.550000011920929 0.3499999940395355 0.5697916746139526 0.3499999940395355 0.5729166865348816 0.35370370745658875 0.5739583373069763 0.35185185074806213 0.6010416746139526 0.35185185074806213 0.6020833253860474 0.35370370745658875 0.6031249761581421 0.35185185074806213 0.628125011920929 0.35185185074806213 0.6135416626930237 0.3499999940395355 0.612500011920929 0.3481481373310089 0.609375 0.3499999940395355 0.6083333492279053 0.3481481373310089 0.6031249761581421 0.3481481373310089 0.6010416746139526 0.3444444537162781 0.6000000238418579 0.3444444537162781 0.5989583134651184 0.3481481373310089 0.596875011920929 0.3462963104248047 0.59375 0.3481481373310089 0.5885416865348816 0.3444444537162781 0.5895833373069763 0.34259259700775146 0.5927083492279053 0.34259259700775146 0.5854166746139526 0.34259259700775146 0.5843750238418579 0.34074074029922485 0.5552083253860474 0.34074074029922485 0.550000011920929 0.3444444537162781 0.5270833373069763 0.3444444537162781 0.5260416865348816 0.34259259700775146 0.5145833492279053 0.34259259700775146 0.5135416388511658 0.34074074029922485 0.5041666626930237 0.34074074029922485 0.503125011920929 0.33888888359069824 0.4781250059604645 0.33888888359069824 0.47187501192092896 0.3333333432674408 0.4645833373069763 0.3351851999759674 0.4625000059604645 0.33703702688217163
1 0.24270834028720856 0.3351851999759674 0.29895833134651184 0.3351851999759674 0.2979166805744171 0.3333333432674408 0.2979166805744171 0.3296296298503876 0.2958333194255829 0.3296296298503876 0.29479166865348816 0.32777777314186096 0.2874999940395355 0.32777777314186096 0.2864583432674408 0.3296296298503876 0.27812498807907104 0.3296296298503876 0.2770833373069763 0.32777777314186096 0.2760416567325592 0.32777777314186096 0.2750000059604645 0.32592591643333435 0.26770833134651184 0.32592591643333435 0.2666666805744171 0.32777777314186096 0.26354166865348816 0.32777777314186096 0.26249998807907104 0.3296296298503876 0.2604166567325592 0.3296296298503876 0.2593750059604645 0.3314814865589142 0.25729167461395264 0.3314814865589142 0.2562499940395355 0.3333333432674408 0.24687500298023224 0.3333333432674408 0.24583333730697632 0.3351851999759674
1 0.37291666865348816 0.3203703761100769 0.37187498807907104 0.3203703761100769 0.3708333373069763 0.3222222328186035 0.36250001192092896 0.3222222328186035 0.36145833134651184 0.32407405972480774 0.3604166805744171 0.3222222328186035 0.359375 0.3222222328186035 0.3583333194255829 0.32407405972480774 0.3541666567325592 0.32407405972480774 0.3531250059604645 0.32592591643333435 0.34375 0.32592591643333435 0.3427083194255829 0.32777777314186096 0.34166666865348816 0.32777777314186096 0.34062498807907104 0.32592591643333435 0.3375000059604645 0.32592591643333435 0.33645832538604736 0.32407405972480774 0.33541667461395264 0.32592591643333435 0.3177083432674408 0.32592591643333435 0.3166666626930237 0.32777777314186096 0.3114583194255829 0.32777777314186096 0.30937498807907104 0.3314814865589142 0.30937498807907104 0.3333333432674408 0.3083333373069763 0.3351851999759674 0.3531250059604645 0.3351851999759674 0.3541666567325592 0.33703702688217163 0.35624998807907104 0.33703702688217163 0.35729166865348816 0.3351851999759674 0.3583333194255829 0.3351851999759674 0.359375 0.3333333432674408 0.3604166805744171 0.3333333432674408 0.36145833134651184 0.3314814865589142 0.36250001192092896 0.3314814865589142 0.3635416626930237 0.3296296298503876 0.3656249940395355 0.3296296298503876 0.36666667461395264 0.32777777314186096 0.36666667461395264 0.32592591643333435 0.36770832538604736 0.32407405972480774 0.3697916567325592 0.32407405972480774 0.3708333373069763 0.3222222328186035 0.37291666865348816 0.3222222328186035
1 0.4677083194255829 0.3166666626930237 0.4677083194255829 0.32777777314186096 0.48645833134651184 0.32777777314186096 0.48750001192092896 0.3296296298503876 0.49166667461395264 0.3296296298503876 0.49270832538604736 0.32777777314186096 0.4937500059604645 0.32777777314186096 0.4947916567325592 0.3296296298503876 0.512499988079071 0.3296296298503876 0.5135416388511658 0.32777777314186096 0.518750011920929 0.32777777314186096 0.5197916626930237 0.32592591643333435 0.5249999761581421 0.32592591643333435 0.5177083611488342 0.32592591643333435 0.5166666507720947 0.32407405972480774 0.515625 0.32407405972480774 0.5145833492279053 0.32592591643333435 0.512499988079071 0.32592591643333435 0.5114583373069763 0.32407405972480774 0.49687498807907104 0.32407405972480774 0.4958333373069763 0.3222222328186035 0.4937500059604645 0.3222222328186035 0.49270832538604736 0.3203703761100769 0.48229166865348816 0.3203703761100769 0.48124998807907104 0.3185185194015503 0.48229166865348816 0.3166666626930237 0.48645833134651184 0.3166666626930237 0.48124998807907104 0.3166666626930237 0.4802083373069763 0.3185185194015503 0.4697916805744171 0.3185185194015503 0.46875 0.3166666626930237
1 0.5552083253860474 0.31481480598449707 0.5729166865348816 0.31481480598449707 0.5760416388511658 0.3203703761100769 0.5895833373069763 0.3222222328186035 0.5927083492279053 0.3185185194015503 0.6031249761581421 0.3185185194015503 0.6072916388511658 0.3222222328186035 0.6458333134651184 0.32407405972480774 0.6479166746139526 0.3203703761100769 0.6489583253860474 0.32407405972480774 0.6583333611488342 0.32407405972480774 0.6625000238418579 0.32777777314186096 0.6645833253860474 0.32592591643333435 0.6677083373069763 0.32777777314186096 0.6697916388511658 0.3314814865589142 0.668749988079071 0.3333333432674408 0.6583333611488342 0.3314814865589142 0.6791666746139526 0.3333333432674408 0.6802083253860474 0.3351851999759674 0.6770833134651184 0.33703702688217163 0.6864583492279053 0.33888888359069824 0.6885416507720947 0.33703702688217163 0.706250011920929 0.33888888359069824 0.7135416865348816 0.3351851999759674 0.7104166746139526 0.3351851999759674 0.7093750238418579 0.3333333432674408 0.7104166746139526 0.3314814865589142 0.71875 0.3296296298503876 0.7208333611488342 0.3314814865589142 0.7260416746139526 0.32777777314186096 0.7583333253860474 0.3314814865589142 0.746874988079071 0.32777777314186096 0.7458333373069763 0.32592591643333435 0.746874988079071 0.32407405972480774 0.7520833611488342 0.32407405972480774 0.7416666746139526 0.32592591643333435 0.734375 0.3222222328186035 0.7041666507720947 0.32592591643333435 0.703125 0.32407405972480774 0.6864583492279053 0.32407405972480774 0.6625000238418579 0.3166666626930237 0.6572916507720947 0.3203703761100769 0.6489583253860474 0.3203703761100769 0.6447916626930237 0.3166666626930237 0.6354166865348816 0.31481480598449707 0.6333333253860474 0.3166666626930237 0.6322916746139526 0.31481480598449707 0.6312500238418579 0.3166666626930237 0.6302083134651184 0.31481480598449707 0.5854166746139526 0.3166666626930237 0.5729166865348816 0.31296294927597046 0.5718749761581421 0.31481480598449707 0.5645833611488342 0.31296294927597046
1 0.3656249940395355 0.31296294927597046 0.36666667461395264 0.31296294927597046 0.36770832538604736 0.31481480598449707 0.3739583194255829 0.31481480598449707 0.375 0.3166666626930237 0.3854166567325592 0.3166666626930237 0.3864583373069763 0.3185185194015503 0.39895832538604736 0.3185185194015503 0.4000000059604645 0.3203703761100769 0.40416666865348816 0.3203703761100769 0.4072916805744171 0.31481480598449707 0.4000000059604645 0.31481480598449707 0.39895832538604736 0.31296294927597046
2 0.6031249761581421 0.4185185134410858 0.6031249761581421 0.5055555701255798 0.6114583611488342 0.5055555701255798 0.6208333373069763 0.5111111402511597 0.6312500238418579 0.5055555701255798 0.6197916865348816 0.49074074625968933 0.6239583492279053 0.4851851761341095 0.65625 0.49074074625968933 0.6875 0.49074074625968933 0.6937500238418579 0.4870370328426361 0.6968749761581421 0.48148149251937866 0.7166666388511658 0.47592592239379883 0.7177083492279053 0.4740740656852722 0.6958333253860474 0.46481481194496155 0.6885416507720947 0.44999998807907104 0.6895833611488342 0.4481481611728668 0.7020833492279053 0.4555555582046509 0.7406250238418579 0.4592592716217041 0.7604166865348816 0.46481481194496155 0.7645833492279053 0.46296295523643494 0.768750011920929 0.46666666865348816 0.7895833253860474 0.4703703820705414 0.7875000238418579 0.46666666865348816 0.7604166865348816 0.4555555582046509 0.7510416507720947 0.4462963044643402 0.7385416626930237 0.4407407343387604 0.699999988079071 0.43703705072402954 0.6781250238418579 0.4296296238899231 0.6854166388511658 0.4462963044643402 0.6833333373069763 0.4481481611728668 0.6770833134651184 0.442592591047287 0.6354166865348816 0.4296296238899231 0.628125011920929 0.42407408356666565
2 0.28125 0.38333332538604736 0.2593750059604645 0.38148146867752075 0.21458333730697632 0.3888888955116272 0.18437500298023224 0.4000000059604645 0.16770833730697632 0.41296297311782837 0.08541666716337204 0.43888887763023376 0.05624999850988388 0.4611110985279083 0.03333333507180214 0.4611110985279083 0.03437500074505806 0.4555555582046509 0.04583333432674408 0.4481481611728668 0.03229166567325592 0.4462963044643402 0.03437500074505806 0.4407407343387604 0.08645833283662796 0.42407408356666565 0.09583333134651184 0.4166666567325592 0.12604166567325592 0.41111111640930176 0.08229167014360428 0.41296297311782837 0.0 0.4333333373069763 0.0 0.5388888716697693 0.09166666865348816 0.49074074625968933 0.15312500298023224 0.46481481194496155 0.14479166269302368 0.46481481194496155 0.14791665971279144 0.4592592716217041 0.17291666567325592 0.4555555582046509 0.2447916716337204 0.4166666567325592 0.23541666567325592 0.41111111640930176 0.24583333730697632 0.4037036895751953 0.24062499403953552 0.39629629254341125 0.24270834028720856 0.39259257912635803
2 0.6416666507720947 0.3888888955116272 0.7104166746139526 0.39629629254341125 0.9489583373069763 0.5092592835426331 0.9520833492279053 0.5185185074806213 0.940625011920929 0.5222222208976746 0.9520833492279053 0.5277777910232544 0.9041666388511658 0.5314815044403076 0.9125000238418579 0.5388888716697693 0.8343750238418579 0.5425925850868225 0.8166666626930237 0.5574073791503906 0.684374988079071 0.5759259462356567 0.6041666865348816 0.5685185194015503 0.918749988079071 0.9981481432914734 0.9989583492279053 0.9981481432914734 0.9989583492279053 0.8092592358589172 0.8343750238418579 0.6851851940155029 0.890625 0.6962962746620178 0.9989583492279053 0.7555555701255798 0.9989583492279053 0.4703703820705414 0.9833333492279053 0.4574074149131775 0.9989583492279053 0.4574074149131775 0.9979166388511658 0.3907407522201538 0.8666666746139526 0.38148146867752075 0.8677083253860474 0.4055555462837219 0.8500000238418579 0.4203703701496124 0.7927083373069763 0.4055555462837219 0.768750011920929 0.3777777850627899 0.7791666388511658 0.3777777850627899 0.7562500238418579 0.36851853132247925 0.653124988079071 0.3740740716457367 0.659375011920929 0.3888888955116272
2 0.9072916507720947 0.33703702688217163 0.909375011920929 0.34074074029922485 0.9125000238418579 0.34074074029922485 0.9135416746139526 0.33888888359069824 0.9156249761581421 0.33888888359069824 0.9166666865348816 0.34074074029922485 0.921875 0.34074074029922485 0.9229166507720947 0.33888888359069824 0.940625011920929 0.33888888359069824 0.9239583611488342 0.33888888359069824 0.9229166507720947 0.33703702688217163
2 0.793749988079071 0.3166666626930237 0.7979166507720947 0.3166666626930237 0.7989583611488342 0.3185185194015503 0.8031250238418579 0.3185185194015503 0.8041666746139526 0.3203703761100769 0.8052083253860474 0.3185185194015503 0.8062499761581421 0.3203703761100769 0.8177083134651184 0.3203703761100769 0.8187500238418579 0.3222222328186035 0.8239583373069763 0.3222222328186035 0.824999988079071 0.3203703761100769 0.8333333134651184 0.3203703761100769 0.8333333134651184 0.3185185194015503 0.8260416388511658 0.3185185194015503 0.824999988079071 0.3203703761100769 0.8229166865348816 0.3166666626930237 0.8135416507720947 0.3166666626930237 0.8125 0.3185185194015503 0.8114583492279053 0.3166666626930237
2 0.7250000238418579 0.31296294927597046 0.7416666746139526 0.3222222328186035 0.7520833611488342 0.3222222328186035 0.7520833611488342 0.32592591643333435 0.746874988079071 0.32592591643333435 0.7593749761581421 0.3314814865589142 0.746874988079071 0.33703702688217163 0.7364583611488342 0.33703702688217163 0.7572916746139526 0.3351851999759674 0.7645833492279053 0.33888888359069824 0.7645833492279053 0.34259259700775146 0.7614583373069763 0.34259259700775146 0.7802083492279053 0.34259259700775146 0.7864583134651184 0.3481481373310089 0.7979166507720947 0.3462963104248047 0.815625011920929 0.3499999940395355 0.8187500238418579 0.3462963104248047 0.8322916626930237 0.3444444537162781 0.859375 0.3462963104248047 0.8708333373069763 0.34259259700775146 0.8958333134651184 0.34259259700775146 0.981249988079071 0.3592592477798462 0.9635416865348816 0.35370370745658875 0.9635416865348816 0.3499999940395355 0.9677083492279053 0.3499999940395355 0.9635416865348816 0.3481481373310089 0.9177083373069763 0.3481481373310089 0.90625 0.3444444537162781 0.90625 0.34074074029922485 0.8572916388511658 0.33888888359069824 0.7635416388511658 0.3203703761100769 0.762499988079071 0.3185185194015503 0.7645833492279053 0.31481480598449707
2 0.48229166865348816 0.3185185194015503 0.512499988079071 0.32407405972480774 0.5364583134651184 0.3222222328186035 0.5375000238418579 0.32777777314186096 0.5135416388511658 0.3296296298503876 0.5927083492279053 0.3314814865589142 0.6000000238418579 0.34074074029922485 0.6145833134651184 0.33888888359069824 0.6145833134651184 0.34259259700775146 0.609375 0.34259259700775146 0.6333333253860474 0.3499999940395355 0.6322916746139526 0.33888888359069824 0.7395833134651184 0.34074074029922485 0.721875011920929 0.3333333432674408 0.7104166746139526 0.3333333432674408 0.7145833373069763 0.3351851999759674 0.706250011920929 0.34074074029922485 0.6770833134651184 0.33888888359069824 0.6760416626930237 0.33703702688217163 0.6791666746139526 0.3351851999759674 0.6468750238418579 0.3296296298503876 0.6208333373069763 0.3296296298503876 0.6031249761581421 0.3203703761100769 0.5927083492279053 0.3203703761100769 0.5864583253860474 0.32592591643333435 0.5697916746139526 0.32592591643333435 0.5708333253860474 0.3222222328186035 0.5395833253860474 0.32407405972480774 0.5249999761581421 0.3185185194015503 0.5333333611488342 0.3166666626930237 0.5302083492279053 0.3166666626930237 0.5302083492279053 0.31296294927597046 0.5406249761581421 0.31481480598449707 0.5427083373069763 0.31296294927597046 0.5052083134651184 0.3055555522441864 0.503125011920929 0.3055555522441864 0.5104166865348816 0.31481480598449707 0.5062500238418579 0.3185185194015503
3 0.4322916567325592 0.35185185074806213 0.43437498807907104 0.35185185074806213 0.4375 0.35740742087364197 0.4479166567325592 0.35740742087364197 0.4489583373069763 0.35555556416511536 0.44999998807907104 0.35555556416511536 0.45104166865348816 0.35370370745658875 0.4520833194255829 0.35370370745658875 0.43541666865348816 0.35370370745658875 0.43437498807907104 0.35185185074806213
3 0.39270833134651184 0.3481481373310089 0.39895832538604736 0.3481481373310089 0.4000000059604645 0.3462963104248047 0.4052083194255829 0.3462963104248047 0.40625 0.3481481373310089 0.4072916805744171 0.3462963104248047 0.4114583432674408 0.3462963104248047 0.4124999940395355 0.3481481373310089 0.41354167461395264 0.3481481373310089 0.4166666567325592 0.3444444537162781 0.41874998807907104 0.3444444537162781 0.421875 0.3481481373310089 0.42916667461395264 0.3481481373310089 0.43020832538604736 0.3462963104248047 0.4312500059604645 0.3481481373310089 0.4333333373069763 0.3481481373310089 0.43437498807907104 0.3462963104248047 0.4385416805744171 0.3462963104248047 0.43958333134651184 0.3481481373310089 0.44062501192092896 0.3462963104248047 0.4583333432674408 0.3462963104248047 0.4593749940395355 0.3444444537162781 0.46041667461395264 0.33888888359069824 0.4625000059604645 0.3351851999759674 0.4635416567325592 0.3351851999759674 0.4635416567325592 0.3333333432674408 0.46666666865348816 0.32777777314186096 0.46666666865348816 0.3185185194015503 0.46562498807907104 0.3185185194015503 0.4645833373069763 0.3166666626930237 0.4625000059604645 0.3166666626930237 0.46145832538604736 0.31481480598449707 0.46041667461395264 0.31481480598449707 0.4583333432674408 0.31111112236976624 0.4572916626930237 0.31296294927597046 0.4541666805744171 0.307407408952713 0.4520833194255829 0.307407408952713 0.45104166865348816 0.3055555522441864 0.4489583373069763 0.3055555522441864 0.4479166567325592 0.307407408952713 0.4468750059604645 0.3055555522441864 0.4468750059604645 0.3037036955356598 0.44479167461395264 0.3037036955356598 0.4437499940395355 0.3018518388271332 0.4385416805744171 0.3018518388271332 0.43541666865348816 0.29814815521240234 0.43020832538604736 0.29814815521240234 0.4270833432674408 0.2944444417953491 0.42395833134651184 0.2944444417953491 0.4229166805744171 0.29629629850387573 0.41874998807907104 0.29629629850387573 0.39791667461395264 0.3333333432674408 0.39791667461395264 0.3351851999759674 0.39270833134651184 0.3444444537162781
4 0.5166666507720947 0.6555555462837219 0.5 0.6259258985519409 0.5010416507720947 0.6666666865348816 0.46145832538604736 0.6074073910713196 0.46041667461395264 0.5981481671333313 0.4677083194255829 0.5870370268821716 0.4520833194255829 0.5648148059844971 0.4416666626930237 0.5703703761100769 0.44999998807907104 0.5888888835906982 0.44479167461395264 0.5981481671333313 0.43437498807907104 0.5981481671333313 0.4156250059604645 0.5796296000480652 0.41354167461395264 0.5703703761100769 0.421875 0.5574073791503906 0.40937501192092896 0.5425925850868225 0.39270833134651184 0.5388888716697693 0.38229167461395264 0.550000011920929 0.38333332538604736 0.5740740895271301 0.3760416805744171 0.5814814567565918 0.3541666567325592 0.5759259462356567 0.3229166567325592 0.585185170173645 0.3229166567325592 0.5592592358589172 0.33645832538604736 0.5555555820465088 0.3427083194255829 0.5444444417953491 0.33020833134651184 0.5407407283782959 0.2645833194255829 0.5574073791503906 0.14479166269302368 0.6111111044883728 0.0 0.7518518567085266 0.0 0.7870370149612427 0.01354166679084301 0.7851851582527161 0.01354166679084301 0.8018518686294556 0.0 0.8240740895271301 0.0 0.9981481432914734 0.34062498807907104 0.9981481432914734 0.4749999940395355 0.8092592358589172 0.5020833611488342 0.7240740656852722 0.5062500238418579 0.6962962746620178 0.5020833611488342 0.6685185432434082 0.5052083134651184 0.6592592597007751 0.5135416388511658 0.6703703999519348
